step,active_motive,motive_1,motive_2,motive_3,motive_4,motive_5,motive_6,motive_7,motive_8
0,,0.8631,0.6233,0.3309,0.06356,0.31098,0.32518,0.72961,0.63756
1,,0.7751,0.5358,0.2654,0.02156,0.28898,0.28368,0.66411,0.54956
2,,0.6871,0.4483,0.1999,-0.02044,0.26698,0.24218,0.59861,0.46156
3,4,0.5991,0.3608,0.1344,1.0,0.24498,0.20068,0.53311,0.37356
4,,0.5111,0.2733,0.0689,0.958,0.22298,0.15918,0.46761,0.28556
5,,0.4231,0.1858,0.0034,0.916,0.20098,0.11768,0.40211,0.19756
6,,0.3351,0.0983,-0.0621,0.874,0.17898,0.07618,0.33661,0.10956
7,3,0.2471,0.0108,1.0,0.832,0.15698,0.03468,0.27111,0.02156
8,,0.1591,-0.0767,0.9345,0.79,0.13498,-0.00682,0.20561,-0.06644
9,2,0.0711,1.0,0.869,0.748,0.11298,-0.04832,0.14011,-0.15444
10,8,-0.0169,0.9125,0.8035,0.706,0.09098,-0.08982,0.07461,1.0
11,6,-0.1049,0.825,0.738,0.664,0.06898,1.0,0.00911,0.912
12,1,1.0,0.7375,0.6725,0.622,0.04698,0.9585,-0.05639,0.824
13,7,0.912,0.65,0.607,0.58,0.02498,0.917,1.0,0.736
14,,0.824,0.5625,0.5415,0.538,0.00298,0.8755,0.9345,0.648
15,,0.736,0.475,0.476,0.496,-0.01902,0.834,0.869,0.56
16,5,0.648,0.3875,0.4105,0.454,1.0,0.7925,0.8035,0.472
17,,0.56,0.3,0.345,0.412,0.978,0.751,0.738,0.384
18,,0.472,0.2125,0.2795,0.37,0.956,0.7095,0.6725,0.296
19,,0.384,0.125,0.214,0.328,0.934,0.668,0.607,0.208
20,,0.296,0.0375,0.1485,0.286,0.912,0.6265,0.5415,0.12
21,,0.208,-0.05,0.083,0.244,0.89,0.585,0.476,0.032
22,2,0.12,1.0,0.0175,0.202,0.868,0.5435,0.4105,-0.056
23,8,0.032,0.9125,-0.048,0.16,0.846,0.502,0.345,1.0
24,3,-0.056,0.825,1.0,0.118,0.824,0.4605,0.2795,0.912
25,1,1.0,0.7375,0.9345,0.076,0.802,0.419,0.214,0.824
26,,0.912,0.65,0.869,0.034,0.78,0.3775,0.1485,0.736
27,,0.824,0.5625,0.8035,-0.008,0.758,0.336,0.083,0.648
28,4,0.736,0.475,0.738,1.0,0.736,0.2945,0.0175,0.56
29,,0.648,0.3875,0.6725,0.958,0.714,0.253,-0.048,0.472
30,7,0.56,0.3,0.607,0.916,0.692,0.2115,1.0,0.384
31,,0.472,0.2125,0.5415,0.874,0.67,0.17,0.9345,0.296
32,,0.384,0.125,0.476,0.832,0.648,0.1285,0.869,0.208
33,,0.296,0.0375,0.4105,0.79,0.626,0.087,0.8035,0.12
34,,0.208,-0.05,0.345,0.748,0.604,0.0455,0.738,0.032
35,2,0.12,1.0,0.2795,0.706,0.582,0.004,0.6725,-0.056
36,8,0.032,0.9125,0.214,0.664,0.56,-0.0375,0.607,1.0
37,6,-0.056,0.825,0.1485,0.622,0.538,1.0,0.5415,0.912
38,1,1.0,0.7375,0.083,0.58,0.516,0.9585,0.476,0.824
39,,0.912,0.65,0.0175,0.538,0.494,0.917,0.4105,0.736
40,,0.824,0.5625,-0.048,0.496,0.472,0.8755,0.345,0.648
41,3,0.736,0.475,1.0,0.454,0.45,0.834,0.2795,0.56
42,,0.648,0.3875,0.9345,0.412,0.428,0.7925,0.214,0.472
43,,0.56,0.3,0.869,0.37,0.406,0.751,0.1485,0.384
44,,0.472,0.2125,0.8035,0.328,0.384,0.7095,0.083,0.296
45,,0.384,0.125,0.738,0.286,0.362,0.668,0.0175,0.208
46,,0.296,0.0375,0.6725,0.244,0.34,0.6265,-0.048,0.12
47,7,0.208,-0.05,0.607,0.202,0.318,0.585,1.0,0.032
48,2,0.12,1.0,0.5415,0.16,0.296,0.5435,0.9345,-0.056
49,8,0.032,0.9125,0.476,0.118,0.274,0.502,0.869,1.0
50,,-0.056,0.825,0.4105,0.076,0.252,0.4605,0.8035,0.912
51,1,1.0,0.7375,0.345,0.034,0.23,0.419,0.738,0.824
52,,0.912,0.65,0.2795,-0.008,0.208,0.3775,0.6725,0.736
53,4,0.824,0.5625,0.214,1.0,0.186,0.336,0.607,0.648
54,,0.736,0.475,0.1485,0.958,0.164,0.2945,0.5415,0.56
55,,0.648,0.3875,0.083,0.916,0.142,0.253,0.476,0.472
56,,0.56,0.3,0.0175,0.874,0.12,0.2115,0.4105,0.384
57,,0.472,0.2125,-0.048,0.832,0.098,0.17,0.345,0.296
58,3,0.384,0.125,1.0,0.79,0.076,0.1285,0.2795,0.208
59,,0.296,0.0375,0.9345,0.748,0.054,0.087,0.214,0.12
60,,0.208,-0.05,0.869,0.706,0.032,0.0455,0.1485,0.032
61,2,0.12,1.0,0.8035,0.664,0.01,0.004,0.083,-0.056
62,8,0.032,0.9125,0.738,0.622,-0.012,-0.0375,0.0175,1.0
63,6,-0.056,0.825,0.6725,0.58,-0.034,1.0,-0.048,0.912
64,1,1.0,0.7375,0.607,0.538,-0.056,0.9585,-0.1135,0.824
65,7,0.912,0.65,0.5415,0.496,-0.078,0.917,1.0,0.736
66,5,0.824,0.5625,0.476,0.454,1.0,0.8755,0.9345,0.648
67,,0.736,0.475,0.4105,0.412,0.978,0.834,0.869,0.56
68,,0.648,0.3875,0.345,0.37,0.956,0.7925,0.8035,0.472
69,,0.56,0.3,0.2795,0.328,0.934,0.751,0.738,0.384
70,,0.472,0.2125,0.214,0.286,0.912,0.7095,0.6725,0.296
71,,0.384,0.125,0.1485,0.244,0.89,0.668,0.607,0.208
72,,0.296,0.0375,0.083,0.202,0.868,0.6265,0.5415,0.12
73,,0.208,-0.05,0.0175,0.16,0.846,0.585,0.476,0.032
74,2,0.12,1.0,-0.048,0.118,0.824,0.5435,0.4105,-0.056
75,8,0.032,0.9125,-0.1135,0.076,0.802,0.502,0.345,1.0
76,3,-0.056,0.825,1.0,0.034,0.78,0.4605,0.2795,0.912
77,1,1.0,0.7375,0.9345,-0.008,0.758,0.419,0.214,0.824
78,4,0.912,0.65,0.869,1.0,0.736,0.3775,0.1485,0.736
79,,0.824,0.5625,0.8035,0.958,0.714,0.336,0.083,0.648
80,,0.736,0.475,0.738,0.916,0.692,0.2945,0.0175,0.56
81,,0.648,0.3875,0.6725,0.874,0.67,0.253,-0.048,0.472
82,7,0.56,0.3,0.607,0.832,0.648,0.2115,1.0,0.384
83,,0.472,0.2125,0.5415,0.79,0.626,0.17,0.9345,0.296
84,,0.384,0.125,0.476,0.748,0.604,0.1285,0.869,0.208
85,,0.296,0.0375,0.4105,0.706,0.582,0.087,0.8035,0.12
86,,0.208,-0.05,0.345,0.664,0.56,0.0455,0.738,0.032
87,2,0.12,1.0,0.2795,0.622,0.538,0.004,0.6725,-0.056
88,8,0.032,0.9125,0.214,0.58,0.516,-0.0375,0.607,1.0
89,6,-0.056,0.825,0.1485,0.538,0.494,1.0,0.5415,0.912
90,1,1.0,0.7375,0.083,0.496,0.472,0.9585,0.476,0.824
91,,0.912,0.65,0.0175,0.454,0.45,0.917,0.4105,0.736
92,,0.824,0.5625,-0.048,0.412,0.428,0.8755,0.345,0.648
93,3,0.736,0.475,1.0,0.37,0.406,0.834,0.2795,0.56
94,,0.648,0.3875,0.9345,0.328,0.384,0.7925,0.214,0.472
95,,0.56,0.3,0.869,0.286,0.362,0.751,0.1485,0.384
96,,0.472,0.2125,0.8035,0.244,0.34,0.7095,0.083,0.296
97,,0.384,0.125,0.738,0.202,0.318,0.668,0.0175,0.208
98,,0.296,0.0375,0.6725,0.16,0.296,0.6265,-0.048,0.12
99,7,0.208,-0.05,0.607,0.118,0.274,0.585,1.0,0.032
100,2,0.12,1.0,0.5415,0.076,0.252,0.5435,0.9345,-0.056
101,8,0.032,0.9125,0.476,0.034,0.23,0.502,0.869,1.0
102,,-0.056,0.825,0.4105,-0.008,0.208,0.4605,0.8035,0.912
103,1,1.0,0.7375,0.345,-0.05,0.186,0.419,0.738,0.824
104,4,0.912,0.65,0.2795,1.0,0.164,0.3775,0.6725,0.736
105,,0.824,0.5625,0.214,0.958,0.142,0.336,0.607,0.648
106,,0.736,0.475,0.1485,0.916,0.12,0.2945,0.5415,0.56
107,,0.648,0.3875,0.083,0.874,0.098,0.253,0.476,0.472
108,,0.56,0.3,0.0175,0.832,0.076,0.2115,0.4105,0.384
109,,0.472,0.2125,-0.048,0.79,0.054,0.17,0.345,0.296
110,3,0.384,0.125,1.0,0.748,0.032,0.1285,0.2795,0.208
111,,0.296,0.0375,0.9345,0.706,0.01,0.087,0.214,0.12
112,,0.208,-0.05,0.869,0.664,-0.012,0.0455,0.1485,0.032
113,2,0.12,1.0,0.8035,0.622,-0.034,0.004,0.083,-0.056
114,8,0.032,0.9125,0.738,0.58,-0.056,-0.0375,0.0175,1.0
115,5,-0.056,0.825,0.6725,0.538,1.0,-0.079,-0.048,0.912
116,6,-0.144,0.7375,0.607,0.496,0.978,1.0,-0.1135,0.824
117,1,1.0,0.65,0.5415,0.454,0.956,0.9585,-0.179,0.736
118,7,0.912,0.5625,0.476,0.412,0.934,0.917,1.0,0.648
119,,0.824,0.475,0.4105,0.37,0.912,0.8755,0.9345,0.56
120,,0.736,0.3875,0.345,0.328,0.89,0.834,0.869,0.472
121,,0.648,0.3,0.2795,0.286,0.868,0.7925,0.8035,0.384
122,,0.56,0.2125,0.214,0.244,0.846,0.751,0.738,0.296
123,,0.472,0.125,0.1485,0.202,0.824,0.7095,0.6725,0.208
124,,0.384,0.0375,0.083,0.16,0.802,0.668,0.607,0.12
125,,0.296,-0.05,0.0175,0.118,0.78,0.6265,0.5415,0.032
126,2,0.208,1.0,-0.048,0.076,0.758,0.585,0.476,-0.056
127,8,0.12,0.9125,-0.1135,0.034,0.736,0.5435,0.4105,1.0
128,3,0.032,0.825,1.0,-0.008,0.714,0.502,0.345,0.912
129,4,-0.056,0.7375,0.9345,1.0,0.692,0.4605,0.2795,0.824
130,1,1.0,0.65,0.869,0.958,0.67,0.419,0.214,0.736
131,,0.912,0.5625,0.8035,0.916,0.648,0.3775,0.1485,0.648
132,,0.824,0.475,0.738,0.874,0.626,0.336,0.083,0.56
133,,0.736,0.3875,0.6725,0.832,0.604,0.2945,0.0175,0.472
134,,0.648,0.3,0.607,0.79,0.582,0.253,-0.048,0.384
135,7,0.56,0.2125,0.5415,0.748,0.56,0.2115,1.0,0.296
136,,0.472,0.125,0.476,0.706,0.538,0.17,0.9345,0.208
137,,0.384,0.0375,0.4105,0.664,0.516,0.1285,0.869,0.12
138,,0.296,-0.05,0.345,0.622,0.494,0.087,0.8035,0.032
139,2,0.208,1.0,0.2795,0.58,0.472,0.0455,0.738,-0.056
140,8,0.12,0.9125,0.214,0.538,0.45,0.004,0.6725,1.0
141,,0.032,0.825,0.1485,0.496,0.428,-0.0375,0.607,0.912
142,6,-0.056,0.7375,0.083,0.454,0.406,1.0,0.5415,0.824
143,1,1.0,0.65,0.0175,0.412,0.384,0.9585,0.476,0.736
144,,0.912,0.5625,-0.048,0.37,0.362,0.917,0.4105,0.648
145,3,0.824,0.475,1.0,0.328,0.34,0.8755,0.345,0.56
146,,0.736,0.3875,0.9345,0.286,0.318,0.834,0.2795,0.472
147,,0.648,0.3,0.869,0.244,0.296,0.7925,0.214,0.384
148,,0.56,0.2125,0.8035,0.202,0.274,0.751,0.1485,0.296
149,,0.472,0.125,0.738,0.16,0.252,0.7095,0.083,0.208
150,,0.384,0.0375,0.6725,0.118,0.23,0.668,0.0175,0.12
151,,0.296,-0.05,0.607,0.076,0.208,0.6265,-0.048,0.032
152,2,0.208,1.0,0.5415,0.034,0.186,0.585,-0.1135,-0.056
153,7,0.12,0.9125,0.476,-0.008,0.164,0.5435,1.0,-0.144
154,8,0.032,0.825,0.4105,-0.05,0.142,0.502,0.9345,1.0
155,4,-0.056,0.7375,0.345,1.0,0.12,0.4605,0.869,0.912
156,1,1.0,0.65,0.2795,0.958,0.098,0.419,0.8035,0.824
157,,0.912,0.5625,0.214,0.916,0.076,0.3775,0.738,0.736
158,,0.824,0.475,0.1485,0.874,0.054,0.336,0.6725,0.648
159,,0.736,0.3875,0.083,0.832,0.032,0.2945,0.607,0.56
160,,0.648,0.3,0.0175,0.79,0.01,0.253,0.5415,0.472
161,,0.56,0.2125,-0.048,0.748,-0.012,0.2115,0.476,0.384
162,3,0.472,0.125,1.0,0.706,-0.034,0.17,0.4105,0.296
163,5,0.384,0.0375,0.9345,0.664,1.0,0.1285,0.345,0.208
164,,0.296,-0.05,0.869,0.622,0.978,0.087,0.2795,0.12
165,2,0.208,1.0,0.8035,0.58,0.956,0.0455,0.214,0.032
166,,0.12,0.9125,0.738,0.538,0.934,0.004,0.1485,-0.056
167,8,0.032,0.825,0.6725,0.496,0.912,-0.0375,0.083,1.0
168,6,-0.056,0.7375,0.607,0.454,0.89,1.0,0.0175,0.912
169,1,1.0,0.65,0.5415,0.412,0.868,0.9585,-0.048,0.824
170,7,0.912,0.5625,0.476,0.37,0.846,0.917,1.0,0.736
171,,0.824,0.475,0.4105,0.328,0.824,0.8755,0.9345,0.648
172,,0.736,0.3875,0.345,0.286,0.802,0.834,0.869,0.56
173,,0.648,0.3,0.2795,0.244,0.78,0.7925,0.8035,0.472
174,,0.56,0.2125,0.214,0.202,0.758,0.751,0.738,0.384
175,,0.472,0.125,0.1485,0.16,0.736,0.7095,0.6725,0.296
176,,0.384,0.0375,0.083,0.118,0.714,0.668,0.607,0.208
177,,0.296,-0.05,0.0175,0.076,0.692,0.6265,0.5415,0.12
178,2,0.208,1.0,-0.048,0.034,0.67,0.585,0.476,0.032
179,3,0.12,0.9125,1.0,-0.008,0.648,0.5435,0.4105,-0.056
180,8,0.032,0.825,0.9345,-0.05,0.626,0.502,0.345,1.0
181,4,-0.056,0.7375,0.869,1.0,0.604,0.4605,0.2795,0.912
182,1,1.0,0.65,0.8035,0.958,0.582,0.419,0.214,0.824
183,,0.912,0.5625,0.738,0.916,0.56,0.3775,0.1485,0.736
184,,0.824,0.475,0.6725,0.874,0.538,0.336,0.083,0.648
185,,0.736,0.3875,0.607,0.832,0.516,0.2945,0.0175,0.56
186,,0.648,0.3,0.5415,0.79,0.494,0.253,-0.048,0.472
187,7,0.56,0.2125,0.476,0.748,0.472,0.2115,1.0,0.384
188,,0.472,0.125,0.4105,0.706,0.45,0.17,0.9345,0.296
189,,0.384,0.0375,0.345,0.664,0.428,0.1285,0.869,0.208
190,,0.296,-0.05,0.2795,0.622,0.406,0.087,0.8035,0.12
191,2,0.208,1.0,0.214,0.58,0.384,0.0455,0.738,0.032
192,,0.12,0.9125,0.1485,0.538,0.362,0.004,0.6725,-0.056
193,8,0.032,0.825,0.083,0.496,0.34,-0.0375,0.607,1.0
194,6,-0.056,0.7375,0.0175,0.454,0.318,1.0,0.5415,0.912
195,1,1.0,0.65,-0.048,0.412,0.296,0.9585,0.476,0.824
196,3,0.912,0.5625,1.0,0.37,0.274,0.917,0.4105,0.736
197,,0.824,0.475,0.9345,0.328,0.252,0.8755,0.345,0.648
198,,0.736,0.3875,0.869,0.286,0.23,0.834,0.2795,0.56
199,,0.648,0.3,0.8035,0.244,0.208,0.7925,0.214,0.472
200,,0.56,0.2125,0.738,0.202,0.186,0.751,0.1485,0.384
201,,0.472,0.125,0.6725,0.16,0.164,0.7095,0.083,0.296
202,,0.384,0.0375,0.607,0.118,0.142,0.668,0.0175,0.208
203,,0.296,-0.05,0.5415,0.076,0.12,0.6265,-0.048,0.12
204,2,0.208,1.0,0.476,0.034,0.098,0.585,-0.1135,0.032
205,7,0.12,0.9125,0.4105,-0.008,0.076,0.5435,1.0,-0.056
206,8,0.032,0.825,0.345,-0.05,0.054,0.502,0.9345,1.0
207,4,-0.056,0.7375,0.2795,1.0,0.032,0.4605,0.869,0.912
208,1,1.0,0.65,0.214,0.958,0.01,0.419,0.8035,0.824
209,,0.912,0.5625,0.1485,0.916,-0.012,0.3775,0.738,0.736
210,5,0.824,0.475,0.083,0.874,1.0,0.336,0.6725,0.648
211,,0.736,0.3875,0.0175,0.832,0.978,0.2945,0.607,0.56
212,,0.648,0.3,-0.048,0.79,0.956,0.253,0.5415,0.472
213,3,0.56,0.2125,1.0,0.748,0.934,0.2115,0.476,0.384
214,,0.472,0.125,0.9345,0.706,0.912,0.17,0.4105,0.296
215,,0.384,0.0375,0.869,0.664,0.89,0.1285,0.345,0.208
216,,0.296,-0.05,0.8035,0.622,0.868,0.087,0.2795,0.12
217,2,0.208,1.0,0.738,0.58,0.846,0.0455,0.214,0.032
218,,0.12,0.9125,0.6725,0.538,0.824,0.004,0.1485,-0.056
219,8,0.032,0.825,0.607,0.496,0.802,-0.0375,0.083,1.0
220,6,-0.056,0.7375,0.5415,0.454,0.78,1.0,0.0175,0.912
221,1,1.0,0.65,0.476,0.412,0.758,0.9585,-0.048,0.824
222,7,0.912,0.5625,0.4105,0.37,0.736,0.917,1.0,0.736
223,,0.824,0.475,0.345,0.328,0.714,0.8755,0.9345,0.648
224,,0.736,0.3875,0.2795,0.286,0.692,0.834,0.869,0.56
225,,0.648,0.3,0.214,0.244,0.67,0.7925,0.8035,0.472
226,,0.56,0.2125,0.1485,0.202,0.648,0.751,0.738,0.384
227,,0.472,0.125,0.083,0.16,0.626,0.7095,0.6725,0.296
228,,0.384,0.0375,0.0175,0.118,0.604,0.668,0.607,0.208
229,,0.296,-0.05,-0.048,0.076,0.582,0.6265,0.5415,0.12
230,2,0.208,1.0,-0.1135,0.034,0.56,0.585,0.476,0.032
231,3,0.12,0.9125,1.0,-0.008,0.538,0.5435,0.4105,-0.056
232,8,0.032,0.825,0.9345,-0.05,0.516,0.502,0.345,1.0
233,4,-0.056,0.7375,0.869,1.0,0.494,0.4605,0.2795,0.912
234,1,1.0,0.65,0.8035,0.958,0.472,0.419,0.214,0.824
235,,0.912,0.5625,0.738,0.916,0.45,0.3775,0.1485,0.736
236,,0.824,0.475,0.6725,0.874,0.428,0.336,0.083,0.648
237,,0.736,0.3875,0.607,0.832,0.406,0.2945,0.0175,0.56
238,,0.648,0.3,0.5415,0.79,0.384,0.253,-0.048,0.472
239,7,0.56,0.2125,0.476,0.748,0.362,0.2115,1.0,0.384
240,,0.472,0.125,0.4105,0.706,0.34,0.17,0.9345,0.296
241,,0.384,0.0375,0.345,0.664,0.318,0.1285,0.869,0.208
242,,0.296,-0.05,0.2795,0.622,0.296,0.087,0.8035,0.12
243,2,0.208,1.0,0.214,0.58,0.274,0.0455,0.738,0.032
244,,0.12,0.9125,0.1485,0.538,0.252,0.004,0.6725,-0.056
245,8,0.032,0.825,0.083,0.496,0.23,-0.0375,0.607,1.0
246,6,-0.056,0.7375,0.0175,0.454,0.208,1.0,0.5415,0.912
247,1,1.0,0.65,-0.048,0.412,0.186,0.9585,0.476,0.824
248,3,0.912,0.5625,1.0,0.37,0.164,0.917,0.4105,0.736
249,,0.824,0.475,0.9345,0.328,0.142,0.8755,0.345,0.648
250,,0.736,0.3875,0.869,0.286,0.12,0.834,0.2795,0.56
251,,0.648,0.3,0.8035,0.244,0.098,0.7925,0.214,0.472
252,,0.56,0.2125,0.738,0.202,0.076,0.751,0.1485,0.384
253,,0.472,0.125,0.6725,0.16,0.054,0.7095,0.083,0.296
254,,0.384,0.0375,0.607,0.118,0.032,0.668,0.0175,0.208
255,,0.296,-0.05,0.5415,0.076,0.01,0.6265,-0.048,0.12
256,2,0.208,1.0,0.476,0.034,-0.012,0.585,-0.1135,0.032
257,7,0.12,0.9125,0.4105,-0.008,-0.034,0.5435,1.0,-0.056
258,8,0.032,0.825,0.345,-0.05,-0.056,0.502,0.9345,1.0
259,5,-0.056,0.7375,0.2795,-0.092,1.0,0.4605,0.869,0.912
260,4,-0.144,0.65,0.214,1.0,0.978,0.419,0.8035,0.824
261,1,1.0,0.5625,0.1485,0.958,0.956,0.3775,0.738,0.736
262,,0.912,0.475,0.083,0.916,0.934,0.336,0.6725,0.648
263,,0.824,0.3875,0.0175,0.874,0.912,0.2945,0.607,0.56
264,,0.736,0.3,-0.048,0.832,0.89,0.253,0.5415,0.472
265,3,0.648,0.2125,1.0,0.79,0.868,0.2115,0.476,0.384
266,,0.56,0.125,0.9345,0.748,0.846,0.17,0.4105,0.296
267,,0.472,0.0375,0.869,0.706,0.824,0.1285,0.345,0.208
268,,0.384,-0.05,0.8035,0.664,0.802,0.087,0.2795,0.12
269,2,0.296,1.0,0.738,0.622,0.78,0.0455,0.214,0.032
270,,0.208,0.9125,0.6725,0.58,0.758,0.004,0.1485,-0.056
271,8,0.12,0.825,0.607,0.538,0.736,-0.0375,0.083,1.0
272,6,0.032,0.7375,0.5415,0.496,0.714,1.0,0.0175,0.912
273,,-0.056,0.65,0.476,0.454,0.692,0.9585,-0.048,0.824
274,1,1.0,0.5625,0.4105,0.412,0.67,0.917,-0.1135,0.736
275,7,0.912,0.475,0.345,0.37,0.648,0.8755,1.0,0.648
276,,0.824,0.3875,0.2795,0.328,0.626,0.834,0.9345,0.56
277,,0.736,0.3,0.214,0.286,0.604,0.7925,0.869,0.472
278,,0.648,0.2125,0.1485,0.244,0.582,0.751,0.8035,0.384
279,,0.56,0.125,0.083,0.202,0.56,0.7095,0.738,0.296
280,,0.472,0.0375,0.0175,0.16,0.538,0.668,0.6725,0.208
281,,0.384,-0.05,-0.048,0.118,0.516,0.6265,0.607,0.12
282,2,0.296,1.0,-0.1135,0.076,0.494,0.585,0.5415,0.032
283,3,0.208,0.9125,1.0,0.034,0.472,0.5435,0.476,-0.056
284,8,0.12,0.825,0.9345,-0.008,0.45,0.502,0.4105,1.0
285,4,0.032,0.7375,0.869,1.0,0.428,0.4605,0.345,0.912
286,,-0.056,0.65,0.8035,0.958,0.406,0.419,0.2795,0.824
287,1,1.0,0.5625,0.738,0.916,0.384,0.3775,0.214,0.736
288,,0.912,0.475,0.6725,0.874,0.362,0.336,0.1485,0.648
289,,0.824,0.3875,0.607,0.832,0.34,0.2945,0.083,0.56
290,,0.736,0.3,0.5415,0.79,0.318,0.253,0.0175,0.472
291,,0.648,0.2125,0.476,0.748,0.296,0.2115,-0.048,0.384
292,7,0.56,0.125,0.4105,0.706,0.274,0.17,1.0,0.296
293,,0.472,0.0375,0.345,0.664,0.252,0.1285,0.9345,0.208
294,,0.384,-0.05,0.2795,0.622,0.23,0.087,0.869,0.12
295,2,0.296,1.0,0.214,0.58,0.208,0.0455,0.8035,0.032
296,,0.208,0.9125,0.1485,0.538,0.186,0.004,0.738,-0.056
297,8,0.12,0.825,0.083,0.496,0.164,-0.0375,0.6725,1.0
298,6,0.032,0.7375,0.0175,0.454,0.142,1.0,0.607,0.912
299,,-0.056,0.65,-0.048,0.412,0.12,0.9585,0.5415,0.824
300,1,1.0,0.5625,-0.1135,0.37,0.098,0.917,0.476,0.736
301,3,0.912,0.475,1.0,0.328,0.076,0.8755,0.4105,0.648
302,,0.824,0.3875,0.9345,0.286,0.054,0.834,0.345,0.56
303,,0.736,0.3,0.869,0.244,0.032,0.7925,0.2795,0.472
304,,0.648,0.2125,0.8035,0.202,0.01,0.751,0.214,0.384
305,,0.56,0.125,0.738,0.16,-0.012,0.7095,0.1485,0.296
306,5,0.472,0.0375,0.6725,0.118,1.0,0.668,0.083,0.208
307,,0.384,-0.05,0.607,0.076,0.978,0.6265,0.0175,0.12
308,2,0.296,1.0,0.5415,0.034,0.956,0.585,-0.048,0.032
309,7,0.208,0.9125,0.476,-0.008,0.934,0.5435,1.0,-0.056
310,8,0.12,0.825,0.4105,-0.05,0.912,0.502,0.9345,1.0
311,4,0.032,0.7375,0.345,1.0,0.89,0.4605,0.869,0.912
312,,-0.056,0.65,0.2795,0.958,0.868,0.419,0.8035,0.824
313,1,1.0,0.5625,0.214,0.916,0.846,0.3775,0.738,0.736
314,,0.912,0.475,0.1485,0.874,0.824,0.336,0.6725,0.648
315,,0.824,0.3875,0.083,0.832,0.802,0.2945,0.607,0.56
316,,0.736,0.3,0.0175,0.79,0.78,0.253,0.5415,0.472
317,,0.648,0.2125,-0.048,0.748,0.758,0.2115,0.476,0.384
318,3,0.56,0.125,1.0,0.706,0.736,0.17,0.4105,0.296
319,,0.472,0.0375,0.9345,0.664,0.714,0.1285,0.345,0.208
320,,0.384,-0.05,0.869,0.622,0.692,0.087,0.2795,0.12
321,2,0.296,1.0,0.8035,0.58,0.67,0.0455,0.214,0.032
322,,0.208,0.9125,0.738,0.538,0.648,0.004,0.1485,-0.056
323,8,0.12,0.825,0.6725,0.496,0.626,-0.0375,0.083,1.0
324,6,0.032,0.7375,0.607,0.454,0.604,1.0,0.0175,0.912
325,,-0.056,0.65,0.5415,0.412,0.582,0.9585,-0.048,0.824
326,1,1.0,0.5625,0.476,0.37,0.56,0.917,-0.1135,0.736
327,7,0.912,0.475,0.4105,0.328,0.538,0.8755,1.0,0.648
328,,0.824,0.3875,0.345,0.286,0.516,0.834,0.9345,0.56
329,,0.736,0.3,0.2795,0.244,0.494,0.7925,0.869,0.472
330,,0.648,0.2125,0.214,0.202,0.472,0.751,0.8035,0.384
331,,0.56,0.125,0.1485,0.16,0.45,0.7095,0.738,0.296
332,,0.472,0.0375,0.083,0.118,0.428,0.668,0.6725,0.208
333,,0.384,-0.05,0.0175,0.076,0.406,0.6265,0.607,0.12
334,2,0.296,1.0,-0.048,0.034,0.384,0.585,0.5415,0.032
335,3,0.208,0.9125,1.0,-0.008,0.362,0.5435,0.476,-0.056
336,8,0.12,0.825,0.9345,-0.05,0.34,0.502,0.4105,1.0
337,4,0.032,0.7375,0.869,1.0,0.318,0.4605,0.345,0.912
338,,-0.056,0.65,0.8035,0.958,0.296,0.419,0.2795,0.824
339,1,1.0,0.5625,0.738,0.916,0.274,0.3775,0.214,0.736
340,,0.912,0.475,0.6725,0.874,0.252,0.336,0.1485,0.648
341,,0.824,0.3875,0.607,0.832,0.23,0.2945,0.083,0.56
342,,0.736,0.3,0.5415,0.79,0.208,0.253,0.0175,0.472
343,,0.648,0.2125,0.476,0.748,0.186,0.2115,-0.048,0.384
344,7,0.56,0.125,0.4105,0.706,0.164,0.17,1.0,0.296
345,,0.472,0.0375,0.345,0.664,0.142,0.1285,0.9345,0.208
346,,0.384,-0.05,0.2795,0.622,0.12,0.087,0.869,0.12
347,2,0.296,1.0,0.214,0.58,0.098,0.0455,0.8035,0.032
348,,0.208,0.9125,0.1485,0.538,0.076,0.004,0.738,-0.056
349,8,0.12,0.825,0.083,0.496,0.054,-0.0375,0.6725,1.0
350,6,0.032,0.7375,0.0175,0.454,0.032,1.0,0.607,0.912
351,,-0.056,0.65,-0.048,0.412,0.01,0.9585,0.5415,0.824
352,1,1.0,0.5625,-0.1135,0.37,-0.012,0.917,0.476,0.736
353,3,0.912,0.475,1.0,0.328,-0.034,0.8755,0.4105,0.648
354,5,0.824,0.3875,0.9345,0.286,1.0,0.834,0.345,0.56
355,,0.736,0.3,0.869,0.244,0.978,0.7925,0.2795,0.472
356,,0.648,0.2125,0.8035,0.202,0.956,0.751,0.214,0.384
357,,0.56,0.125,0.738,0.16,0.934,0.7095,0.1485,0.296
358,,0.472,0.0375,0.6725,0.118,0.912,0.668,0.083,0.208
359,,0.384,-0.05,0.607,0.076,0.89,0.6265,0.0175,0.12
360,2,0.296,1.0,0.5415,0.034,0.868,0.585,-0.048,0.032
361,7,0.208,0.9125,0.476,-0.008,0.846,0.5435,1.0,-0.056
362,8,0.12,0.825,0.4105,-0.05,0.824,0.502,0.9345,1.0
363,4,0.032,0.7375,0.345,1.0,0.802,0.4605,0.869,0.912
364,,-0.056,0.65,0.2795,0.958,0.78,0.419,0.8035,0.824
365,1,1.0,0.5625,0.214,0.916,0.758,0.3775,0.738,0.736
366,,0.912,0.475,0.1485,0.874,0.736,0.336,0.6725,0.648
367,,0.824,0.3875,0.083,0.832,0.714,0.2945,0.607,0.56
368,,0.736,0.3,0.0175,0.79,0.692,0.253,0.5415,0.472
369,,0.648,0.2125,-0.048,0.748,0.67,0.2115,0.476,0.384
370,3,0.56,0.125,1.0,0.706,0.648,0.17,0.4105,0.296
371,,0.472,0.0375,0.9345,0.664,0.626,0.1285,0.345,0.208
372,,0.384,-0.05,0.869,0.622,0.604,0.087,0.2795,0.12
373,2,0.296,1.0,0.8035,0.58,0.582,0.0455,0.214,0.032
374,,0.208,0.9125,0.738,0.538,0.56,0.004,0.1485,-0.056
375,8,0.12,0.825,0.6725,0.496,0.538,-0.0375,0.083,1.0
376,6,0.032,0.7375,0.607,0.454,0.516,1.0,0.0175,0.912
377,,-0.056,0.65,0.5415,0.412,0.494,0.9585,-0.048,0.824
378,1,1.0,0.5625,0.476,0.37,0.472,0.917,-0.1135,0.736
379,7,0.912,0.475,0.4105,0.328,0.45,0.8755,1.0,0.648
380,,0.824,0.3875,0.345,0.286,0.428,0.834,0.9345,0.56
381,,0.736,0.3,0.2795,0.244,0.406,0.7925,0.869,0.472
382,,0.648,0.2125,0.214,0.202,0.384,0.751,0.8035,0.384
383,,0.56,0.125,0.1485,0.16,0.362,0.7095,0.738,0.296
384,,0.472,0.0375,0.083,0.118,0.34,0.668,0.6725,0.208
385,,0.384,-0.05,0.0175,0.076,0.318,0.6265,0.607,0.12
386,2,0.296,1.0,-0.048,0.034,0.296,0.585,0.5415,0.032
387,3,0.208,0.9125,1.0,-0.008,0.274,0.5435,0.476,-0.056
388,8,0.12,0.825,0.9345,-0.05,0.252,0.502,0.4105,1.0
389,4,0.032,0.7375,0.869,1.0,0.23,0.4605,0.345,0.912
390,,-0.056,0.65,0.8035,0.958,0.208,0.419,0.2795,0.824
391,1,1.0,0.5625,0.738,0.916,0.186,0.3775,0.214,0.736
392,,0.912,0.475,0.6725,0.874,0.164,0.336,0.1485,0.648
393,,0.824,0.3875,0.607,0.832,0.142,0.2945,0.083,0.56
394,,0.736,0.3,0.5415,0.79,0.12,0.253,0.0175,0.472
395,,0.648,0.2125,0.476,0.748,0.098,0.2115,-0.048,0.384
396,7,0.56,0.125,0.4105,0.706,0.076,0.17,1.0,0.296
397,,0.472,0.0375,0.345,0.664,0.054,0.1285,0.9345,0.208
398,,0.384,-0.05,0.2795,0.622,0.032,0.087,0.869,0.12
399,2,0.296,1.0,0.214,0.58,0.01,0.0455,0.8035,0.032
400,,0.208,0.9125,0.1485,0.538,-0.012,0.004,0.738,-0.056
401,8,0.12,0.825,0.083,0.496,-0.034,-0.0375,0.6725,1.0
402,6,0.032,0.7375,0.0175,0.454,-0.056,1.0,0.607,0.912
403,5,-0.056,0.65,-0.048,0.412,1.0,0.9585,0.5415,0.824
404,1,1.0,0.5625,-0.1135,0.37,0.978,0.917,0.476,0.736
405,3,0.912,0.475,1.0,0.328,0.956,0.8755,0.4105,0.648
406,,0.824,0.3875,0.9345,0.286,0.934,0.834,0.345,0.56
407,,0.736,0.3,0.869,0.244,0.912,0.7925,0.2795,0.472
408,,0.648,0.2125,0.8035,0.202,0.89,0.751,0.214,0.384
409,,0.56,0.125,0.738,0.16,0.868,0.7095,0.1485,0.296
410,,0.472,0.0375,0.6725,0.118,0.846,0.668,0.083,0.208
411,,0.384,-0.05,0.607,0.076,0.824,0.6265,0.0175,0.12
412,2,0.296,1.0,0.5415,0.034,0.802,0.585,-0.048,0.032
413,7,0.208,0.9125,0.476,-0.008,0.78,0.5435,1.0,-0.056
414,8,0.12,0.825,0.4105,-0.05,0.758,0.502,0.9345,1.0
415,4,0.032,0.7375,0.345,1.0,0.736,0.4605,0.869,0.912
416,,-0.056,0.65,0.2795,0.958,0.714,0.419,0.8035,0.824
417,1,1.0,0.5625,0.214,0.916,0.692,0.3775,0.738,0.736
418,,0.912,0.475,0.1485,0.874,0.67,0.336,0.6725,0.648
419,,0.824,0.3875,0.083,0.832,0.648,0.2945,0.607,0.56
420,,0.736,0.3,0.0175,0.79,0.626,0.253,0.5415,0.472
421,,0.648,0.2125,-0.048,0.748,0.604,0.2115,0.476,0.384
422,3,0.56,0.125,1.0,0.706,0.582,0.17,0.4105,0.296
423,,0.472,0.0375,0.9345,0.664,0.56,0.1285,0.345,0.208
424,,0.384,-0.05,0.869,0.622,0.538,0.087,0.2795,0.12
425,2,0.296,1.0,0.8035,0.58,0.516,0.0455,0.214,0.032
426,,0.208,0.9125,0.738,0.538,0.494,0.004,0.1485,-0.056
427,8,0.12,0.825,0.6725,0.496,0.472,-0.0375,0.083,1.0
428,6,0.032,0.7375,0.607,0.454,0.45,1.0,0.0175,0.912
429,,-0.056,0.65,0.5415,0.412,0.428,0.9585,-0.048,0.824
430,1,1.0,0.5625,0.476,0.37,0.406,0.917,-0.1135,0.736
431,7,0.912,0.475,0.4105,0.328,0.384,0.8755,1.0,0.648
432,,0.824,0.3875,0.345,0.286,0.362,0.834,0.9345,0.56
433,,0.736,0.3,0.2795,0.244,0.34,0.7925,0.869,0.472
434,,0.648,0.2125,0.214,0.202,0.318,0.751,0.8035,0.384
435,,0.56,0.125,0.1485,0.16,0.296,0.7095,0.738,0.296
436,,0.472,0.0375,0.083,0.118,0.274,0.668,0.6725,0.208
437,,0.384,-0.05,0.0175,0.076,0.252,0.6265,0.607,0.12
438,2,0.296,1.0,-0.048,0.034,0.23,0.585,0.5415,0.032
439,3,0.208,0.9125,1.0,-0.008,0.208,0.5435,0.476,-0.056
440,8,0.12,0.825,0.9345,-0.05,0.186,0.502,0.4105,1.0
441,4,0.032,0.7375,0.869,1.0,0.164,0.4605,0.345,0.912
442,,-0.056,0.65,0.8035,0.958,0.142,0.419,0.2795,0.824
443,1,1.0,0.5625,0.738,0.916,0.12,0.3775,0.214,0.736
444,,0.912,0.475,0.6725,0.874,0.098,0.336,0.1485,0.648
445,,0.824,0.3875,0.607,0.832,0.076,0.2945,0.083,0.56
446,,0.736,0.3,0.5415,0.79,0.054,0.253,0.0175,0.472
447,,0.648,0.2125,0.476,0.748,0.032,0.2115,-0.048,0.384
448,7,0.56,0.125,0.4105,0.706,0.01,0.17,1.0,0.296
449,,0.472,0.0375,0.345,0.664,-0.012,0.1285,0.9345,0.208
450,5,0.384,-0.05,0.2795,0.622,1.0,0.087,0.869,0.12
451,2,0.296,1.0,0.214,0.58,0.978,0.0455,0.8035,0.032
452,,0.208,0.9125,0.1485,0.538,0.956,0.004,0.738,-0.056
453,8,0.12,0.825,0.083,0.496,0.934,-0.0375,0.6725,1.0
454,6,0.032,0.7375,0.0175,0.454,0.912,1.0,0.607,0.912
455,,-0.056,0.65,-0.048,0.412,0.89,0.9585,0.5415,0.824
456,1,1.0,0.5625,-0.1135,0.37,0.868,0.917,0.476,0.736
457,3,0.912,0.475,1.0,0.328,0.846,0.8755,0.4105,0.648
458,,0.824,0.3875,0.9345,0.286,0.824,0.834,0.345,0.56
459,,0.736,0.3,0.869,0.244,0.802,0.7925,0.2795,0.472
460,,0.648,0.2125,0.8035,0.202,0.78,0.751,0.214,0.384
461,,0.56,0.125,0.738,0.16,0.758,0.7095,0.1485,0.296
462,,0.472,0.0375,0.6725,0.118,0.736,0.668,0.083,0.208
463,,0.384,-0.05,0.607,0.076,0.714,0.6265,0.0175,0.12
464,2,0.296,1.0,0.5415,0.034,0.692,0.585,-0.048,0.032
465,7,0.208,0.9125,0.476,-0.008,0.67,0.5435,1.0,-0.056
466,8,0.12,0.825,0.4105,-0.05,0.648,0.502,0.9345,1.0
467,4,0.032,0.7375,0.345,1.0,0.626,0.4605,0.869,0.912
468,,-0.056,0.65,0.2795,0.958,0.604,0.419,0.8035,0.824
469,1,1.0,0.5625,0.214,0.916,0.582,0.3775,0.738,0.736
470,,0.912,0.475,0.1485,0.874,0.56,0.336,0.6725,0.648
471,,0.824,0.3875,0.083,0.832,0.538,0.2945,0.607,0.56
472,,0.736,0.3,0.0175,0.79,0.516,0.253,0.5415,0.472
473,,0.648,0.2125,-0.048,0.748,0.494,0.2115,0.476,0.384
474,3,0.56,0.125,1.0,0.706,0.472,0.17,0.4105,0.296
475,,0.472,0.0375,0.9345,0.664,0.45,0.1285,0.345,0.208
476,,0.384,-0.05,0.869,0.622,0.428,0.087,0.2795,0.12
477,2,0.296,1.0,0.8035,0.58,0.406,0.0455,0.214,0.032
478,,0.208,0.9125,0.738,0.538,0.384,0.004,0.1485,-0.056
479,8,0.12,0.825,0.6725,0.496,0.362,-0.0375,0.083,1.0
480,6,0.032,0.7375,0.607,0.454,0.34,1.0,0.0175,0.912
481,,-0.056,0.65,0.5415,0.412,0.318,0.9585,-0.048,0.824
482,1,1.0,0.5625,0.476,0.37,0.296,0.917,-0.1135,0.736
483,7,0.912,0.475,0.4105,0.328,0.274,0.8755,1.0,0.648
484,,0.824,0.3875,0.345,0.286,0.252,0.834,0.9345,0.56
485,,0.736,0.3,0.2795,0.244,0.23,0.7925,0.869,0.472
486,,0.648,0.2125,0.214,0.202,0.208,0.751,0.8035,0.384
487,,0.56,0.125,0.1485,0.16,0.186,0.7095,0.738,0.296
488,,0.472,0.0375,0.083,0.118,0.164,0.668,0.6725,0.208
489,,0.384,-0.05,0.0175,0.076,0.142,0.6265,0.607,0.12
490,2,0.296,1.0,-0.048,0.034,0.12,0.585,0.5415,0.032
491,3,0.208,0.9125,1.0,-0.008,0.098,0.5435,0.476,-0.056
492,8,0.12,0.825,0.9345,-0.05,0.076,0.502,0.4105,1.0
493,4,0.032,0.7375,0.869,1.0,0.054,0.4605,0.345,0.912
494,,-0.056,0.65,0.8035,0.958,0.032,0.419,0.2795,0.824
495,1,1.0,0.5625,0.738,0.916,0.01,0.3775,0.214,0.736
496,,0.912,0.475,0.6725,0.874,-0.012,0.336,0.1485,0.648
497,5,0.824,0.3875,0.607,0.832,1.0,0.2945,0.083,0.56
498,,0.736,0.3,0.5415,0.79,0.978,0.253,0.0175,0.472
499,,0.648,0.2125,0.476,0.748,0.956,0.2115,-0.048,0.384
500,7,0.56,0.125,0.4105,0.706,0.934,0.17,1.0,0.296
501,,0.472,0.0375,0.345,0.664,0.912,0.1285,0.9345,0.208
502,,0.384,-0.05,0.2795,0.622,0.89,0.087,0.869,0.12
503,2,0.296,1.0,0.214,0.58,0.868,0.0455,0.8035,0.032
504,,0.208,0.9125,0.1485,0.538,0.846,0.004,0.738,-0.056
505,8,0.12,0.825,0.083,0.496,0.824,-0.0375,0.6725,1.0
506,6,0.032,0.7375,0.0175,0.454,0.802,1.0,0.607,0.912
507,,-0.056,0.65,-0.048,0.412,0.78,0.9585,0.5415,0.824
508,1,1.0,0.5625,-0.1135,0.37,0.758,0.917,0.476,0.736
509,3,0.912,0.475,1.0,0.328,0.736,0.8755,0.4105,0.648
510,,0.824,0.3875,0.9345,0.286,0.714,0.834,0.345,0.56
511,,0.736,0.3,0.869,0.244,0.692,0.7925,0.2795,0.472
512,,0.648,0.2125,0.8035,0.202,0.67,0.751,0.214,0.384
513,,0.56,0.125,0.738,0.16,0.648,0.7095,0.1485,0.296
514,,0.472,0.0375,0.6725,0.118,0.626,0.668,0.083,0.208
515,,0.384,-0.05,0.607,0.076,0.604,0.6265,0.0175,0.12
516,2,0.296,1.0,0.5415,0.034,0.582,0.585,-0.048,0.032
517,7,0.208,0.9125,0.476,-0.008,0.56,0.5435,1.0,-0.056
518,8,0.12,0.825,0.4105,-0.05,0.538,0.502,0.9345,1.0
519,4,0.032,0.7375,0.345,1.0,0.516,0.4605,0.869,0.912
520,,-0.056,0.65,0.2795,0.958,0.494,0.419,0.8035,0.824
521,1,1.0,0.5625,0.214,0.916,0.472,0.3775,0.738,0.736
522,,0.912,0.475,0.1485,0.874,0.45,0.336,0.6725,0.648
523,,0.824,0.3875,0.083,0.832,0.428,0.2945,0.607,0.56
524,,0.736,0.3,0.0175,0.79,0.406,0.253,0.5415,0.472
525,,0.648,0.2125,-0.048,0.748,0.384,0.2115,0.476,0.384
526,3,0.56,0.125,1.0,0.706,0.362,0.17,0.4105,0.296
527,,0.472,0.0375,0.9345,0.664,0.34,0.1285,0.345,0.208
528,,0.384,-0.05,0.869,0.622,0.318,0.087,0.2795,0.12
529,2,0.296,1.0,0.8035,0.58,0.296,0.0455,0.214,0.032
530,,0.208,0.9125,0.738,0.538,0.274,0.004,0.1485,-0.056
531,8,0.12,0.825,0.6725,0.496,0.252,-0.0375,0.083,1.0
532,6,0.032,0.7375,0.607,0.454,0.23,1.0,0.0175,0.912
533,,-0.056,0.65,0.5415,0.412,0.208,0.9585,-0.048,0.824
534,1,1.0,0.5625,0.476,0.37,0.186,0.917,-0.1135,0.736
535,7,0.912,0.475,0.4105,0.328,0.164,0.8755,1.0,0.648
536,,0.824,0.3875,0.345,0.286,0.142,0.834,0.9345,0.56
537,,0.736,0.3,0.2795,0.244,0.12,0.7925,0.869,0.472
538,,0.648,0.2125,0.214,0.202,0.098,0.751,0.8035,0.384
539,,0.56,0.125,0.1485,0.16,0.076,0.7095,0.738,0.296
540,,0.472,0.0375,0.083,0.118,0.054,0.668,0.6725,0.208
541,,0.384,-0.05,0.0175,0.076,0.032,0.6265,0.607,0.12
542,2,0.296,1.0,-0.048,0.034,0.01,0.585,0.5415,0.032
543,3,0.208,0.9125,1.0,-0.008,-0.012,0.5435,0.476,-0.056
544,8,0.12,0.825,0.9345,-0.05,-0.034,0.502,0.4105,1.0
545,4,0.032,0.7375,0.869,1.0,-0.056,0.4605,0.345,0.912
546,5,-0.056,0.65,0.8035,0.958,1.0,0.419,0.2795,0.824
547,1,1.0,0.5625,0.738,0.916,0.978,0.3775,0.214,0.736
548,,0.912,0.475,0.6725,0.874,0.956,0.336,0.1485,0.648
549,,0.824,0.3875,0.607,0.832,0.934,0.2945,0.083,0.56
550,,0.736,0.3,0.5415,0.79,0.912,0.253,0.0175,0.472
551,,0.648,0.2125,0.476,0.748,0.89,0.2115,-0.048,0.384
552,7,0.56,0.125,0.4105,0.706,0.868,0.17,1.0,0.296
553,,0.472,0.0375,0.345,0.664,0.846,0.1285,0.9345,0.208
554,,0.384,-0.05,0.2795,0.622,0.824,0.087,0.869,0.12
555,2,0.296,1.0,0.214,0.58,0.802,0.0455,0.8035,0.032
556,,0.208,0.9125,0.1485,0.538,0.78,0.004,0.738,-0.056
557,8,0.12,0.825,0.083,0.496,0.758,-0.0375,0.6725,1.0
558,6,0.032,0.7375,0.0175,0.454,0.736,1.0,0.607,0.912
559,,-0.056,0.65,-0.048,0.412,0.714,0.9585,0.5415,0.824
560,1,1.0,0.5625,-0.1135,0.37,0.692,0.917,0.476,0.736
561,3,0.912,0.475,1.0,0.328,0.67,0.8755,0.4105,0.648
562,,0.824,0.3875,0.9345,0.286,0.648,0.834,0.345,0.56
563,,0.736,0.3,0.869,0.244,0.626,0.7925,0.2795,0.472
564,,0.648,0.2125,0.8035,0.202,0.604,0.751,0.214,0.384
565,,0.56,0.125,0.738,0.16,0.582,0.7095,0.1485,0.296
566,,0.472,0.0375,0.6725,0.118,0.56,0.668,0.083,0.208
567,,0.384,-0.05,0.607,0.076,0.538,0.6265,0.0175,0.12
568,2,0.296,1.0,0.5415,0.034,0.516,0.585,-0.048,0.032
569,7,0.208,0.9125,0.476,-0.008,0.494,0.5435,1.0,-0.056
570,8,0.12,0.825,0.4105,-0.05,0.472,0.502,0.9345,1.0
571,4,0.032,0.7375,0.345,1.0,0.45,0.4605,0.869,0.912
572,,-0.056,0.65,0.2795,0.958,0.428,0.419,0.8035,0.824
573,1,1.0,0.5625,0.214,0.916,0.406,0.3775,0.738,0.736
574,,0.912,0.475,0.1485,0.874,0.384,0.336,0.6725,0.648
575,,0.824,0.3875,0.083,0.832,0.362,0.2945,0.607,0.56
576,,0.736,0.3,0.0175,0.79,0.34,0.253,0.5415,0.472
577,,0.648,0.2125,-0.048,0.748,0.318,0.2115,0.476,0.384
578,3,0.56,0.125,1.0,0.706,0.296,0.17,0.4105,0.296
579,,0.472,0.0375,0.9345,0.664,0.274,0.1285,0.345,0.208
580,,0.384,-0.05,0.869,0.622,0.252,0.087,0.2795,0.12
581,2,0.296,1.0,0.8035,0.58,0.23,0.0455,0.214,0.032
582,,0.208,0.9125,0.738,0.538,0.208,0.004,0.1485,-0.056
583,8,0.12,0.825,0.6725,0.496,0.186,-0.0375,0.083,1.0
584,6,0.032,0.7375,0.607,0.454,0.164,1.0,0.0175,0.912
585,,-0.056,0.65,0.5415,0.412,0.142,0.9585,-0.048,0.824
586,1,1.0,0.5625,0.476,0.37,0.12,0.917,-0.1135,0.736
587,7,0.912,0.475,0.4105,0.328,0.098,0.8755,1.0,0.648
588,,0.824,0.3875,0.345,0.286,0.076,0.834,0.9345,0.56
589,,0.736,0.3,0.2795,0.244,0.054,0.7925,0.869,0.472
590,,0.648,0.2125,0.214,0.202,0.032,0.751,0.8035,0.384
591,,0.56,0.125,0.1485,0.16,0.01,0.7095,0.738,0.296
592,,0.472,0.0375,0.083,0.118,-0.012,0.668,0.6725,0.208
593,5,0.384,-0.05,0.0175,0.076,1.0,0.6265,0.607,0.12
594,2,0.296,1.0,-0.048,0.034,0.978,0.585,0.5415,0.032
595,3,0.208,0.9125,1.0,-0.008,0.956,0.5435,0.476,-0.056
596,8,0.12,0.825,0.9345,-0.05,0.934,0.502,0.4105,1.0
597,4,0.032,0.7375,0.869,1.0,0.912,0.4605,0.345,0.912
598,,-0.056,0.65,0.8035,0.958,0.89,0.419,0.2795,0.824
599,1,1.0,0.5625,0.738,0.916,0.868,0.3775,0.214,0.736
600,,0.912,0.475,0.6725,0.874,0.846,0.336,0.1485,0.648
601,,0.824,0.3875,0.607,0.832,0.824,0.2945,0.083,0.56
602,,0.736,0.3,0.5415,0.79,0.802,0.253,0.0175,0.472
603,,0.648,0.2125,0.476,0.748,0.78,0.2115,-0.048,0.384
604,7,0.56,0.125,0.4105,0.706,0.758,0.17,1.0,0.296
605,,0.472,0.0375,0.345,0.664,0.736,0.1285,0.9345,0.208
606,,0.384,-0.05,0.2795,0.622,0.714,0.087,0.869,0.12
607,2,0.296,1.0,0.214,0.58,0.692,0.0455,0.8035,0.032
608,,0.208,0.9125,0.1485,0.538,0.67,0.004,0.738,-0.056
609,8,0.12,0.825,0.083,0.496,0.648,-0.0375,0.6725,1.0
610,6,0.032,0.7375,0.0175,0.454,0.626,1.0,0.607,0.912
611,,-0.056,0.65,-0.048,0.412,0.604,0.9585,0.5415,0.824
612,1,1.0,0.5625,-0.1135,0.37,0.582,0.917,0.476,0.736
613,3,0.912,0.475,1.0,0.328,0.56,0.8755,0.4105,0.648
614,,0.824,0.3875,0.9345,0.286,0.538,0.834,0.345,0.56
615,,0.736,0.3,0.869,0.244,0.516,0.7925,0.2795,0.472
616,,0.648,0.2125,0.8035,0.202,0.494,0.751,0.214,0.384
617,,0.56,0.125,0.738,0.16,0.472,0.7095,0.1485,0.296
618,,0.472,0.0375,0.6725,0.118,0.45,0.668,0.083,0.208
619,,0.384,-0.05,0.607,0.076,0.428,0.6265,0.0175,0.12
620,2,0.296,1.0,0.5415,0.034,0.406,0.585,-0.048,0.032
621,7,0.208,0.9125,0.476,-0.008,0.384,0.5435,1.0,-0.056
622,8,0.12,0.825,0.4105,-0.05,0.362,0.502,0.9345,1.0
623,4,0.032,0.7375,0.345,1.0,0.34,0.4605,0.869,0.912
624,,-0.056,0.65,0.2795,0.958,0.318,0.419,0.8035,0.824
625,1,1.0,0.5625,0.214,0.916,0.296,0.3775,0.738,0.736
626,,0.912,0.475,0.1485,0.874,0.274,0.336,0.6725,0.648
627,,0.824,0.3875,0.083,0.832,0.252,0.2945,0.607,0.56
628,,0.736,0.3,0.0175,0.79,0.23,0.253,0.5415,0.472
629,,0.648,0.2125,-0.048,0.748,0.208,0.2115,0.476,0.384
630,3,0.56,0.125,1.0,0.706,0.186,0.17,0.4105,0.296
631,,0.472,0.0375,0.9345,0.664,0.164,0.1285,0.345,0.208
632,,0.384,-0.05,0.869,0.622,0.142,0.087,0.2795,0.12
633,2,0.296,1.0,0.8035,0.58,0.12,0.0455,0.214,0.032
634,,0.208,0.9125,0.738,0.538,0.098,0.004,0.1485,-0.056
635,8,0.12,0.825,0.6725,0.496,0.076,-0.0375,0.083,1.0
636,6,0.032,0.7375,0.607,0.454,0.054,1.0,0.0175,0.912
637,,-0.056,0.65,0.5415,0.412,0.032,0.9585,-0.048,0.824
638,1,1.0,0.5625,0.476,0.37,0.01,0.917,-0.1135,0.736
639,7,0.912,0.475,0.4105,0.328,-0.012,0.8755,1.0,0.648
640,5,0.824,0.3875,0.345,0.286,1.0,0.834,0.9345,0.56
641,,0.736,0.3,0.2795,0.244,0.978,0.7925,0.869,0.472
642,,0.648,0.2125,0.214,0.202,0.956,0.751,0.8035,0.384
643,,0.56,0.125,0.1485,0.16,0.934,0.7095,0.738,0.296
644,,0.472,0.0375,0.083,0.118,0.912,0.668,0.6725,0.208
645,,0.384,-0.05,0.0175,0.076,0.89,0.6265,0.607,0.12
646,2,0.296,1.0,-0.048,0.034,0.868,0.585,0.5415,0.032
647,3,0.208,0.9125,1.0,-0.008,0.846,0.5435,0.476,-0.056
648,8,0.12,0.825,0.9345,-0.05,0.824,0.502,0.4105,1.0
649,4,0.032,0.7375,0.869,1.0,0.802,0.4605,0.345,0.912
650,,-0.056,0.65,0.8035,0.958,0.78,0.419,0.2795,0.824
651,1,1.0,0.5625,0.738,0.916,0.758,0.3775,0.214,0.736
652,,0.912,0.475,0.6725,0.874,0.736,0.336,0.1485,0.648
653,,0.824,0.3875,0.607,0.832,0.714,0.2945,0.083,0.56
654,,0.736,0.3,0.5415,0.79,0.692,0.253,0.0175,0.472
655,,0.648,0.2125,0.476,0.748,0.67,0.2115,-0.048,0.384
656,7,0.56,0.125,0.4105,0.706,0.648,0.17,1.0,0.296
657,,0.472,0.0375,0.345,0.664,0.626,0.1285,0.9345,0.208
658,,0.384,-0.05,0.2795,0.622,0.604,0.087,0.869,0.12
659,2,0.296,1.0,0.214,0.58,0.582,0.0455,0.8035,0.032
660,,0.208,0.9125,0.1485,0.538,0.56,0.004,0.738,-0.056
661,8,0.12,0.825,0.083,0.496,0.538,-0.0375,0.6725,1.0
662,6,0.032,0.7375,0.0175,0.454,0.516,1.0,0.607,0.912
663,,-0.056,0.65,-0.048,0.412,0.494,0.9585,0.5415,0.824
664,1,1.0,0.5625,-0.1135,0.37,0.472,0.917,0.476,0.736
665,3,0.912,0.475,1.0,0.328,0.45,0.8755,0.4105,0.648
666,,0.824,0.3875,0.9345,0.286,0.428,0.834,0.345,0.56
667,,0.736,0.3,0.869,0.244,0.406,0.7925,0.2795,0.472
668,,0.648,0.2125,0.8035,0.202,0.384,0.751,0.214,0.384
669,,0.56,0.125,0.738,0.16,0.362,0.7095,0.1485,0.296
670,,0.472,0.0375,0.6725,0.118,0.34,0.668,0.083,0.208
671,,0.384,-0.05,0.607,0.076,0.318,0.6265,0.0175,0.12
672,2,0.296,1.0,0.5415,0.034,0.296,0.585,-0.048,0.032
673,7,0.208,0.9125,0.476,-0.008,0.274,0.5435,1.0,-0.056
674,8,0.12,0.825,0.4105,-0.05,0.252,0.502,0.9345,1.0
675,4,0.032,0.7375,0.345,1.0,0.23,0.4605,0.869,0.912
676,,-0.056,0.65,0.2795,0.958,0.208,0.419,0.8035,0.824
677,1,1.0,0.5625,0.214,0.916,0.186,0.3775,0.738,0.736
678,,0.912,0.475,0.1485,0.874,0.164,0.336,0.6725,0.648
679,,0.824,0.3875,0.083,0.832,0.142,0.2945,0.607,0.56
680,,0.736,0.3,0.0175,0.79,0.12,0.253,0.5415,0.472
681,,0.648,0.2125,-0.048,0.748,0.098,0.2115,0.476,0.384
682,3,0.56,0.125,1.0,0.706,0.076,0.17,0.4105,0.296
683,,0.472,0.0375,0.9345,0.664,0.054,0.1285,0.345,0.208
684,,0.384,-0.05,0.869,0.622,0.032,0.087,0.2795,0.12
685,2,0.296,1.0,0.8035,0.58,0.01,0.0455,0.214,0.032
686,,0.208,0.9125,0.738,0.538,-0.012,0.004,0.1485,-0.056
687,8,0.12,0.825,0.6725,0.496,-0.034,-0.0375,0.083,1.0
688,6,0.032,0.7375,0.607,0.454,-0.056,1.0,0.0175,0.912
689,5,-0.056,0.65,0.5415,0.412,1.0,0.9585,-0.048,0.824
690,1,1.0,0.5625,0.476,0.37,0.978,0.917,-0.1135,0.736
691,7,0.912,0.475,0.4105,0.328,0.956,0.8755,1.0,0.648
692,,0.824,0.3875,0.345,0.286,0.934,0.834,0.9345,0.56
693,,0.736,0.3,0.2795,0.244,0.912,0.7925,0.869,0.472
694,,0.648,0.2125,0.214,0.202,0.89,0.751,0.8035,0.384
695,,0.56,0.125,0.1485,0.16,0.868,0.7095,0.738,0.296
696,,0.472,0.0375,0.083,0.118,0.846,0.668,0.6725,0.208
697,,0.384,-0.05,0.0175,0.076,0.824,0.6265,0.607,0.12
698,2,0.296,1.0,-0.048,0.034,0.802,0.585,0.5415,0.032
699,3,0.208,0.9125,1.0,-0.008,0.78,0.5435,0.476,-0.056
700,8,0.12,0.825,0.9345,-0.05,0.758,0.502,0.4105,1.0
701,4,0.032,0.7375,0.869,1.0,0.736,0.4605,0.345,0.912
702,,-0.056,0.65,0.8035,0.958,0.714,0.419,0.2795,0.824
703,1,1.0,0.5625,0.738,0.916,0.692,0.3775,0.214,0.736
704,,0.912,0.475,0.6725,0.874,0.67,0.336,0.1485,0.648
705,,0.824,0.3875,0.607,0.832,0.648,0.2945,0.083,0.56
706,,0.736,0.3,0.5415,0.79,0.626,0.253,0.0175,0.472
707,,0.648,0.2125,0.476,0.748,0.604,0.2115,-0.048,0.384
708,7,0.56,0.125,0.4105,0.706,0.582,0.17,1.0,0.296
709,,0.472,0.0375,0.345,0.664,0.56,0.1285,0.9345,0.208
710,,0.384,-0.05,0.2795,0.622,0.538,0.087,0.869,0.12
711,2,0.296,1.0,0.214,0.58,0.516,0.0455,0.8035,0.032
712,,0.208,0.9125,0.1485,0.538,0.494,0.004,0.738,-0.056
713,8,0.12,0.825,0.083,0.496,0.472,-0.0375,0.6725,1.0
714,6,0.032,0.7375,0.0175,0.454,0.45,1.0,0.607,0.912
715,,-0.056,0.65,-0.048,0.412,0.428,0.9585,0.5415,0.824
716,1,1.0,0.5625,-0.1135,0.37,0.406,0.917,0.476,0.736
717,3,0.912,0.475,1.0,0.328,0.384,0.8755,0.4105,0.648
718,,0.824,0.3875,0.9345,0.286,0.362,0.834,0.345,0.56
719,,0.736,0.3,0.869,0.244,0.34,0.7925,0.2795,0.472
720,,0.648,0.2125,0.8035,0.202,0.318,0.751,0.214,0.384
721,,0.56,0.125,0.738,0.16,0.296,0.7095,0.1485,0.296
722,,0.472,0.0375,0.6725,0.118,0.274,0.668,0.083,0.208
723,,0.384,-0.05,0.607,0.076,0.252,0.6265,0.0175,0.12
724,2,0.296,1.0,0.5415,0.034,0.23,0.585,-0.048,0.032
725,7,0.208,0.9125,0.476,-0.008,0.208,0.5435,1.0,-0.056
726,8,0.12,0.825,0.4105,-0.05,0.186,0.502,0.9345,1.0
727,4,0.032,0.7375,0.345,1.0,0.164,0.4605,0.869,0.912
728,,-0.056,0.65,0.2795,0.958,0.142,0.419,0.8035,0.824
729,1,1.0,0.5625,0.214,0.916,0.12,0.3775,0.738,0.736
730,,0.912,0.475,0.1485,0.874,0.098,0.336,0.6725,0.648
731,,0.824,0.3875,0.083,0.832,0.076,0.2945,0.607,0.56
732,,0.736,0.3,0.0175,0.79,0.054,0.253,0.5415,0.472
733,,0.648,0.2125,-0.048,0.748,0.032,0.2115,0.476,0.384
734,3,0.56,0.125,1.0,0.706,0.01,0.17,0.4105,0.296
735,,0.472,0.0375,0.9345,0.664,-0.012,0.1285,0.345,0.208
736,5,0.384,-0.05,0.869,0.622,1.0,0.087,0.2795,0.12
737,2,0.296,1.0,0.8035,0.58,0.978,0.0455,0.214,0.032
738,,0.208,0.9125,0.738,0.538,0.956,0.004,0.1485,-0.056
739,8,0.12,0.825,0.6725,0.496,0.934,-0.0375,0.083,1.0
740,6,0.032,0.7375,0.607,0.454,0.912,1.0,0.0175,0.912
741,,-0.056,0.65,0.5415,0.412,0.89,0.9585,-0.048,0.824
742,1,1.0,0.5625,0.476,0.37,0.868,0.917,-0.1135,0.736
743,7,0.912,0.475,0.4105,0.328,0.846,0.8755,1.0,0.648
744,,0.824,0.3875,0.345,0.286,0.824,0.834,0.9345,0.56
745,,0.736,0.3,0.2795,0.244,0.802,0.7925,0.869,0.472
746,,0.648,0.2125,0.214,0.202,0.78,0.751,0.8035,0.384
747,,0.56,0.125,0.1485,0.16,0.758,0.7095,0.738,0.296
748,,0.472,0.0375,0.083,0.118,0.736,0.668,0.6725,0.208
749,,0.384,-0.05,0.0175,0.076,0.714,0.6265,0.607,0.12
750,2,0.296,1.0,-0.048,0.034,0.692,0.585,0.5415,0.032
751,3,0.208,0.9125,1.0,-0.008,0.67,0.5435,0.476,-0.056
752,8,0.12,0.825,0.9345,-0.05,0.648,0.502,0.4105,1.0
753,4,0.032,0.7375,0.869,1.0,0.626,0.4605,0.345,0.912
754,,-0.056,0.65,0.8035,0.958,0.604,0.419,0.2795,0.824
755,1,1.0,0.5625,0.738,0.916,0.582,0.3775,0.214,0.736
756,,0.912,0.475,0.6725,0.874,0.56,0.336,0.1485,0.648
757,,0.824,0.3875,0.607,0.832,0.538,0.2945,0.083,0.56
758,,0.736,0.3,0.5415,0.79,0.516,0.253,0.0175,0.472
759,,0.648,0.2125,0.476,0.748,0.494,0.2115,-0.048,0.384
760,7,0.56,0.125,0.4105,0.706,0.472,0.17,1.0,0.296
761,,0.472,0.0375,0.345,0.664,0.45,0.1285,0.9345,0.208
762,,0.384,-0.05,0.2795,0.622,0.428,0.087,0.869,0.12
763,2,0.296,1.0,0.214,0.58,0.406,0.0455,0.8035,0.032
764,,0.208,0.9125,0.1485,0.538,0.384,0.004,0.738,-0.056
765,8,0.12,0.825,0.083,0.496,0.362,-0.0375,0.6725,1.0
766,6,0.032,0.7375,0.0175,0.454,0.34,1.0,0.607,0.912
767,,-0.056,0.65,-0.048,0.412,0.318,0.9585,0.5415,0.824
768,1,1.0,0.5625,-0.1135,0.37,0.296,0.917,0.476,0.736
769,3,0.912,0.475,1.0,0.328,0.274,0.8755,0.4105,0.648
770,,0.824,0.3875,0.9345,0.286,0.252,0.834,0.345,0.56
771,,0.736,0.3,0.869,0.244,0.23,0.7925,0.2795,0.472
772,,0.648,0.2125,0.8035,0.202,0.208,0.751,0.214,0.384
773,,0.56,0.125,0.738,0.16,0.186,0.7095,0.1485,0.296
774,,0.472,0.0375,0.6725,0.118,0.164,0.668,0.083,0.208
775,,0.384,-0.05,0.607,0.076,0.142,0.6265,0.0175,0.12
776,2,0.296,1.0,0.5415,0.034,0.12,0.585,-0.048,0.032
777,7,0.208,0.9125,0.476,-0.008,0.098,0.5435,1.0,-0.056
778,8,0.12,0.825,0.4105,-0.05,0.076,0.502,0.9345,1.0
779,4,0.032,0.7375,0.345,1.0,0.054,0.4605,0.869,0.912
780,,-0.056,0.65,0.2795,0.958,0.032,0.419,0.8035,0.824
781,1,1.0,0.5625,0.214,0.916,0.01,0.3775,0.738,0.736
782,,0.912,0.475,0.1485,0.874,-0.012,0.336,0.6725,0.648
783,5,0.824,0.3875,0.083,0.832,1.0,0.2945,0.607,0.56
784,,0.736,0.3,0.0175,0.79,0.978,0.253,0.5415,0.472
785,,0.648,0.2125,-0.048,0.748,0.956,0.2115,0.476,0.384
786,3,0.56,0.125,1.0,0.706,0.934,0.17,0.4105,0.296
787,,0.472,0.0375,0.9345,0.664,0.912,0.1285,0.345,0.208
788,,0.384,-0.05,0.869,0.622,0.89,0.087,0.2795,0.12
789,2,0.296,1.0,0.8035,0.58,0.868,0.0455,0.214,0.032
790,,0.208,0.9125,0.738,0.538,0.846,0.004,0.1485,-0.056
791,8,0.12,0.825,0.6725,0.496,0.824,-0.0375,0.083,1.0
792,6,0.032,0.7375,0.607,0.454,0.802,1.0,0.0175,0.912
793,,-0.056,0.65,0.5415,0.412,0.78,0.9585,-0.048,0.824
794,1,1.0,0.5625,0.476,0.37,0.758,0.917,-0.1135,0.736
795,7,0.912,0.475,0.4105,0.328,0.736,0.8755,1.0,0.648
796,,0.824,0.3875,0.345,0.286,0.714,0.834,0.9345,0.56
797,,0.736,0.3,0.2795,0.244,0.692,0.7925,0.869,0.472
798,,0.648,0.2125,0.214,0.202,0.67,0.751,0.8035,0.384
799,,0.56,0.125,0.1485,0.16,0.648,0.7095,0.738,0.296
800,,0.472,0.0375,0.083,0.118,0.626,0.668,0.6725,0.208
801,,0.384,-0.05,0.0175,0.076,0.604,0.6265,0.607,0.12
802,2,0.296,1.0,-0.048,0.034,0.582,0.585,0.5415,0.032
803,3,0.208,0.9125,1.0,-0.008,0.56,0.5435,0.476,-0.056
804,8,0.12,0.825,0.9345,-0.05,0.538,0.502,0.4105,1.0
805,4,0.032,0.7375,0.869,1.0,0.516,0.4605,0.345,0.912
806,,-0.056,0.65,0.8035,0.958,0.494,0.419,0.2795,0.824
807,1,1.0,0.5625,0.738,0.916,0.472,0.3775,0.214,0.736
808,,0.912,0.475,0.6725,0.874,0.45,0.336,0.1485,0.648
809,,0.824,0.3875,0.607,0.832,0.428,0.2945,0.083,0.56
810,,0.736,0.3,0.5415,0.79,0.406,0.253,0.0175,0.472
811,,0.648,0.2125,0.476,0.748,0.384,0.2115,-0.048,0.384
812,7,0.56,0.125,0.4105,0.706,0.362,0.17,1.0,0.296
813,,0.472,0.0375,0.345,0.664,0.34,0.1285,0.9345,0.208
814,,0.384,-0.05,0.2795,0.622,0.318,0.087,0.869,0.12
815,2,0.296,1.0,0.214,0.58,0.296,0.0455,0.8035,0.032
816,,0.208,0.9125,0.1485,0.538,0.274,0.004,0.738,-0.056
817,8,0.12,0.825,0.083,0.496,0.252,-0.0375,0.6725,1.0
818,6,0.032,0.7375,0.0175,0.454,0.23,1.0,0.607,0.912
819,,-0.056,0.65,-0.048,0.412,0.208,0.9585,0.5415,0.824
820,1,1.0,0.5625,-0.1135,0.37,0.186,0.917,0.476,0.736
821,3,0.912,0.475,1.0,0.328,0.164,0.8755,0.4105,0.648
822,,0.824,0.3875,0.9345,0.286,0.142,0.834,0.345,0.56
823,,0.736,0.3,0.869,0.244,0.12,0.7925,0.2795,0.472
824,,0.648,0.2125,0.8035,0.202,0.098,0.751,0.214,0.384
825,,0.56,0.125,0.738,0.16,0.076,0.7095,0.1485,0.296
826,,0.472,0.0375,0.6725,0.118,0.054,0.668,0.083,0.208
827,,0.384,-0.05,0.607,0.076,0.032,0.6265,0.0175,0.12
828,2,0.296,1.0,0.5415,0.034,0.01,0.585,-0.048,0.032
829,7,0.208,0.9125,0.476,-0.008,-0.012,0.5435,1.0,-0.056
830,8,0.12,0.825,0.4105,-0.05,-0.034,0.502,0.9345,1.0
831,4,0.032,0.7375,0.345,1.0,-0.056,0.4605,0.869,0.912
832,5,-0.056,0.65,0.2795,0.958,1.0,0.419,0.8035,0.824
833,1,1.0,0.5625,0.214,0.916,0.978,0.3775,0.738,0.736
834,,0.912,0.475,0.1485,0.874,0.956,0.336,0.6725,0.648
835,,0.824,0.3875,0.083,0.832,0.934,0.2945,0.607,0.56
836,,0.736,0.3,0.0175,0.79,0.912,0.253,0.5415,0.472
837,,0.648,0.2125,-0.048,0.748,0.89,0.2115,0.476,0.384
838,3,0.56,0.125,1.0,0.706,0.868,0.17,0.4105,0.296
839,,0.472,0.0375,0.9345,0.664,0.846,0.1285,0.345,0.208
840,,0.384,-0.05,0.869,0.622,0.824,0.087,0.2795,0.12
841,2,0.296,1.0,0.8035,0.58,0.802,0.0455,0.214,0.032
842,,0.208,0.9125,0.738,0.538,0.78,0.004,0.1485,-0.056
843,8,0.12,0.825,0.6725,0.496,0.758,-0.0375,0.083,1.0
844,6,0.032,0.7375,0.607,0.454,0.736,1.0,0.0175,0.912
845,,-0.056,0.65,0.5415,0.412,0.714,0.9585,-0.048,0.824
846,1,1.0,0.5625,0.476,0.37,0.692,0.917,-0.1135,0.736
847,7,0.912,0.475,0.4105,0.328,0.67,0.8755,1.0,0.648
848,,0.824,0.3875,0.345,0.286,0.648,0.834,0.9345,0.56
849,,0.736,0.3,0.2795,0.244,0.626,0.7925,0.869,0.472
850,,0.648,0.2125,0.214,0.202,0.604,0.751,0.8035,0.384
851,,0.56,0.125,0.1485,0.16,0.582,0.7095,0.738,0.296
852,,0.472,0.0375,0.083,0.118,0.56,0.668,0.6725,0.208
853,,0.384,-0.05,0.0175,0.076,0.538,0.6265,0.607,0.12
854,2,0.296,1.0,-0.048,0.034,0.516,0.585,0.5415,0.032
855,3,0.208,0.9125,1.0,-0.008,0.494,0.5435,0.476,-0.056
856,8,0.12,0.825,0.9345,-0.05,0.472,0.502,0.4105,1.0
857,4,0.032,0.7375,0.869,1.0,0.45,0.4605,0.345,0.912
858,,-0.056,0.65,0.8035,0.958,0.428,0.419,0.2795,0.824
859,1,1.0,0.5625,0.738,0.916,0.406,0.3775,0.214,0.736
860,,0.912,0.475,0.6725,0.874,0.384,0.336,0.1485,0.648
861,,0.824,0.3875,0.607,0.832,0.362,0.2945,0.083,0.56
862,,0.736,0.3,0.5415,0.79,0.34,0.253,0.0175,0.472
863,,0.648,0.2125,0.476,0.748,0.318,0.2115,-0.048,0.384
864,7,0.56,0.125,0.4105,0.706,0.296,0.17,1.0,0.296
865,,0.472,0.0375,0.345,0.664,0.274,0.1285,0.9345,0.208
866,,0.384,-0.05,0.2795,0.622,0.252,0.087,0.869,0.12
867,2,0.296,1.0,0.214,0.58,0.23,0.0455,0.8035,0.032
868,,0.208,0.9125,0.1485,0.538,0.208,0.004,0.738,-0.056
869,8,0.12,0.825,0.083,0.496,0.186,-0.0375,0.6725,1.0
870,6,0.032,0.7375,0.0175,0.454,0.164,1.0,0.607,0.912
871,,-0.056,0.65,-0.048,0.412,0.142,0.9585,0.5415,0.824
872,1,1.0,0.5625,-0.1135,0.37,0.12,0.917,0.476,0.736
873,3,0.912,0.475,1.0,0.328,0.098,0.8755,0.4105,0.648
874,,0.824,0.3875,0.9345,0.286,0.076,0.834,0.345,0.56
875,,0.736,0.3,0.869,0.244,0.054,0.7925,0.2795,0.472
876,,0.648,0.2125,0.8035,0.202,0.032,0.751,0.214,0.384
877,,0.56,0.125,0.738,0.16,0.01,0.7095,0.1485,0.296
878,,0.472,0.0375,0.6725,0.118,-0.012,0.668,0.083,0.208
879,5,0.384,-0.05,0.607,0.076,1.0,0.6265,0.0175,0.12
880,2,0.296,1.0,0.5415,0.034,0.978,0.585,-0.048,0.032
881,7,0.208,0.9125,0.476,-0.008,0.956,0.5435,1.0,-0.056
882,8,0.12,0.825,0.4105,-0.05,0.934,0.502,0.9345,1.0
883,4,0.032,0.7375,0.345,1.0,0.912,0.4605,0.869,0.912
884,,-0.056,0.65,0.2795,0.958,0.89,0.419,0.8035,0.824
885,1,1.0,0.5625,0.214,0.916,0.868,0.3775,0.738,0.736
886,,0.912,0.475,0.1485,0.874,0.846,0.336,0.6725,0.648
887,,0.824,0.3875,0.083,0.832,0.824,0.2945,0.607,0.56
888,,0.736,0.3,0.0175,0.79,0.802,0.253,0.5415,0.472
889,,0.648,0.2125,-0.048,0.748,0.78,0.2115,0.476,0.384
890,3,0.56,0.125,1.0,0.706,0.758,0.17,0.4105,0.296
891,,0.472,0.0375,0.9345,0.664,0.736,0.1285,0.345,0.208
892,,0.384,-0.05,0.869,0.622,0.714,0.087,0.2795,0.12
893,2,0.296,1.0,0.8035,0.58,0.692,0.0455,0.214,0.032
894,,0.208,0.9125,0.738,0.538,0.67,0.004,0.1485,-0.056
895,8,0.12,0.825,0.6725,0.496,0.648,-0.0375,0.083,1.0
896,6,0.032,0.7375,0.607,0.454,0.626,1.0,0.0175,0.912
897,,-0.056,0.65,0.5415,0.412,0.604,0.9585,-0.048,0.824
898,1,1.0,0.5625,0.476,0.37,0.582,0.917,-0.1135,0.736
899,7,0.912,0.475,0.4105,0.328,0.56,0.8755,1.0,0.648
900,,0.824,0.3875,0.345,0.286,0.538,0.834,0.9345,0.56
901,,0.736,0.3,0.2795,0.244,0.516,0.7925,0.869,0.472
902,,0.648,0.2125,0.214,0.202,0.494,0.751,0.8035,0.384
903,,0.56,0.125,0.1485,0.16,0.472,0.7095,0.738,0.296
904,,0.472,0.0375,0.083,0.118,0.45,0.668,0.6725,0.208
905,,0.384,-0.05,0.0175,0.076,0.428,0.6265,0.607,0.12
906,2,0.296,1.0,-0.048,0.034,0.406,0.585,0.5415,0.032
907,3,0.208,0.9125,1.0,-0.008,0.384,0.5435,0.476,-0.056
908,8,0.12,0.825,0.9345,-0.05,0.362,0.502,0.4105,1.0
909,4,0.032,0.7375,0.869,1.0,0.34,0.4605,0.345,0.912
910,,-0.056,0.65,0.8035,0.958,0.318,0.419,0.2795,0.824
911,1,1.0,0.5625,0.738,0.916,0.296,0.3775,0.214,0.736
912,,0.912,0.475,0.6725,0.874,0.274,0.336,0.1485,0.648
913,,0.824,0.3875,0.607,0.832,0.252,0.2945,0.083,0.56
914,,0.736,0.3,0.5415,0.79,0.23,0.253,0.0175,0.472
915,,0.648,0.2125,0.476,0.748,0.208,0.2115,-0.048,0.384
916,7,0.56,0.125,0.4105,0.706,0.186,0.17,1.0,0.296
917,,0.472,0.0375,0.345,0.664,0.164,0.1285,0.9345,0.208
918,,0.384,-0.05,0.2795,0.622,0.142,0.087,0.869,0.12
919,2,0.296,1.0,0.214,0.58,0.12,0.0455,0.8035,0.032
920,,0.208,0.9125,0.1485,0.538,0.098,0.004,0.738,-0.056
921,8,0.12,0.825,0.083,0.496,0.076,-0.0375,0.6725,1.0
922,6,0.032,0.7375,0.0175,0.454,0.054,1.0,0.607,0.912
923,,-0.056,0.65,-0.048,0.412,0.032,0.9585,0.5415,0.824
924,1,1.0,0.5625,-0.1135,0.37,0.01,0.917,0.476,0.736
925,3,0.912,0.475,1.0,0.328,-0.012,0.8755,0.4105,0.648
926,5,0.824,0.3875,0.9345,0.286,1.0,0.834,0.345,0.56
927,,0.736,0.3,0.869,0.244,0.978,0.7925,0.2795,0.472
928,,0.648,0.2125,0.8035,0.202,0.956,0.751,0.214,0.384
929,,0.56,0.125,0.738,0.16,0.934,0.7095,0.1485,0.296
930,,0.472,0.0375,0.6725,0.118,0.912,0.668,0.083,0.208
931,,0.384,-0.05,0.607,0.076,0.89,0.6265,0.0175,0.12
932,2,0.296,1.0,0.5415,0.034,0.868,0.585,-0.048,0.032
933,7,0.208,0.9125,0.476,-0.008,0.846,0.5435,1.0,-0.056
934,8,0.12,0.825,0.4105,-0.05,0.824,0.502,0.9345,1.0
935,4,0.032,0.7375,0.345,1.0,0.802,0.4605,0.869,0.912
936,,-0.056,0.65,0.2795,0.958,0.78,0.419,0.8035,0.824
937,1,1.0,0.5625,0.214,0.916,0.758,0.3775,0.738,0.736
938,,0.912,0.475,0.1485,0.874,0.736,0.336,0.6725,0.648
939,,0.824,0.3875,0.083,0.832,0.714,0.2945,0.607,0.56
940,,0.736,0.3,0.0175,0.79,0.692,0.253,0.5415,0.472
941,,0.648,0.2125,-0.048,0.748,0.67,0.2115,0.476,0.384
942,3,0.56,0.125,1.0,0.706,0.648,0.17,0.4105,0.296
943,,0.472,0.0375,0.9345,0.664,0.626,0.1285,0.345,0.208
944,,0.384,-0.05,0.869,0.622,0.604,0.087,0.2795,0.12
945,2,0.296,1.0,0.8035,0.58,0.582,0.0455,0.214,0.032
946,,0.208,0.9125,0.738,0.538,0.56,0.004,0.1485,-0.056
947,8,0.12,0.825,0.6725,0.496,0.538,-0.0375,0.083,1.0
948,6,0.032,0.7375,0.607,0.454,0.516,1.0,0.0175,0.912
949,,-0.056,0.65,0.5415,0.412,0.494,0.9585,-0.048,0.824
950,1,1.0,0.5625,0.476,0.37,0.472,0.917,-0.1135,0.736
951,7,0.912,0.475,0.4105,0.328,0.45,0.8755,1.0,0.648
952,,0.824,0.3875,0.345,0.286,0.428,0.834,0.9345,0.56
953,,0.736,0.3,0.2795,0.244,0.406,0.7925,0.869,0.472
954,,0.648,0.2125,0.214,0.202,0.384,0.751,0.8035,0.384
955,,0.56,0.125,0.1485,0.16,0.362,0.7095,0.738,0.296
956,,0.472,0.0375,0.083,0.118,0.34,0.668,0.6725,0.208
957,,0.384,-0.05,0.0175,0.076,0.318,0.6265,0.607,0.12
958,2,0.296,1.0,-0.048,0.034,0.296,0.585,0.5415,0.032
959,3,0.208,0.9125,1.0,-0.008,0.274,0.5435,0.476,-0.056
960,8,0.12,0.825,0.9345,-0.05,0.252,0.502,0.4105,1.0
961,4,0.032,0.7375,0.869,1.0,0.23,0.4605,0.345,0.912
962,,-0.056,0.65,0.8035,0.958,0.208,0.419,0.2795,0.824
963,1,1.0,0.5625,0.738,0.916,0.186,0.3775,0.214,0.736
964,,0.912,0.475,0.6725,0.874,0.164,0.336,0.1485,0.648
965,,0.824,0.3875,0.607,0.832,0.142,0.2945,0.083,0.56
966,,0.736,0.3,0.5415,0.79,0.12,0.253,0.0175,0.472
967,,0.648,0.2125,0.476,0.748,0.098,0.2115,-0.048,0.384
968,7,0.56,0.125,0.4105,0.706,0.076,0.17,1.0,0.296
969,,0.472,0.0375,0.345,0.664,0.054,0.1285,0.9345,0.208
970,,0.384,-0.05,0.2795,0.622,0.032,0.087,0.869,0.12
971,2,0.296,1.0,0.214,0.58,0.01,0.0455,0.8035,0.032
972,,0.208,0.9125,0.1485,0.538,-0.012,0.004,0.738,-0.056
973,8,0.12,0.825,0.083,0.496,-0.034,-0.0375,0.6725,1.0
974,6,0.032,0.7375,0.0175,0.454,-0.056,1.0,0.607,0.912
975,5,-0.056,0.65,-0.048,0.412,1.0,0.9585,0.5415,0.824
976,1,1.0,0.5625,-0.1135,0.37,0.978,0.917,0.476,0.736
977,3,0.912,0.475,1.0,0.328,0.956,0.8755,0.4105,0.648
978,,0.824,0.3875,0.9345,0.286,0.934,0.834,0.345,0.56
979,,0.736,0.3,0.869,0.244,0.912,0.7925,0.2795,0.472
980,,0.648,0.2125,0.8035,0.202,0.89,0.751,0.214,0.384
981,,0.56,0.125,0.738,0.16,0.868,0.7095,0.1485,0.296
982,,0.472,0.0375,0.6725,0.118,0.846,0.668,0.083,0.208
983,,0.384,-0.05,0.607,0.076,0.824,0.6265,0.0175,0.12
984,2,0.296,1.0,0.5415,0.034,0.802,0.585,-0.048,0.032
985,7,0.208,0.9125,0.476,-0.008,0.78,0.5435,1.0,-0.056
986,8,0.12,0.825,0.4105,-0.05,0.758,0.502,0.9345,1.0
987,4,0.032,0.7375,0.345,1.0,0.736,0.4605,0.869,0.912
988,,-0.056,0.65,0.2795,0.958,0.714,0.419,0.8035,0.824
989,1,1.0,0.5625,0.214,0.916,0.692,0.3775,0.738,0.736
990,,0.912,0.475,0.1485,0.874,0.67,0.336,0.6725,0.648
991,,0.824,0.3875,0.083,0.832,0.648,0.2945,0.607,0.56
992,,0.736,0.3,0.0175,0.79,0.626,0.253,0.5415,0.472
993,,0.648,0.2125,-0.048,0.748,0.604,0.2115,0.476,0.384
994,3,0.56,0.125,1.0,0.706,0.582,0.17,0.4105,0.296
995,,0.472,0.0375,0.9345,0.664,0.56,0.1285,0.345,0.208
996,,0.384,-0.05,0.869,0.622,0.538,0.087,0.2795,0.12
997,2,0.296,1.0,0.8035,0.58,0.516,0.0455,0.214,0.032
998,,0.208,0.9125,0.738,0.538,0.494,0.004,0.1485,-0.056
999,8,0.12,0.825,0.6725,0.496,0.472,-0.0375,0.083,1.0
1000,6,0.032,0.7375,0.607,0.454,0.45,1.0,0.0175,0.912
1001,,-0.056,0.65,0.5415,0.412,0.428,0.9585,-0.048,0.824
1002,1,1.0,0.5625,0.476,0.37,0.406,0.917,-0.1135,0.736
1003,7,0.912,0.475,0.4105,0.328,0.384,0.8755,1.0,0.648
1004,,0.824,0.3875,0.345,0.286,0.362,0.834,0.9345,0.56
1005,,0.736,0.3,0.2795,0.244,0.34,0.7925,0.869,0.472
1006,,0.648,0.2125,0.214,0.202,0.318,0.751,0.8035,0.384
1007,,0.56,0.125,0.1485,0.16,0.296,0.7095,0.738,0.296
1008,,0.472,0.0375,0.083,0.118,0.274,0.668,0.6725,0.208
1009,,0.384,-0.05,0.0175,0.076,0.252,0.6265,0.607,0.12
1010,2,0.296,1.0,-0.048,0.034,0.23,0.585,0.5415,0.032
1011,3,0.208,0.9125,1.0,-0.008,0.208,0.5435,0.476,-0.056
1012,8,0.12,0.825,0.9345,-0.05,0.186,0.502,0.4105,1.0
1013,4,0.032,0.7375,0.869,1.0,0.164,0.4605,0.345,0.912
1014,,-0.056,0.65,0.8035,0.958,0.142,0.419,0.2795,0.824
1015,1,1.0,0.5625,0.738,0.916,0.12,0.3775,0.214,0.736
1016,,0.912,0.475,0.6725,0.874,0.098,0.336,0.1485,0.648
1017,,0.824,0.3875,0.607,0.832,0.076,0.2945,0.083,0.56
1018,,0.736,0.3,0.5415,0.79,0.054,0.253,0.0175,0.472
1019,,0.648,0.2125,0.476,0.748,0.032,0.2115,-0.048,0.384
1020,7,0.56,0.125,0.4105,0.706,0.01,0.17,1.0,0.296
1021,,0.472,0.0375,0.345,0.664,-0.012,0.1285,0.9345,0.208
1022,5,0.384,-0.05,0.2795,0.622,1.0,0.087,0.869,0.12
1023,2,0.296,1.0,0.214,0.58,0.978,0.0455,0.8035,0.032
1024,,0.208,0.9125,0.1485,0.538,0.956,0.004,0.738,-0.056
1025,8,0.12,0.825,0.083,0.496,0.934,-0.0375,0.6725,1.0
1026,6,0.032,0.7375,0.0175,0.454,0.912,1.0,0.607,0.912
1027,,-0.056,0.65,-0.048,0.412,0.89,0.9585,0.5415,0.824
1028,1,1.0,0.5625,-0.1135,0.37,0.868,0.917,0.476,0.736
1029,3,0.912,0.475,1.0,0.328,0.846,0.8755,0.4105,0.648
1030,,0.824,0.3875,0.9345,0.286,0.824,0.834,0.345,0.56
1031,,0.736,0.3,0.869,0.244,0.802,0.7925,0.2795,0.472
1032,,0.648,0.2125,0.8035,0.202,0.78,0.751,0.214,0.384
1033,,0.56,0.125,0.738,0.16,0.758,0.7095,0.1485,0.296
1034,,0.472,0.0375,0.6725,0.118,0.736,0.668,0.083,0.208
1035,,0.384,-0.05,0.607,0.076,0.714,0.6265,0.0175,0.12
1036,2,0.296,1.0,0.5415,0.034,0.692,0.585,-0.048,0.032
1037,7,0.208,0.9125,0.476,-0.008,0.67,0.5435,1.0,-0.056
1038,8,0.12,0.825,0.4105,-0.05,0.648,0.502,0.9345,1.0
1039,4,0.032,0.7375,0.345,1.0,0.626,0.4605,0.869,0.912
1040,,-0.056,0.65,0.2795,0.958,0.604,0.419,0.8035,0.824
1041,1,1.0,0.5625,0.214,0.916,0.582,0.3775,0.738,0.736
1042,,0.912,0.475,0.1485,0.874,0.56,0.336,0.6725,0.648
1043,,0.824,0.3875,0.083,0.832,0.538,0.2945,0.607,0.56
1044,,0.736,0.3,0.0175,0.79,0.516,0.253,0.5415,0.472
1045,,0.648,0.2125,-0.048,0.748,0.494,0.2115,0.476,0.384
1046,3,0.56,0.125,1.0,0.706,0.472,0.17,0.4105,0.296
1047,,0.472,0.0375,0.9345,0.664,0.45,0.1285,0.345,0.208
1048,,0.384,-0.05,0.869,0.622,0.428,0.087,0.2795,0.12
1049,2,0.296,1.0,0.8035,0.58,0.406,0.0455,0.214,0.032
1050,,0.208,0.9125,0.738,0.538,0.384,0.004,0.1485,-0.056
1051,8,0.12,0.825,0.6725,0.496,0.362,-0.0375,0.083,1.0
1052,6,0.032,0.7375,0.607,0.454,0.34,1.0,0.0175,0.912
1053,,-0.056,0.65,0.5415,0.412,0.318,0.9585,-0.048,0.824
1054,1,1.0,0.5625,0.476,0.37,0.296,0.917,-0.1135,0.736
1055,7,0.912,0.475,0.4105,0.328,0.274,0.8755,1.0,0.648
1056,,0.824,0.3875,0.345,0.286,0.252,0.834,0.9345,0.56
1057,,0.736,0.3,0.2795,0.244,0.23,0.7925,0.869,0.472
1058,,0.648,0.2125,0.214,0.202,0.208,0.751,0.8035,0.384
1059,,0.56,0.125,0.1485,0.16,0.186,0.7095,0.738,0.296
1060,,0.472,0.0375,0.083,0.118,0.164,0.668,0.6725,0.208
1061,,0.384,-0.05,0.0175,0.076,0.142,0.6265,0.607,0.12
1062,2,0.296,1.0,-0.048,0.034,0.12,0.585,0.5415,0.032
1063,3,0.208,0.9125,1.0,-0.008,0.098,0.5435,0.476,-0.056
1064,8,0.12,0.825,0.9345,-0.05,0.076,0.502,0.4105,1.0
1065,4,0.032,0.7375,0.869,1.0,0.054,0.4605,0.345,0.912
1066,,-0.056,0.65,0.8035,0.958,0.032,0.419,0.2795,0.824
1067,1,1.0,0.5625,0.738,0.916,0.01,0.3775,0.214,0.736
1068,,0.912,0.475,0.6725,0.874,-0.012,0.336,0.1485,0.648
1069,5,0.824,0.3875,0.607,0.832,1.0,0.2945,0.083,0.56
1070,,0.736,0.3,0.5415,0.79,0.978,0.253,0.0175,0.472
1071,,0.648,0.2125,0.476,0.748,0.956,0.2115,-0.048,0.384
1072,7,0.56,0.125,0.4105,0.706,0.934,0.17,1.0,0.296
1073,,0.472,0.0375,0.345,0.664,0.912,0.1285,0.9345,0.208
1074,,0.384,-0.05,0.2795,0.622,0.89,0.087,0.869,0.12
1075,2,0.296,1.0,0.214,0.58,0.868,0.0455,0.8035,0.032
1076,,0.208,0.9125,0.1485,0.538,0.846,0.004,0.738,-0.056
1077,8,0.12,0.825,0.083,0.496,0.824,-0.0375,0.6725,1.0
1078,6,0.032,0.7375,0.0175,0.454,0.802,1.0,0.607,0.912
1079,,-0.056,0.65,-0.048,0.412,0.78,0.9585,0.5415,0.824
1080,1,1.0,0.5625,-0.1135,0.37,0.758,0.917,0.476,0.736
1081,3,0.912,0.475,1.0,0.328,0.736,0.8755,0.4105,0.648
1082,,0.824,0.3875,0.9345,0.286,0.714,0.834,0.345,0.56
1083,,0.736,0.3,0.869,0.244,0.692,0.7925,0.2795,0.472
1084,,0.648,0.2125,0.8035,0.202,0.67,0.751,0.214,0.384
1085,,0.56,0.125,0.738,0.16,0.648,0.7095,0.1485,0.296
1086,,0.472,0.0375,0.6725,0.118,0.626,0.668,0.083,0.208
1087,,0.384,-0.05,0.607,0.076,0.604,0.6265,0.0175,0.12
1088,2,0.296,1.0,0.5415,0.034,0.582,0.585,-0.048,0.032
1089,7,0.208,0.9125,0.476,-0.008,0.56,0.5435,1.0,-0.056
1090,8,0.12,0.825,0.4105,-0.05,0.538,0.502,0.9345,1.0
1091,4,0.032,0.7375,0.345,1.0,0.516,0.4605,0.869,0.912
1092,,-0.056,0.65,0.2795,0.958,0.494,0.419,0.8035,0.824
1093,1,1.0,0.5625,0.214,0.916,0.472,0.3775,0.738,0.736
1094,,0.912,0.475,0.1485,0.874,0.45,0.336,0.6725,0.648
1095,,0.824,0.3875,0.083,0.832,0.428,0.2945,0.607,0.56
1096,,0.736,0.3,0.0175,0.79,0.406,0.253,0.5415,0.472
1097,,0.648,0.2125,-0.048,0.748,0.384,0.2115,0.476,0.384
1098,3,0.56,0.125,1.0,0.706,0.362,0.17,0.4105,0.296
1099,,0.472,0.0375,0.9345,0.664,0.34,0.1285,0.345,0.208
1100,,0.384,-0.05,0.869,0.622,0.318,0.087,0.2795,0.12
1101,2,0.296,1.0,0.8035,0.58,0.296,0.0455,0.214,0.032
1102,,0.208,0.9125,0.738,0.538,0.274,0.004,0.1485,-0.056
1103,8,0.12,0.825,0.6725,0.496,0.252,-0.0375,0.083,1.0
1104,6,0.032,0.7375,0.607,0.454,0.23,1.0,0.0175,0.912
1105,,-0.056,0.65,0.5415,0.412,0.208,0.9585,-0.048,0.824
1106,1,1.0,0.5625,0.476,0.37,0.186,0.917,-0.1135,0.736
1107,7,0.912,0.475,0.4105,0.328,0.164,0.8755,1.0,0.648
1108,,0.824,0.3875,0.345,0.286,0.142,0.834,0.9345,0.56
1109,,0.736,0.3,0.2795,0.244,0.12,0.7925,0.869,0.472
1110,,0.648,0.2125,0.214,0.202,0.098,0.751,0.8035,0.384
1111,,0.56,0.125,0.1485,0.16,0.076,0.7095,0.738,0.296
1112,,0.472,0.0375,0.083,0.118,0.054,0.668,0.6725,0.208
1113,,0.384,-0.05,0.0175,0.076,0.032,0.6265,0.607,0.12
1114,2,0.296,1.0,-0.048,0.034,0.01,0.585,0.5415,0.032
1115,3,0.208,0.9125,1.0,-0.008,-0.012,0.5435,0.476,-0.056
1116,8,0.12,0.825,0.9345,-0.05,-0.034,0.502,0.4105,1.0
1117,4,0.032,0.7375,0.869,1.0,-0.056,0.4605,0.345,0.912
1118,5,-0.056,0.65,0.8035,0.958,1.0,0.419,0.2795,0.824
1119,1,1.0,0.5625,0.738,0.916,0.978,0.3775,0.214,0.736
1120,,0.912,0.475,0.6725,0.874,0.956,0.336,0.1485,0.648
1121,,0.824,0.3875,0.607,0.832,0.934,0.2945,0.083,0.56
1122,,0.736,0.3,0.5415,0.79,0.912,0.253,0.0175,0.472
1123,,0.648,0.2125,0.476,0.748,0.89,0.2115,-0.048,0.384
1124,7,0.56,0.125,0.4105,0.706,0.868,0.17,1.0,0.296
1125,,0.472,0.0375,0.345,0.664,0.846,0.1285,0.9345,0.208
1126,,0.384,-0.05,0.2795,0.622,0.824,0.087,0.869,0.12
1127,2,0.296,1.0,0.214,0.58,0.802,0.0455,0.8035,0.032
1128,,0.208,0.9125,0.1485,0.538,0.78,0.004,0.738,-0.056
1129,8,0.12,0.825,0.083,0.496,0.758,-0.0375,0.6725,1.0
1130,6,0.032,0.7375,0.0175,0.454,0.736,1.0,0.607,0.912
1131,,-0.056,0.65,-0.048,0.412,0.714,0.9585,0.5415,0.824
1132,1,1.0,0.5625,-0.1135,0.37,0.692,0.917,0.476,0.736
1133,3,0.912,0.475,1.0,0.328,0.67,0.8755,0.4105,0.648
1134,,0.824,0.3875,0.9345,0.286,0.648,0.834,0.345,0.56
1135,,0.736,0.3,0.869,0.244,0.626,0.7925,0.2795,0.472
1136,,0.648,0.2125,0.8035,0.202,0.604,0.751,0.214,0.384
1137,,0.56,0.125,0.738,0.16,0.582,0.7095,0.1485,0.296
1138,,0.472,0.0375,0.6725,0.118,0.56,0.668,0.083,0.208
1139,,0.384,-0.05,0.607,0.076,0.538,0.6265,0.0175,0.12
1140,2,0.296,1.0,0.5415,0.034,0.516,0.585,-0.048,0.032
1141,7,0.208,0.9125,0.476,-0.008,0.494,0.5435,1.0,-0.056
1142,8,0.12,0.825,0.4105,-0.05,0.472,0.502,0.9345,1.0
1143,4,0.032,0.7375,0.345,1.0,0.45,0.4605,0.869,0.912
1144,,-0.056,0.65,0.2795,0.958,0.428,0.419,0.8035,0.824
1145,1,1.0,0.5625,0.214,0.916,0.406,0.3775,0.738,0.736
1146,,0.912,0.475,0.1485,0.874,0.384,0.336,0.6725,0.648
1147,,0.824,0.3875,0.083,0.832,0.362,0.2945,0.607,0.56
1148,,0.736,0.3,0.0175,0.79,0.34,0.253,0.5415,0.472
1149,,0.648,0.2125,-0.048,0.748,0.318,0.2115,0.476,0.384
1150,3,0.56,0.125,1.0,0.706,0.296,0.17,0.4105,0.296
1151,,0.472,0.0375,0.9345,0.664,0.274,0.1285,0.345,0.208
1152,,0.384,-0.05,0.869,0.622,0.252,0.087,0.2795,0.12
1153,2,0.296,1.0,0.8035,0.58,0.23,0.0455,0.214,0.032
1154,,0.208,0.9125,0.738,0.538,0.208,0.004,0.1485,-0.056
1155,8,0.12,0.825,0.6725,0.496,0.186,-0.0375,0.083,1.0
1156,6,0.032,0.7375,0.607,0.454,0.164,1.0,0.0175,0.912
1157,,-0.056,0.65,0.5415,0.412,0.142,0.9585,-0.048,0.824
1158,1,1.0,0.5625,0.476,0.37,0.12,0.917,-0.1135,0.736
1159,7,0.912,0.475,0.4105,0.328,0.098,0.8755,1.0,0.648
1160,,0.824,0.3875,0.345,0.286,0.076,0.834,0.9345,0.56
1161,,0.736,0.3,0.2795,0.244,0.054,0.7925,0.869,0.472
1162,,0.648,0.2125,0.214,0.202,0.032,0.751,0.8035,0.384
1163,,0.56,0.125,0.1485,0.16,0.01,0.7095,0.738,0.296
1164,,0.472,0.0375,0.083,0.118,-0.012,0.668,0.6725,0.208
1165,5,0.384,-0.05,0.0175,0.076,1.0,0.6265,0.607,0.12
1166,2,0.296,1.0,-0.048,0.034,0.978,0.585,0.5415,0.032
1167,3,0.208,0.9125,1.0,-0.008,0.956,0.5435,0.476,-0.056
1168,8,0.12,0.825,0.9345,-0.05,0.934,0.502,0.4105,1.0
1169,4,0.032,0.7375,0.869,1.0,0.912,0.4605,0.345,0.912
1170,,-0.056,0.65,0.8035,0.958,0.89,0.419,0.2795,0.824
1171,1,1.0,0.5625,0.738,0.916,0.868,0.3775,0.214,0.736
1172,,0.912,0.475,0.6725,0.874,0.846,0.336,0.1485,0.648
1173,,0.824,0.3875,0.607,0.832,0.824,0.2945,0.083,0.56
1174,,0.736,0.3,0.5415,0.79,0.802,0.253,0.0175,0.472
1175,,0.648,0.2125,0.476,0.748,0.78,0.2115,-0.048,0.384
1176,7,0.56,0.125,0.4105,0.706,0.758,0.17,1.0,0.296
1177,,0.472,0.0375,0.345,0.664,0.736,0.1285,0.9345,0.208
1178,,0.384,-0.05,0.2795,0.622,0.714,0.087,0.869,0.12
1179,2,0.296,1.0,0.214,0.58,0.692,0.0455,0.8035,0.032
1180,,0.208,0.9125,0.1485,0.538,0.67,0.004,0.738,-0.056
1181,8,0.12,0.825,0.083,0.496,0.648,-0.0375,0.6725,1.0
1182,6,0.032,0.7375,0.0175,0.454,0.626,1.0,0.607,0.912
1183,,-0.056,0.65,-0.048,0.412,0.604,0.9585,0.5415,0.824
1184,1,1.0,0.5625,-0.1135,0.37,0.582,0.917,0.476,0.736
1185,3,0.912,0.475,1.0,0.328,0.56,0.8755,0.4105,0.648
1186,,0.824,0.3875,0.9345,0.286,0.538,0.834,0.345,0.56
1187,,0.736,0.3,0.869,0.244,0.516,0.7925,0.2795,0.472
1188,,0.648,0.2125,0.8035,0.202,0.494,0.751,0.214,0.384
1189,,0.56,0.125,0.738,0.16,0.472,0.7095,0.1485,0.296
1190,,0.472,0.0375,0.6725,0.118,0.45,0.668,0.083,0.208
1191,,0.384,-0.05,0.607,0.076,0.428,0.6265,0.0175,0.12
1192,2,0.296,1.0,0.5415,0.034,0.406,0.585,-0.048,0.032
1193,7,0.208,0.9125,0.476,-0.008,0.384,0.5435,1.0,-0.056
1194,8,0.12,0.825,0.4105,-0.05,0.362,0.502,0.9345,1.0
1195,4,0.032,0.7375,0.345,1.0,0.34,0.4605,0.869,0.912
1196,,-0.056,0.65,0.2795,0.958,0.318,0.419,0.8035,0.824
1197,1,1.0,0.5625,0.214,0.916,0.296,0.3775,0.738,0.736
1198,,0.912,0.475,0.1485,0.874,0.274,0.336,0.6725,0.648
1199,,0.824,0.3875,0.083,0.832,0.252,0.2945,0.607,0.56
1200,,0.736,0.3,0.0175,0.79,0.23,0.253,0.5415,0.472
1201,,0.648,0.2125,-0.048,0.748,0.208,0.2115,0.476,0.384
1202,3,0.56,0.125,1.0,0.706,0.186,0.17,0.4105,0.296
1203,,0.472,0.0375,0.9345,0.664,0.164,0.1285,0.345,0.208
1204,,0.384,-0.05,0.869,0.622,0.142,0.087,0.2795,0.12
1205,2,0.296,1.0,0.8035,0.58,0.12,0.0455,0.214,0.032
1206,,0.208,0.9125,0.738,0.538,0.098,0.004,0.1485,-0.056
1207,8,0.12,0.825,0.6725,0.496,0.076,-0.0375,0.083,1.0
1208,6,0.032,0.7375,0.607,0.454,0.054,1.0,0.0175,0.912
1209,,-0.056,0.65,0.5415,0.412,0.032,0.9585,-0.048,0.824
1210,1,1.0,0.5625,0.476,0.37,0.01,0.917,-0.1135,0.736
1211,7,0.912,0.475,0.4105,0.328,-0.012,0.8755,1.0,0.648
1212,5,0.824,0.3875,0.345,0.286,1.0,0.834,0.9345,0.56
1213,,0.736,0.3,0.2795,0.244,0.978,0.7925,0.869,0.472
1214,,0.648,0.2125,0.214,0.202,0.956,0.751,0.8035,0.384
1215,,0.56,0.125,0.1485,0.16,0.934,0.7095,0.738,0.296
1216,,0.472,0.0375,0.083,0.118,0.912,0.668,0.6725,0.208
1217,,0.384,-0.05,0.0175,0.076,0.89,0.6265,0.607,0.12
1218,2,0.296,1.0,-0.048,0.034,0.868,0.585,0.5415,0.032
1219,3,0.208,0.9125,1.0,-0.008,0.846,0.5435,0.476,-0.056
1220,8,0.12,0.825,0.9345,-0.05,0.824,0.502,0.4105,1.0
1221,4,0.032,0.7375,0.869,1.0,0.802,0.4605,0.345,0.912
1222,,-0.056,0.65,0.8035,0.958,0.78,0.419,0.2795,0.824
1223,1,1.0,0.5625,0.738,0.916,0.758,0.3775,0.214,0.736
1224,,0.912,0.475,0.6725,0.874,0.736,0.336,0.1485,0.648
1225,,0.824,0.3875,0.607,0.832,0.714,0.2945,0.083,0.56
1226,,0.736,0.3,0.5415,0.79,0.692,0.253,0.0175,0.472
1227,,0.648,0.2125,0.476,0.748,0.67,0.2115,-0.048,0.384
1228,7,0.56,0.125,0.4105,0.706,0.648,0.17,1.0,0.296
1229,,0.472,0.0375,0.345,0.664,0.626,0.1285,0.9345,0.208
1230,,0.384,-0.05,0.2795,0.622,0.604,0.087,0.869,0.12
1231,2,0.296,1.0,0.214,0.58,0.582,0.0455,0.8035,0.032
1232,,0.208,0.9125,0.1485,0.538,0.56,0.004,0.738,-0.056
1233,8,0.12,0.825,0.083,0.496,0.538,-0.0375,0.6725,1.0
1234,6,0.032,0.7375,0.0175,0.454,0.516,1.0,0.607,0.912
1235,,-0.056,0.65,-0.048,0.412,0.494,0.9585,0.5415,0.824
1236,1,1.0,0.5625,-0.1135,0.37,0.472,0.917,0.476,0.736
1237,3,0.912,0.475,1.0,0.328,0.45,0.8755,0.4105,0.648
1238,,0.824,0.3875,0.9345,0.286,0.428,0.834,0.345,0.56
1239,,0.736,0.3,0.869,0.244,0.406,0.7925,0.2795,0.472
1240,,0.648,0.2125,0.8035,0.202,0.384,0.751,0.214,0.384
1241,,0.56,0.125,0.738,0.16,0.362,0.7095,0.1485,0.296
1242,,0.472,0.0375,0.6725,0.118,0.34,0.668,0.083,0.208
1243,,0.384,-0.05,0.607,0.076,0.318,0.6265,0.0175,0.12
1244,2,0.296,1.0,0.5415,0.034,0.296,0.585,-0.048,0.032
1245,7,0.208,0.9125,0.476,-0.008,0.274,0.5435,1.0,-0.056
1246,8,0.12,0.825,0.4105,-0.05,0.252,0.502,0.9345,1.0
1247,4,0.032,0.7375,0.345,1.0,0.23,0.4605,0.869,0.912
1248,,-0.056,0.65,0.2795,0.958,0.208,0.419,0.8035,0.824
1249,1,1.0,0.5625,0.214,0.916,0.186,0.3775,0.738,0.736
1250,,0.912,0.475,0.1485,0.874,0.164,0.336,0.6725,0.648
1251,,0.824,0.3875,0.083,0.832,0.142,0.2945,0.607,0.56
1252,,0.736,0.3,0.0175,0.79,0.12,0.253,0.5415,0.472
1253,,0.648,0.2125,-0.048,0.748,0.098,0.2115,0.476,0.384
1254,3,0.56,0.125,1.0,0.706,0.076,0.17,0.4105,0.296
1255,,0.472,0.0375,0.9345,0.664,0.054,0.1285,0.345,0.208
1256,,0.384,-0.05,0.869,0.622,0.032,0.087,0.2795,0.12
1257,2,0.296,1.0,0.8035,0.58,0.01,0.0455,0.214,0.032
1258,,0.208,0.9125,0.738,0.538,-0.012,0.004,0.1485,-0.056
1259,8,0.12,0.825,0.6725,0.496,-0.034,-0.0375,0.083,1.0
1260,6,0.032,0.7375,0.607,0.454,-0.056,1.0,0.0175,0.912
1261,5,-0.056,0.65,0.5415,0.412,1.0,0.9585,-0.048,0.824
1262,1,1.0,0.5625,0.476,0.37,0.978,0.917,-0.1135,0.736
1263,7,0.912,0.475,0.4105,0.328,0.956,0.8755,1.0,0.648
1264,,0.824,0.3875,0.345,0.286,0.934,0.834,0.9345,0.56
1265,,0.736,0.3,0.2795,0.244,0.912,0.7925,0.869,0.472
1266,,0.648,0.2125,0.214,0.202,0.89,0.751,0.8035,0.384
1267,,0.56,0.125,0.1485,0.16,0.868,0.7095,0.738,0.296
1268,,0.472,0.0375,0.083,0.118,0.846,0.668,0.6725,0.208
1269,,0.384,-0.05,0.0175,0.076,0.824,0.6265,0.607,0.12
1270,2,0.296,1.0,-0.048,0.034,0.802,0.585,0.5415,0.032
1271,3,0.208,0.9125,1.0,-0.008,0.78,0.5435,0.476,-0.056
1272,8,0.12,0.825,0.9345,-0.05,0.758,0.502,0.4105,1.0
1273,4,0.032,0.7375,0.869,1.0,0.736,0.4605,0.345,0.912
1274,,-0.056,0.65,0.8035,0.958,0.714,0.419,0.2795,0.824
1275,1,1.0,0.5625,0.738,0.916,0.692,0.3775,0.214,0.736
1276,,0.912,0.475,0.6725,0.874,0.67,0.336,0.1485,0.648
1277,,0.824,0.3875,0.607,0.832,0.648,0.2945,0.083,0.56
1278,,0.736,0.3,0.5415,0.79,0.626,0.253,0.0175,0.472
1279,,0.648,0.2125,0.476,0.748,0.604,0.2115,-0.048,0.384
1280,7,0.56,0.125,0.4105,0.706,0.582,0.17,1.0,0.296
1281,,0.472,0.0375,0.345,0.664,0.56,0.1285,0.9345,0.208
1282,,0.384,-0.05,0.2795,0.622,0.538,0.087,0.869,0.12
1283,2,0.296,1.0,0.214,0.58,0.516,0.0455,0.8035,0.032
1284,,0.208,0.9125,0.1485,0.538,0.494,0.004,0.738,-0.056
1285,8,0.12,0.825,0.083,0.496,0.472,-0.0375,0.6725,1.0
1286,6,0.032,0.7375,0.0175,0.454,0.45,1.0,0.607,0.912
1287,,-0.056,0.65,-0.048,0.412,0.428,0.9585,0.5415,0.824
1288,1,1.0,0.5625,-0.1135,0.37,0.406,0.917,0.476,0.736
1289,3,0.912,0.475,1.0,0.328,0.384,0.8755,0.4105,0.648
1290,,0.824,0.3875,0.9345,0.286,0.362,0.834,0.345,0.56
1291,,0.736,0.3,0.869,0.244,0.34,0.7925,0.2795,0.472
1292,,0.648,0.2125,0.8035,0.202,0.318,0.751,0.214,0.384
1293,,0.56,0.125,0.738,0.16,0.296,0.7095,0.1485,0.296
1294,,0.472,0.0375,0.6725,0.118,0.274,0.668,0.083,0.208
1295,,0.384,-0.05,0.607,0.076,0.252,0.6265,0.0175,0.12
1296,2,0.296,1.0,0.5415,0.034,0.23,0.585,-0.048,0.032
1297,7,0.208,0.9125,0.476,-0.008,0.208,0.5435,1.0,-0.056
1298,8,0.12,0.825,0.4105,-0.05,0.186,0.502,0.9345,1.0
1299,4,0.032,0.7375,0.345,1.0,0.164,0.4605,0.869,0.912
1300,,-0.056,0.65,0.2795,0.958,0.142,0.419,0.8035,0.824
1301,1,1.0,0.5625,0.214,0.916,0.12,0.3775,0.738,0.736
1302,,0.912,0.475,0.1485,0.874,0.098,0.336,0.6725,0.648
1303,,0.824,0.3875,0.083,0.832,0.076,0.2945,0.607,0.56
1304,,0.736,0.3,0.0175,0.79,0.054,0.253,0.5415,0.472
1305,,0.648,0.2125,-0.048,0.748,0.032,0.2115,0.476,0.384
1306,3,0.56,0.125,1.0,0.706,0.01,0.17,0.4105,0.296
1307,,0.472,0.0375,0.9345,0.664,-0.012,0.1285,0.345,0.208
1308,5,0.384,-0.05,0.869,0.622,1.0,0.087,0.2795,0.12
1309,2,0.296,1.0,0.8035,0.58,0.978,0.0455,0.214,0.032
1310,,0.208,0.9125,0.738,0.538,0.956,0.004,0.1485,-0.056
1311,8,0.12,0.825,0.6725,0.496,0.934,-0.0375,0.083,1.0
1312,6,0.032,0.7375,0.607,0.454,0.912,1.0,0.0175,0.912
1313,,-0.056,0.65,0.5415,0.412,0.89,0.9585,-0.048,0.824
1314,1,1.0,0.5625,0.476,0.37,0.868,0.917,-0.1135,0.736
1315,7,0.912,0.475,0.4105,0.328,0.846,0.8755,1.0,0.648
1316,,0.824,0.3875,0.345,0.286,0.824,0.834,0.9345,0.56
1317,,0.736,0.3,0.2795,0.244,0.802,0.7925,0.869,0.472
1318,,0.648,0.2125,0.214,0.202,0.78,0.751,0.8035,0.384
1319,,0.56,0.125,0.1485,0.16,0.758,0.7095,0.738,0.296
1320,,0.472,0.0375,0.083,0.118,0.736,0.668,0.6725,0.208
1321,,0.384,-0.05,0.0175,0.076,0.714,0.6265,0.607,0.12
1322,2,0.296,1.0,-0.048,0.034,0.692,0.585,0.5415,0.032
1323,3,0.208,0.9125,1.0,-0.008,0.67,0.5435,0.476,-0.056
1324,8,0.12,0.825,0.9345,-0.05,0.648,0.502,0.4105,1.0
1325,4,0.032,0.7375,0.869,1.0,0.626,0.4605,0.345,0.912
1326,,-0.056,0.65,0.8035,0.958,0.604,0.419,0.2795,0.824
1327,1,1.0,0.5625,0.738,0.916,0.582,0.3775,0.214,0.736
1328,,0.912,0.475,0.6725,0.874,0.56,0.336,0.1485,0.648
1329,,0.824,0.3875,0.607,0.832,0.538,0.2945,0.083,0.56
1330,,0.736,0.3,0.5415,0.79,0.516,0.253,0.0175,0.472
1331,,0.648,0.2125,0.476,0.748,0.494,0.2115,-0.048,0.384
1332,7,0.56,0.125,0.4105,0.706,0.472,0.17,1.0,0.296
1333,,0.472,0.0375,0.345,0.664,0.45,0.1285,0.9345,0.208
1334,,0.384,-0.05,0.2795,0.622,0.428,0.087,0.869,0.12
1335,2,0.296,1.0,0.214,0.58,0.406,0.0455,0.8035,0.032
1336,,0.208,0.9125,0.1485,0.538,0.384,0.004,0.738,-0.056
1337,8,0.12,0.825,0.083,0.496,0.362,-0.0375,0.6725,1.0
1338,6,0.032,0.7375,0.0175,0.454,0.34,1.0,0.607,0.912
1339,,-0.056,0.65,-0.048,0.412,0.318,0.9585,0.5415,0.824
1340,1,1.0,0.5625,-0.1135,0.37,0.296,0.917,0.476,0.736
1341,3,0.912,0.475,1.0,0.328,0.274,0.8755,0.4105,0.648
1342,,0.824,0.3875,0.9345,0.286,0.252,0.834,0.345,0.56
1343,,0.736,0.3,0.869,0.244,0.23,0.7925,0.2795,0.472
1344,,0.648,0.2125,0.8035,0.202,0.208,0.751,0.214,0.384
1345,,0.56,0.125,0.738,0.16,0.186,0.7095,0.1485,0.296
1346,,0.472,0.0375,0.6725,0.118,0.164,0.668,0.083,0.208
1347,,0.384,-0.05,0.607,0.076,0.142,0.6265,0.0175,0.12
1348,2,0.296,1.0,0.5415,0.034,0.12,0.585,-0.048,0.032
1349,7,0.208,0.9125,0.476,-0.008,0.098,0.5435,1.0,-0.056
1350,8,0.12,0.825,0.4105,-0.05,0.076,0.502,0.9345,1.0
1351,4,0.032,0.7375,0.345,1.0,0.054,0.4605,0.869,0.912
1352,,-0.056,0.65,0.2795,0.958,0.032,0.419,0.8035,0.824
1353,1,1.0,0.5625,0.214,0.916,0.01,0.3775,0.738,0.736
1354,,0.912,0.475,0.1485,0.874,-0.012,0.336,0.6725,0.648
1355,5,0.824,0.3875,0.083,0.832,1.0,0.2945,0.607,0.56
1356,,0.736,0.3,0.0175,0.79,0.978,0.253,0.5415,0.472
1357,,0.648,0.2125,-0.048,0.748,0.956,0.2115,0.476,0.384
1358,3,0.56,0.125,1.0,0.706,0.934,0.17,0.4105,0.296
1359,,0.472,0.0375,0.9345,0.664,0.912,0.1285,0.345,0.208
1360,,0.384,-0.05,0.869,0.622,0.89,0.087,0.2795,0.12
1361,2,0.296,1.0,0.8035,0.58,0.868,0.0455,0.214,0.032
1362,,0.208,0.9125,0.738,0.538,0.846,0.004,0.1485,-0.056
1363,8,0.12,0.825,0.6725,0.496,0.824,-0.0375,0.083,1.0
1364,6,0.032,0.7375,0.607,0.454,0.802,1.0,0.0175,0.912
1365,,-0.056,0.65,0.5415,0.412,0.78,0.9585,-0.048,0.824
1366,1,1.0,0.5625,0.476,0.37,0.758,0.917,-0.1135,0.736
1367,7,0.912,0.475,0.4105,0.328,0.736,0.8755,1.0,0.648
1368,,0.824,0.3875,0.345,0.286,0.714,0.834,0.9345,0.56
1369,,0.736,0.3,0.2795,0.244,0.692,0.7925,0.869,0.472
1370,,0.648,0.2125,0.214,0.202,0.67,0.751,0.8035,0.384
1371,,0.56,0.125,0.1485,0.16,0.648,0.7095,0.738,0.296
1372,,0.472,0.0375,0.083,0.118,0.626,0.668,0.6725,0.208
1373,,0.384,-0.05,0.0175,0.076,0.604,0.6265,0.607,0.12
1374,2,0.296,1.0,-0.048,0.034,0.582,0.585,0.5415,0.032
1375,3,0.208,0.9125,1.0,-0.008,0.56,0.5435,0.476,-0.056
1376,8,0.12,0.825,0.9345,-0.05,0.538,0.502,0.4105,1.0
1377,4,0.032,0.7375,0.869,1.0,0.516,0.4605,0.345,0.912
1378,,-0.056,0.65,0.8035,0.958,0.494,0.419,0.2795,0.824
1379,1,1.0,0.5625,0.738,0.916,0.472,0.3775,0.214,0.736
1380,,0.912,0.475,0.6725,0.874,0.45,0.336,0.1485,0.648
1381,,0.824,0.3875,0.607,0.832,0.428,0.2945,0.083,0.56
1382,,0.736,0.3,0.5415,0.79,0.406,0.253,0.0175,0.472
1383,,0.648,0.2125,0.476,0.748,0.384,0.2115,-0.048,0.384
1384,7,0.56,0.125,0.4105,0.706,0.362,0.17,1.0,0.296
1385,,0.472,0.0375,0.345,0.664,0.34,0.1285,0.9345,0.208
1386,,0.384,-0.05,0.2795,0.622,0.318,0.087,0.869,0.12
1387,2,0.296,1.0,0.214,0.58,0.296,0.0455,0.8035,0.032
1388,,0.208,0.9125,0.1485,0.538,0.274,0.004,0.738,-0.056
1389,8,0.12,0.825,0.083,0.496,0.252,-0.0375,0.6725,1.0
1390,6,0.032,0.7375,0.0175,0.454,0.23,1.0,0.607,0.912
1391,,-0.056,0.65,-0.048,0.412,0.208,0.9585,0.5415,0.824
1392,1,1.0,0.5625,-0.1135,0.37,0.186,0.917,0.476,0.736
1393,3,0.912,0.475,1.0,0.328,0.164,0.8755,0.4105,0.648
1394,,0.824,0.3875,0.9345,0.286,0.142,0.834,0.345,0.56
1395,,0.736,0.3,0.869,0.244,0.12,0.7925,0.2795,0.472
1396,,0.648,0.2125,0.8035,0.202,0.098,0.751,0.214,0.384
1397,,0.56,0.125,0.738,0.16,0.076,0.7095,0.1485,0.296
1398,,0.472,0.0375,0.6725,0.118,0.054,0.668,0.083,0.208
1399,,0.384,-0.05,0.607,0.076,0.032,0.6265,0.0175,0.12
1400,2,0.296,1.0,0.5415,0.034,0.01,0.585,-0.048,0.032
1401,7,0.208,0.9125,0.476,-0.008,-0.012,0.5435,1.0,-0.056
1402,8,0.12,0.825,0.4105,-0.05,-0.034,0.502,0.9345,1.0
1403,4,0.032,0.7375,0.345,1.0,-0.056,0.4605,0.869,0.912
1404,5,-0.056,0.65,0.2795,0.958,1.0,0.419,0.8035,0.824
1405,1,1.0,0.5625,0.214,0.916,0.978,0.3775,0.738,0.736
1406,,0.912,0.475,0.1485,0.874,0.956,0.336,0.6725,0.648
1407,,0.824,0.3875,0.083,0.832,0.934,0.2945,0.607,0.56
1408,,0.736,0.3,0.0175,0.79,0.912,0.253,0.5415,0.472
1409,,0.648,0.2125,-0.048,0.748,0.89,0.2115,0.476,0.384
1410,3,0.56,0.125,1.0,0.706,0.868,0.17,0.4105,0.296
1411,,0.472,0.0375,0.9345,0.664,0.846,0.1285,0.345,0.208
1412,,0.384,-0.05,0.869,0.622,0.824,0.087,0.2795,0.12
1413,2,0.296,1.0,0.8035,0.58,0.802,0.0455,0.214,0.032
1414,,0.208,0.9125,0.738,0.538,0.78,0.004,0.1485,-0.056
1415,8,0.12,0.825,0.6725,0.496,0.758,-0.0375,0.083,1.0
1416,6,0.032,0.7375,0.607,0.454,0.736,1.0,0.0175,0.912
1417,,-0.056,0.65,0.5415,0.412,0.714,0.9585,-0.048,0.824
1418,1,1.0,0.5625,0.476,0.37,0.692,0.917,-0.1135,0.736
1419,7,0.912,0.475,0.4105,0.328,0.67,0.8755,1.0,0.648
1420,,0.824,0.3875,0.345,0.286,0.648,0.834,0.9345,0.56
1421,,0.736,0.3,0.2795,0.244,0.626,0.7925,0.869,0.472
1422,,0.648,0.2125,0.214,0.202,0.604,0.751,0.8035,0.384
1423,,0.56,0.125,0.1485,0.16,0.582,0.7095,0.738,0.296
1424,,0.472,0.0375,0.083,0.118,0.56,0.668,0.6725,0.208
1425,,0.384,-0.05,0.0175,0.076,0.538,0.6265,0.607,0.12
1426,2,0.296,1.0,-0.048,0.034,0.516,0.585,0.5415,0.032
1427,3,0.208,0.9125,1.0,-0.008,0.494,0.5435,0.476,-0.056
1428,8,0.12,0.825,0.9345,-0.05,0.472,0.502,0.4105,1.0
1429,4,0.032,0.7375,0.869,1.0,0.45,0.4605,0.345,0.912
1430,,-0.056,0.65,0.8035,0.958,0.428,0.419,0.2795,0.824
1431,1,1.0,0.5625,0.738,0.916,0.406,0.3775,0.214,0.736
1432,,0.912,0.475,0.6725,0.874,0.384,0.336,0.1485,0.648
1433,,0.824,0.3875,0.607,0.832,0.362,0.2945,0.083,0.56
1434,,0.736,0.3,0.5415,0.79,0.34,0.253,0.0175,0.472
1435,,0.648,0.2125,0.476,0.748,0.318,0.2115,-0.048,0.384
1436,7,0.56,0.125,0.4105,0.706,0.296,0.17,1.0,0.296
1437,,0.472,0.0375,0.345,0.664,0.274,0.1285,0.9345,0.208
1438,,0.384,-0.05,0.2795,0.622,0.252,0.087,0.869,0.12
1439,2,0.296,1.0,0.214,0.58,0.23,0.0455,0.8035,0.032
1440,,0.208,0.9125,0.1485,0.538,0.208,0.004,0.738,-0.056
1441,8,0.12,0.825,0.083,0.496,0.186,-0.0375,0.6725,1.0
1442,6,0.032,0.7375,0.0175,0.454,0.164,1.0,0.607,0.912
1443,,-0.056,0.65,-0.048,0.412,0.142,0.9585,0.5415,0.824
1444,1,1.0,0.5625,-0.1135,0.37,0.12,0.917,0.476,0.736
1445,3,0.912,0.475,1.0,0.328,0.098,0.8755,0.4105,0.648
1446,,0.824,0.3875,0.9345,0.286,0.076,0.834,0.345,0.56
1447,,0.736,0.3,0.869,0.244,0.054,0.7925,0.2795,0.472
1448,,0.648,0.2125,0.8035,0.202,0.032,0.751,0.214,0.384
1449,,0.56,0.125,0.738,0.16,0.01,0.7095,0.1485,0.296
1450,,0.472,0.0375,0.6725,0.118,-0.012,0.668,0.083,0.208
1451,5,0.384,-0.05,0.607,0.076,1.0,0.6265,0.0175,0.12
1452,2,0.296,1.0,0.5415,0.034,0.978,0.585,-0.048,0.032
1453,7,0.208,0.9125,0.476,-0.008,0.956,0.5435,1.0,-0.056
1454,8,0.12,0.825,0.4105,-0.05,0.934,0.502,0.9345,1.0
1455,4,0.032,0.7375,0.345,1.0,0.912,0.4605,0.869,0.912
1456,,-0.056,0.65,0.2795,0.958,0.89,0.419,0.8035,0.824
1457,1,1.0,0.5625,0.214,0.916,0.868,0.3775,0.738,0.736
1458,,0.912,0.475,0.1485,0.874,0.846,0.336,0.6725,0.648
1459,,0.824,0.3875,0.083,0.832,0.824,0.2945,0.607,0.56
1460,,0.736,0.3,0.0175,0.79,0.802,0.253,0.5415,0.472
1461,,0.648,0.2125,-0.048,0.748,0.78,0.2115,0.476,0.384
1462,3,0.56,0.125,1.0,0.706,0.758,0.17,0.4105,0.296
1463,,0.472,0.0375,0.9345,0.664,0.736,0.1285,0.345,0.208
1464,,0.384,-0.05,0.869,0.622,0.714,0.087,0.2795,0.12
1465,2,0.296,1.0,0.8035,0.58,0.692,0.0455,0.214,0.032
1466,,0.208,0.9125,0.738,0.538,0.67,0.004,0.1485,-0.056
1467,8,0.12,0.825,0.6725,0.496,0.648,-0.0375,0.083,1.0
1468,6,0.032,0.7375,0.607,0.454,0.626,1.0,0.0175,0.912
1469,,-0.056,0.65,0.5415,0.412,0.604,0.9585,-0.048,0.824
1470,1,1.0,0.5625,0.476,0.37,0.582,0.917,-0.1135,0.736
1471,7,0.912,0.475,0.4105,0.328,0.56,0.8755,1.0,0.648
1472,,0.824,0.3875,0.345,0.286,0.538,0.834,0.9345,0.56
1473,,0.736,0.3,0.2795,0.244,0.516,0.7925,0.869,0.472
1474,,0.648,0.2125,0.214,0.202,0.494,0.751,0.8035,0.384
1475,,0.56,0.125,0.1485,0.16,0.472,0.7095,0.738,0.296
1476,,0.472,0.0375,0.083,0.118,0.45,0.668,0.6725,0.208
1477,,0.384,-0.05,0.0175,0.076,0.428,0.6265,0.607,0.12
1478,2,0.296,1.0,-0.048,0.034,0.406,0.585,0.5415,0.032
1479,3,0.208,0.9125,1.0,-0.008,0.384,0.5435,0.476,-0.056
1480,8,0.12,0.825,0.9345,-0.05,0.362,0.502,0.4105,1.0
1481,4,0.032,0.7375,0.869,1.0,0.34,0.4605,0.345,0.912
1482,,-0.056,0.65,0.8035,0.958,0.318,0.419,0.2795,0.824
1483,1,1.0,0.5625,0.738,0.916,0.296,0.3775,0.214,0.736
1484,,0.912,0.475,0.6725,0.874,0.274,0.336,0.1485,0.648
1485,,0.824,0.3875,0.607,0.832,0.252,0.2945,0.083,0.56
1486,,0.736,0.3,0.5415,0.79,0.23,0.253,0.0175,0.472
1487,,0.648,0.2125,0.476,0.748,0.208,0.2115,-0.048,0.384
1488,7,0.56,0.125,0.4105,0.706,0.186,0.17,1.0,0.296
1489,,0.472,0.0375,0.345,0.664,0.164,0.1285,0.9345,0.208
1490,,0.384,-0.05,0.2795,0.622,0.142,0.087,0.869,0.12
1491,2,0.296,1.0,0.214,0.58,0.12,0.0455,0.8035,0.032
1492,,0.208,0.9125,0.1485,0.538,0.098,0.004,0.738,-0.056
1493,8,0.12,0.825,0.083,0.496,0.076,-0.0375,0.6725,1.0
1494,6,0.032,0.7375,0.0175,0.454,0.054,1.0,0.607,0.912
1495,,-0.056,0.65,-0.048,0.412,0.032,0.9585,0.5415,0.824
1496,1,1.0,0.5625,-0.1135,0.37,0.01,0.917,0.476,0.736
1497,3,0.912,0.475,1.0,0.328,-0.012,0.8755,0.4105,0.648
1498,5,0.824,0.3875,0.9345,0.286,1.0,0.834,0.345,0.56
1499,,0.736,0.3,0.869,0.244,0.978,0.7925,0.2795,0.472
1500,,0.648,0.2125,0.8035,0.202,0.956,0.751,0.214,0.384
1501,,0.56,0.125,0.738,0.16,0.934,0.7095,0.1485,0.296
1502,,0.472,0.0375,0.6725,0.118,0.912,0.668,0.083,0.208
1503,,0.384,-0.05,0.607,0.076,0.89,0.6265,0.0175,0.12
1504,2,0.296,1.0,0.5415,0.034,0.868,0.585,-0.048,0.032
1505,7,0.208,0.9125,0.476,-0.008,0.846,0.5435,1.0,-0.056
1506,8,0.12,0.825,0.4105,-0.05,0.824,0.502,0.9345,1.0
1507,4,0.032,0.7375,0.345,1.0,0.802,0.4605,0.869,0.912
1508,,-0.056,0.65,0.2795,0.958,0.78,0.419,0.8035,0.824
1509,1,1.0,0.5625,0.214,0.916,0.758,0.3775,0.738,0.736
1510,,0.912,0.475,0.1485,0.874,0.736,0.336,0.6725,0.648
1511,,0.824,0.3875,0.083,0.832,0.714,0.2945,0.607,0.56
1512,,0.736,0.3,0.0175,0.79,0.692,0.253,0.5415,0.472
1513,,0.648,0.2125,-0.048,0.748,0.67,0.2115,0.476,0.384
1514,3,0.56,0.125,1.0,0.706,0.648,0.17,0.4105,0.296
1515,,0.472,0.0375,0.9345,0.664,0.626,0.1285,0.345,0.208
1516,,0.384,-0.05,0.869,0.622,0.604,0.087,0.2795,0.12
1517,2,0.296,1.0,0.8035,0.58,0.582,0.0455,0.214,0.032
1518,,0.208,0.9125,0.738,0.538,0.56,0.004,0.1485,-0.056
1519,8,0.12,0.825,0.6725,0.496,0.538,-0.0375,0.083,1.0
1520,6,0.032,0.7375,0.607,0.454,0.516,1.0,0.0175,0.912
1521,,-0.056,0.65,0.5415,0.412,0.494,0.9585,-0.048,0.824
1522,1,1.0,0.5625,0.476,0.37,0.472,0.917,-0.1135,0.736
1523,7,0.912,0.475,0.4105,0.328,0.45,0.8755,1.0,0.648
1524,,0.824,0.3875,0.345,0.286,0.428,0.834,0.9345,0.56
1525,,0.736,0.3,0.2795,0.244,0.406,0.7925,0.869,0.472
1526,,0.648,0.2125,0.214,0.202,0.384,0.751,0.8035,0.384
1527,,0.56,0.125,0.1485,0.16,0.362,0.7095,0.738,0.296
1528,,0.472,0.0375,0.083,0.118,0.34,0.668,0.6725,0.208
1529,,0.384,-0.05,0.0175,0.076,0.318,0.6265,0.607,0.12
1530,2,0.296,1.0,-0.048,0.034,0.296,0.585,0.5415,0.032
1531,3,0.208,0.9125,1.0,-0.008,0.274,0.5435,0.476,-0.056
1532,8,0.12,0.825,0.9345,-0.05,0.252,0.502,0.4105,1.0
1533,4,0.032,0.7375,0.869,1.0,0.23,0.4605,0.345,0.912
1534,,-0.056,0.65,0.8035,0.958,0.208,0.419,0.2795,0.824
1535,1,1.0,0.5625,0.738,0.916,0.186,0.3775,0.214,0.736
1536,,0.912,0.475,0.6725,0.874,0.164,0.336,0.1485,0.648
1537,,0.824,0.3875,0.607,0.832,0.142,0.2945,0.083,0.56
1538,,0.736,0.3,0.5415,0.79,0.12,0.253,0.0175,0.472
1539,,0.648,0.2125,0.476,0.748,0.098,0.2115,-0.048,0.384
1540,7,0.56,0.125,0.4105,0.706,0.076,0.17,1.0,0.296
1541,,0.472,0.0375,0.345,0.664,0.054,0.1285,0.9345,0.208
1542,,0.384,-0.05,0.2795,0.622,0.032,0.087,0.869,0.12
1543,2,0.296,1.0,0.214,0.58,0.01,0.0455,0.8035,0.032
1544,,0.208,0.9125,0.1485,0.538,-0.012,0.004,0.738,-0.056
1545,8,0.12,0.825,0.083,0.496,-0.034,-0.0375,0.6725,1.0
1546,6,0.032,0.7375,0.0175,0.454,-0.056,1.0,0.607,0.912
1547,5,-0.056,0.65,-0.048,0.412,1.0,0.9585,0.5415,0.824
1548,1,1.0,0.5625,-0.1135,0.37,0.978,0.917,0.476,0.736
1549,3,0.912,0.475,1.0,0.328,0.956,0.8755,0.4105,0.648
1550,,0.824,0.3875,0.9345,0.286,0.934,0.834,0.345,0.56
1551,,0.736,0.3,0.869,0.244,0.912,0.7925,0.2795,0.472
1552,,0.648,0.2125,0.8035,0.202,0.89,0.751,0.214,0.384
1553,,0.56,0.125,0.738,0.16,0.868,0.7095,0.1485,0.296
1554,,0.472,0.0375,0.6725,0.118,0.846,0.668,0.083,0.208
1555,,0.384,-0.05,0.607,0.076,0.824,0.6265,0.0175,0.12
1556,2,0.296,1.0,0.5415,0.034,0.802,0.585,-0.048,0.032
1557,7,0.208,0.9125,0.476,-0.008,0.78,0.5435,1.0,-0.056
1558,8,0.12,0.825,0.4105,-0.05,0.758,0.502,0.9345,1.0
1559,4,0.032,0.7375,0.345,1.0,0.736,0.4605,0.869,0.912
1560,,-0.056,0.65,0.2795,0.958,0.714,0.419,0.8035,0.824
1561,1,1.0,0.5625,0.214,0.916,0.692,0.3775,0.738,0.736
1562,,0.912,0.475,0.1485,0.874,0.67,0.336,0.6725,0.648
1563,,0.824,0.3875,0.083,0.832,0.648,0.2945,0.607,0.56
1564,,0.736,0.3,0.0175,0.79,0.626,0.253,0.5415,0.472
1565,,0.648,0.2125,-0.048,0.748,0.604,0.2115,0.476,0.384
1566,3,0.56,0.125,1.0,0.706,0.582,0.17,0.4105,0.296
1567,,0.472,0.0375,0.9345,0.664,0.56,0.1285,0.345,0.208
1568,,0.384,-0.05,0.869,0.622,0.538,0.087,0.2795,0.12
1569,2,0.296,1.0,0.8035,0.58,0.516,0.0455,0.214,0.032
1570,,0.208,0.9125,0.738,0.538,0.494,0.004,0.1485,-0.056
1571,8,0.12,0.825,0.6725,0.496,0.472,-0.0375,0.083,1.0
1572,6,0.032,0.7375,0.607,0.454,0.45,1.0,0.0175,0.912
1573,,-0.056,0.65,0.5415,0.412,0.428,0.9585,-0.048,0.824
1574,1,1.0,0.5625,0.476,0.37,0.406,0.917,-0.1135,0.736
1575,7,0.912,0.475,0.4105,0.328,0.384,0.8755,1.0,0.648
1576,,0.824,0.3875,0.345,0.286,0.362,0.834,0.9345,0.56
1577,,0.736,0.3,0.2795,0.244,0.34,0.7925,0.869,0.472
1578,,0.648,0.2125,0.214,0.202,0.318,0.751,0.8035,0.384
1579,,0.56,0.125,0.1485,0.16,0.296,0.7095,0.738,0.296
1580,,0.472,0.0375,0.083,0.118,0.274,0.668,0.6725,0.208
1581,,0.384,-0.05,0.0175,0.076,0.252,0.6265,0.607,0.12
1582,2,0.296,1.0,-0.048,0.034,0.23,0.585,0.5415,0.032
1583,3,0.208,0.9125,1.0,-0.008,0.208,0.5435,0.476,-0.056
1584,8,0.12,0.825,0.9345,-0.05,0.186,0.502,0.4105,1.0
1585,4,0.032,0.7375,0.869,1.0,0.164,0.4605,0.345,0.912
1586,,-0.056,0.65,0.8035,0.958,0.142,0.419,0.2795,0.824
1587,1,1.0,0.5625,0.738,0.916,0.12,0.3775,0.214,0.736
1588,,0.912,0.475,0.6725,0.874,0.098,0.336,0.1485,0.648
1589,,0.824,0.3875,0.607,0.832,0.076,0.2945,0.083,0.56
1590,,0.736,0.3,0.5415,0.79,0.054,0.253,0.0175,0.472
1591,,0.648,0.2125,0.476,0.748,0.032,0.2115,-0.048,0.384
1592,7,0.56,0.125,0.4105,0.706,0.01,0.17,1.0,0.296
1593,,0.472,0.0375,0.345,0.664,-0.012,0.1285,0.9345,0.208
1594,5,0.384,-0.05,0.2795,0.622,1.0,0.087,0.869,0.12
1595,2,0.296,1.0,0.214,0.58,0.978,0.0455,0.8035,0.032
1596,,0.208,0.9125,0.1485,0.538,0.956,0.004,0.738,-0.056
1597,8,0.12,0.825,0.083,0.496,0.934,-0.0375,0.6725,1.0
1598,6,0.032,0.7375,0.0175,0.454,0.912,1.0,0.607,0.912
1599,,-0.056,0.65,-0.048,0.412,0.89,0.9585,0.5415,0.824
1600,1,1.0,0.5625,-0.1135,0.37,0.868,0.917,0.476,0.736
1601,3,0.912,0.475,1.0,0.328,0.846,0.8755,0.4105,0.648
1602,,0.824,0.3875,0.9345,0.286,0.824,0.834,0.345,0.56
1603,,0.736,0.3,0.869,0.244,0.802,0.7925,0.2795,0.472
1604,,0.648,0.2125,0.8035,0.202,0.78,0.751,0.214,0.384
1605,,0.56,0.125,0.738,0.16,0.758,0.7095,0.1485,0.296
1606,,0.472,0.0375,0.6725,0.118,0.736,0.668,0.083,0.208
1607,,0.384,-0.05,0.607,0.076,0.714,0.6265,0.0175,0.12
1608,2,0.296,1.0,0.5415,0.034,0.692,0.585,-0.048,0.032
1609,7,0.208,0.9125,0.476,-0.008,0.67,0.5435,1.0,-0.056
1610,8,0.12,0.825,0.4105,-0.05,0.648,0.502,0.9345,1.0
1611,4,0.032,0.7375,0.345,1.0,0.626,0.4605,0.869,0.912
1612,,-0.056,0.65,0.2795,0.958,0.604,0.419,0.8035,0.824
1613,1,1.0,0.5625,0.214,0.916,0.582,0.3775,0.738,0.736
1614,,0.912,0.475,0.1485,0.874,0.56,0.336,0.6725,0.648
1615,,0.824,0.3875,0.083,0.832,0.538,0.2945,0.607,0.56
1616,,0.736,0.3,0.0175,0.79,0.516,0.253,0.5415,0.472
1617,,0.648,0.2125,-0.048,0.748,0.494,0.2115,0.476,0.384
1618,3,0.56,0.125,1.0,0.706,0.472,0.17,0.4105,0.296
1619,,0.472,0.0375,0.9345,0.664,0.45,0.1285,0.345,0.208
1620,,0.384,-0.05,0.869,0.622,0.428,0.087,0.2795,0.12
1621,2,0.296,1.0,0.8035,0.58,0.406,0.0455,0.214,0.032
1622,,0.208,0.9125,0.738,0.538,0.384,0.004,0.1485,-0.056
1623,8,0.12,0.825,0.6725,0.496,0.362,-0.0375,0.083,1.0
1624,6,0.032,0.7375,0.607,0.454,0.34,1.0,0.0175,0.912
1625,,-0.056,0.65,0.5415,0.412,0.318,0.9585,-0.048,0.824
1626,1,1.0,0.5625,0.476,0.37,0.296,0.917,-0.1135,0.736
1627,7,0.912,0.475,0.4105,0.328,0.274,0.8755,1.0,0.648
1628,,0.824,0.3875,0.345,0.286,0.252,0.834,0.9345,0.56
1629,,0.736,0.3,0.2795,0.244,0.23,0.7925,0.869,0.472
1630,,0.648,0.2125,0.214,0.202,0.208,0.751,0.8035,0.384
1631,,0.56,0.125,0.1485,0.16,0.186,0.7095,0.738,0.296
1632,,0.472,0.0375,0.083,0.118,0.164,0.668,0.6725,0.208
1633,,0.384,-0.05,0.0175,0.076,0.142,0.6265,0.607,0.12
1634,2,0.296,1.0,-0.048,0.034,0.12,0.585,0.5415,0.032
1635,3,0.208,0.9125,1.0,-0.008,0.098,0.5435,0.476,-0.056
1636,8,0.12,0.825,0.9345,-0.05,0.076,0.502,0.4105,1.0
1637,4,0.032,0.7375,0.869,1.0,0.054,0.4605,0.345,0.912
1638,,-0.056,0.65,0.8035,0.958,0.032,0.419,0.2795,0.824
1639,1,1.0,0.5625,0.738,0.916,0.01,0.3775,0.214,0.736
1640,,0.912,0.475,0.6725,0.874,-0.012,0.336,0.1485,0.648
1641,5,0.824,0.3875,0.607,0.832,1.0,0.2945,0.083,0.56
1642,,0.736,0.3,0.5415,0.79,0.978,0.253,0.0175,0.472
1643,,0.648,0.2125,0.476,0.748,0.956,0.2115,-0.048,0.384
1644,7,0.56,0.125,0.4105,0.706,0.934,0.17,1.0,0.296
1645,,0.472,0.0375,0.345,0.664,0.912,0.1285,0.9345,0.208
1646,,0.384,-0.05,0.2795,0.622,0.89,0.087,0.869,0.12
1647,2,0.296,1.0,0.214,0.58,0.868,0.0455,0.8035,0.032
1648,,0.208,0.9125,0.1485,0.538,0.846,0.004,0.738,-0.056
1649,8,0.12,0.825,0.083,0.496,0.824,-0.0375,0.6725,1.0
1650,6,0.032,0.7375,0.0175,0.454,0.802,1.0,0.607,0.912
1651,,-0.056,0.65,-0.048,0.412,0.78,0.9585,0.5415,0.824
1652,1,1.0,0.5625,-0.1135,0.37,0.758,0.917,0.476,0.736
1653,3,0.912,0.475,1.0,0.328,0.736,0.8755,0.4105,0.648
1654,,0.824,0.3875,0.9345,0.286,0.714,0.834,0.345,0.56
1655,,0.736,0.3,0.869,0.244,0.692,0.7925,0.2795,0.472
1656,,0.648,0.2125,0.8035,0.202,0.67,0.751,0.214,0.384
1657,,0.56,0.125,0.738,0.16,0.648,0.7095,0.1485,0.296
1658,,0.472,0.0375,0.6725,0.118,0.626,0.668,0.083,0.208
1659,,0.384,-0.05,0.607,0.076,0.604,0.6265,0.0175,0.12
1660,2,0.296,1.0,0.5415,0.034,0.582,0.585,-0.048,0.032
1661,7,0.208,0.9125,0.476,-0.008,0.56,0.5435,1.0,-0.056
1662,8,0.12,0.825,0.4105,-0.05,0.538,0.502,0.9345,1.0
1663,4,0.032,0.7375,0.345,1.0,0.516,0.4605,0.869,0.912
1664,,-0.056,0.65,0.2795,0.958,0.494,0.419,0.8035,0.824
1665,1,1.0,0.5625,0.214,0.916,0.472,0.3775,0.738,0.736
1666,,0.912,0.475,0.1485,0.874,0.45,0.336,0.6725,0.648
1667,,0.824,0.3875,0.083,0.832,0.428,0.2945,0.607,0.56
1668,,0.736,0.3,0.0175,0.79,0.406,0.253,0.5415,0.472
1669,,0.648,0.2125,-0.048,0.748,0.384,0.2115,0.476,0.384
1670,3,0.56,0.125,1.0,0.706,0.362,0.17,0.4105,0.296
1671,,0.472,0.0375,0.9345,0.664,0.34,0.1285,0.345,0.208
1672,,0.384,-0.05,0.869,0.622,0.318,0.087,0.2795,0.12
1673,2,0.296,1.0,0.8035,0.58,0.296,0.0455,0.214,0.032
1674,,0.208,0.9125,0.738,0.538,0.274,0.004,0.1485,-0.056
1675,8,0.12,0.825,0.6725,0.496,0.252,-0.0375,0.083,1.0
1676,6,0.032,0.7375,0.607,0.454,0.23,1.0,0.0175,0.912
1677,,-0.056,0.65,0.5415,0.412,0.208,0.9585,-0.048,0.824
1678,1,1.0,0.5625,0.476,0.37,0.186,0.917,-0.1135,0.736
1679,7,0.912,0.475,0.4105,0.328,0.164,0.8755,1.0,0.648
1680,,0.824,0.3875,0.345,0.286,0.142,0.834,0.9345,0.56
1681,,0.736,0.3,0.2795,0.244,0.12,0.7925,0.869,0.472
1682,,0.648,0.2125,0.214,0.202,0.098,0.751,0.8035,0.384
1683,,0.56,0.125,0.1485,0.16,0.076,0.7095,0.738,0.296
1684,,0.472,0.0375,0.083,0.118,0.054,0.668,0.6725,0.208
1685,,0.384,-0.05,0.0175,0.076,0.032,0.6265,0.607,0.12
1686,2,0.296,1.0,-0.048,0.034,0.01,0.585,0.5415,0.032
1687,3,0.208,0.9125,1.0,-0.008,-0.012,0.5435,0.476,-0.056
1688,8,0.12,0.825,0.9345,-0.05,-0.034,0.502,0.4105,1.0
1689,4,0.032,0.7375,0.869,1.0,-0.056,0.4605,0.345,0.912
1690,5,-0.056,0.65,0.8035,0.958,1.0,0.419,0.2795,0.824
1691,1,1.0,0.5625,0.738,0.916,0.978,0.3775,0.214,0.736
1692,,0.912,0.475,0.6725,0.874,0.956,0.336,0.1485,0.648
1693,,0.824,0.3875,0.607,0.832,0.934,0.2945,0.083,0.56
1694,,0.736,0.3,0.5415,0.79,0.912,0.253,0.0175,0.472
1695,,0.648,0.2125,0.476,0.748,0.89,0.2115,-0.048,0.384
1696,7,0.56,0.125,0.4105,0.706,0.868,0.17,1.0,0.296
1697,,0.472,0.0375,0.345,0.664,0.846,0.1285,0.9345,0.208
1698,,0.384,-0.05,0.2795,0.622,0.824,0.087,0.869,0.12
1699,2,0.296,1.0,0.214,0.58,0.802,0.0455,0.8035,0.032
1700,,0.208,0.9125,0.1485,0.538,0.78,0.004,0.738,-0.056
1701,8,0.12,0.825,0.083,0.496,0.758,-0.0375,0.6725,1.0
1702,6,0.032,0.7375,0.0175,0.454,0.736,1.0,0.607,0.912
1703,,-0.056,0.65,-0.048,0.412,0.714,0.9585,0.5415,0.824
1704,1,1.0,0.5625,-0.1135,0.37,0.692,0.917,0.476,0.736
1705,3,0.912,0.475,1.0,0.328,0.67,0.8755,0.4105,0.648
1706,,0.824,0.3875,0.9345,0.286,0.648,0.834,0.345,0.56
1707,,0.736,0.3,0.869,0.244,0.626,0.7925,0.2795,0.472
1708,,0.648,0.2125,0.8035,0.202,0.604,0.751,0.214,0.384
1709,,0.56,0.125,0.738,0.16,0.582,0.7095,0.1485,0.296
1710,,0.472,0.0375,0.6725,0.118,0.56,0.668,0.083,0.208
1711,,0.384,-0.05,0.607,0.076,0.538,0.6265,0.0175,0.12
1712,2,0.296,1.0,0.5415,0.034,0.516,0.585,-0.048,0.032
1713,7,0.208,0.9125,0.476,-0.008,0.494,0.5435,1.0,-0.056
1714,8,0.12,0.825,0.4105,-0.05,0.472,0.502,0.9345,1.0
1715,4,0.032,0.7375,0.345,1.0,0.45,0.4605,0.869,0.912
1716,,-0.056,0.65,0.2795,0.958,0.428,0.419,0.8035,0.824
1717,1,1.0,0.5625,0.214,0.916,0.406,0.3775,0.738,0.736
1718,,0.912,0.475,0.1485,0.874,0.384,0.336,0.6725,0.648
1719,,0.824,0.3875,0.083,0.832,0.362,0.2945,0.607,0.56
1720,,0.736,0.3,0.0175,0.79,0.34,0.253,0.5415,0.472
1721,,0.648,0.2125,-0.048,0.748,0.318,0.2115,0.476,0.384
1722,3,0.56,0.125,1.0,0.706,0.296,0.17,0.4105,0.296
1723,,0.472,0.0375,0.9345,0.664,0.274,0.1285,0.345,0.208
1724,,0.384,-0.05,0.869,0.622,0.252,0.087,0.2795,0.12
1725,2,0.296,1.0,0.8035,0.58,0.23,0.0455,0.214,0.032
1726,,0.208,0.9125,0.738,0.538,0.208,0.004,0.1485,-0.056
1727,8,0.12,0.825,0.6725,0.496,0.186,-0.0375,0.083,1.0
1728,6,0.032,0.7375,0.607,0.454,0.164,1.0,0.0175,0.912
1729,,-0.056,0.65,0.5415,0.412,0.142,0.9585,-0.048,0.824
1730,1,1.0,0.5625,0.476,0.37,0.12,0.917,-0.1135,0.736
1731,7,0.912,0.475,0.4105,0.328,0.098,0.8755,1.0,0.648
1732,,0.824,0.3875,0.345,0.286,0.076,0.834,0.9345,0.56
1733,,0.736,0.3,0.2795,0.244,0.054,0.7925,0.869,0.472
1734,,0.648,0.2125,0.214,0.202,0.032,0.751,0.8035,0.384
1735,,0.56,0.125,0.1485,0.16,0.01,0.7095,0.738,0.296
1736,,0.472,0.0375,0.083,0.118,-0.012,0.668,0.6725,0.208
1737,5,0.384,-0.05,0.0175,0.076,1.0,0.6265,0.607,0.12
1738,2,0.296,1.0,-0.048,0.034,0.978,0.585,0.5415,0.032
1739,3,0.208,0.9125,1.0,-0.008,0.956,0.5435,0.476,-0.056
1740,8,0.12,0.825,0.9345,-0.05,0.934,0.502,0.4105,1.0
1741,4,0.032,0.7375,0.869,1.0,0.912,0.4605,0.345,0.912
1742,,-0.056,0.65,0.8035,0.958,0.89,0.419,0.2795,0.824
1743,1,1.0,0.5625,0.738,0.916,0.868,0.3775,0.214,0.736
1744,,0.912,0.475,0.6725,0.874,0.846,0.336,0.1485,0.648
1745,,0.824,0.3875,0.607,0.832,0.824,0.2945,0.083,0.56
1746,,0.736,0.3,0.5415,0.79,0.802,0.253,0.0175,0.472
1747,,0.648,0.2125,0.476,0.748,0.78,0.2115,-0.048,0.384
1748,7,0.56,0.125,0.4105,0.706,0.758,0.17,1.0,0.296
1749,,0.472,0.0375,0.345,0.664,0.736,0.1285,0.9345,0.208
1750,,0.384,-0.05,0.2795,0.622,0.714,0.087,0.869,0.12
1751,2,0.296,1.0,0.214,0.58,0.692,0.0455,0.8035,0.032
1752,,0.208,0.9125,0.1485,0.538,0.67,0.004,0.738,-0.056
1753,8,0.12,0.825,0.083,0.496,0.648,-0.0375,0.6725,1.0
1754,6,0.032,0.7375,0.0175,0.454,0.626,1.0,0.607,0.912
1755,,-0.056,0.65,-0.048,0.412,0.604,0.9585,0.5415,0.824
1756,1,1.0,0.5625,-0.1135,0.37,0.582,0.917,0.476,0.736
1757,3,0.912,0.475,1.0,0.328,0.56,0.8755,0.4105,0.648
1758,,0.824,0.3875,0.9345,0.286,0.538,0.834,0.345,0.56
1759,,0.736,0.3,0.869,0.244,0.516,0.7925,0.2795,0.472
1760,,0.648,0.2125,0.8035,0.202,0.494,0.751,0.214,0.384
1761,,0.56,0.125,0.738,0.16,0.472,0.7095,0.1485,0.296
1762,,0.472,0.0375,0.6725,0.118,0.45,0.668,0.083,0.208
1763,,0.384,-0.05,0.607,0.076,0.428,0.6265,0.0175,0.12
1764,2,0.296,1.0,0.5415,0.034,0.406,0.585,-0.048,0.032
1765,7,0.208,0.9125,0.476,-0.008,0.384,0.5435,1.0,-0.056
1766,8,0.12,0.825,0.4105,-0.05,0.362,0.502,0.9345,1.0
1767,4,0.032,0.7375,0.345,1.0,0.34,0.4605,0.869,0.912
1768,,-0.056,0.65,0.2795,0.958,0.318,0.419,0.8035,0.824
1769,1,1.0,0.5625,0.214,0.916,0.296,0.3775,0.738,0.736
1770,,0.912,0.475,0.1485,0.874,0.274,0.336,0.6725,0.648
1771,,0.824,0.3875,0.083,0.832,0.252,0.2945,0.607,0.56
1772,,0.736,0.3,0.0175,0.79,0.23,0.253,0.5415,0.472
1773,,0.648,0.2125,-0.048,0.748,0.208,0.2115,0.476,0.384
1774,3,0.56,0.125,1.0,0.706,0.186,0.17,0.4105,0.296
1775,,0.472,0.0375,0.9345,0.664,0.164,0.1285,0.345,0.208
1776,,0.384,-0.05,0.869,0.622,0.142,0.087,0.2795,0.12
1777,2,0.296,1.0,0.8035,0.58,0.12,0.0455,0.214,0.032
1778,,0.208,0.9125,0.738,0.538,0.098,0.004,0.1485,-0.056
1779,8,0.12,0.825,0.6725,0.496,0.076,-0.0375,0.083,1.0
1780,6,0.032,0.7375,0.607,0.454,0.054,1.0,0.0175,0.912
1781,,-0.056,0.65,0.5415,0.412,0.032,0.9585,-0.048,0.824
1782,1,1.0,0.5625,0.476,0.37,0.01,0.917,-0.1135,0.736
1783,7,0.912,0.475,0.4105,0.328,-0.012,0.8755,1.0,0.648
1784,5,0.824,0.3875,0.345,0.286,1.0,0.834,0.9345,0.56
1785,,0.736,0.3,0.2795,0.244,0.978,0.7925,0.869,0.472
1786,,0.648,0.2125,0.214,0.202,0.956,0.751,0.8035,0.384
1787,,0.56,0.125,0.1485,0.16,0.934,0.7095,0.738,0.296
1788,,0.472,0.0375,0.083,0.118,0.912,0.668,0.6725,0.208
1789,,0.384,-0.05,0.0175,0.076,0.89,0.6265,0.607,0.12
1790,2,0.296,1.0,-0.048,0.034,0.868,0.585,0.5415,0.032
1791,3,0.208,0.9125,1.0,-0.008,0.846,0.5435,0.476,-0.056
1792,8,0.12,0.825,0.9345,-0.05,0.824,0.502,0.4105,1.0
1793,4,0.032,0.7375,0.869,1.0,0.802,0.4605,0.345,0.912
1794,,-0.056,0.65,0.8035,0.958,0.78,0.419,0.2795,0.824
1795,1,1.0,0.5625,0.738,0.916,0.758,0.3775,0.214,0.736
1796,,0.912,0.475,0.6725,0.874,0.736,0.336,0.1485,0.648
1797,,0.824,0.3875,0.607,0.832,0.714,0.2945,0.083,0.56
1798,,0.736,0.3,0.5415,0.79,0.692,0.253,0.0175,0.472
1799,,0.648,0.2125,0.476,0.748,0.67,0.2115,-0.048,0.384
1800,7,0.56,0.125,0.4105,0.706,0.648,0.17,1.0,0.296
1801,,0.472,0.0375,0.345,0.664,0.626,0.1285,0.9345,0.208
1802,,0.384,-0.05,0.2795,0.622,0.604,0.087,0.869,0.12
1803,2,0.296,1.0,0.214,0.58,0.582,0.0455,0.8035,0.032
1804,,0.208,0.9125,0.1485,0.538,0.56,0.004,0.738,-0.056
1805,8,0.12,0.825,0.083,0.496,0.538,-0.0375,0.6725,1.0
1806,6,0.032,0.7375,0.0175,0.454,0.516,1.0,0.607,0.912
1807,,-0.056,0.65,-0.048,0.412,0.494,0.9585,0.5415,0.824
1808,1,1.0,0.5625,-0.1135,0.37,0.472,0.917,0.476,0.736
1809,3,0.912,0.475,1.0,0.328,0.45,0.8755,0.4105,0.648
1810,,0.824,0.3875,0.9345,0.286,0.428,0.834,0.345,0.56
1811,,0.736,0.3,0.869,0.244,0.406,0.7925,0.2795,0.472
1812,,0.648,0.2125,0.8035,0.202,0.384,0.751,0.214,0.384
1813,,0.56,0.125,0.738,0.16,0.362,0.7095,0.1485,0.296
1814,,0.472,0.0375,0.6725,0.118,0.34,0.668,0.083,0.208
1815,,0.384,-0.05,0.607,0.076,0.318,0.6265,0.0175,0.12
1816,2,0.296,1.0,0.5415,0.034,0.296,0.585,-0.048,0.032
1817,7,0.208,0.9125,0.476,-0.008,0.274,0.5435,1.0,-0.056
1818,8,0.12,0.825,0.4105,-0.05,0.252,0.502,0.9345,1.0
1819,4,0.032,0.7375,0.345,1.0,0.23,0.4605,0.869,0.912
1820,,-0.056,0.65,0.2795,0.958,0.208,0.419,0.8035,0.824
1821,1,1.0,0.5625,0.214,0.916,0.186,0.3775,0.738,0.736
1822,,0.912,0.475,0.1485,0.874,0.164,0.336,0.6725,0.648
1823,,0.824,0.3875,0.083,0.832,0.142,0.2945,0.607,0.56
1824,,0.736,0.3,0.0175,0.79,0.12,0.253,0.5415,0.472
1825,,0.648,0.2125,-0.048,0.748,0.098,0.2115,0.476,0.384
1826,3,0.56,0.125,1.0,0.706,0.076,0.17,0.4105,0.296
1827,,0.472,0.0375,0.9345,0.664,0.054,0.1285,0.345,0.208
1828,,0.384,-0.05,0.869,0.622,0.032,0.087,0.2795,0.12
1829,2,0.296,1.0,0.8035,0.58,0.01,0.0455,0.214,0.032
1830,,0.208,0.9125,0.738,0.538,-0.012,0.004,0.1485,-0.056
1831,8,0.12,0.825,0.6725,0.496,-0.034,-0.0375,0.083,1.0
1832,6,0.032,0.7375,0.607,0.454,-0.056,1.0,0.0175,0.912
1833,5,-0.056,0.65,0.5415,0.412,1.0,0.9585,-0.048,0.824
1834,1,1.0,0.5625,0.476,0.37,0.978,0.917,-0.1135,0.736
1835,7,0.912,0.475,0.4105,0.328,0.956,0.8755,1.0,0.648
1836,,0.824,0.3875,0.345,0.286,0.934,0.834,0.9345,0.56
1837,,0.736,0.3,0.2795,0.244,0.912,0.7925,0.869,0.472
1838,,0.648,0.2125,0.214,0.202,0.89,0.751,0.8035,0.384
1839,,0.56,0.125,0.1485,0.16,0.868,0.7095,0.738,0.296
1840,,0.472,0.0375,0.083,0.118,0.846,0.668,0.6725,0.208
1841,,0.384,-0.05,0.0175,0.076,0.824,0.6265,0.607,0.12
1842,2,0.296,1.0,-0.048,0.034,0.802,0.585,0.5415,0.032
1843,3,0.208,0.9125,1.0,-0.008,0.78,0.5435,0.476,-0.056
1844,8,0.12,0.825,0.9345,-0.05,0.758,0.502,0.4105,1.0
1845,4,0.032,0.7375,0.869,1.0,0.736,0.4605,0.345,0.912
1846,,-0.056,0.65,0.8035,0.958,0.714,0.419,0.2795,0.824
1847,1,1.0,0.5625,0.738,0.916,0.692,0.3775,0.214,0.736
1848,,0.912,0.475,0.6725,0.874,0.67,0.336,0.1485,0.648
1849,,0.824,0.3875,0.607,0.832,0.648,0.2945,0.083,0.56
1850,,0.736,0.3,0.5415,0.79,0.626,0.253,0.0175,0.472
1851,,0.648,0.2125,0.476,0.748,0.604,0.2115,-0.048,0.384
1852,7,0.56,0.125,0.4105,0.706,0.582,0.17,1.0,0.296
1853,,0.472,0.0375,0.345,0.664,0.56,0.1285,0.9345,0.208
1854,,0.384,-0.05,0.2795,0.622,0.538,0.087,0.869,0.12
1855,2,0.296,1.0,0.214,0.58,0.516,0.0455,0.8035,0.032
1856,,0.208,0.9125,0.1485,0.538,0.494,0.004,0.738,-0.056
1857,8,0.12,0.825,0.083,0.496,0.472,-0.0375,0.6725,1.0
1858,6,0.032,0.7375,0.0175,0.454,0.45,1.0,0.607,0.912
1859,,-0.056,0.65,-0.048,0.412,0.428,0.9585,0.5415,0.824
1860,1,1.0,0.5625,-0.1135,0.37,0.406,0.917,0.476,0.736
1861,3,0.912,0.475,1.0,0.328,0.384,0.8755,0.4105,0.648
1862,,0.824,0.3875,0.9345,0.286,0.362,0.834,0.345,0.56
1863,,0.736,0.3,0.869,0.244,0.34,0.7925,0.2795,0.472
1864,,0.648,0.2125,0.8035,0.202,0.318,0.751,0.214,0.384
1865,,0.56,0.125,0.738,0.16,0.296,0.7095,0.1485,0.296
1866,,0.472,0.0375,0.6725,0.118,0.274,0.668,0.083,0.208
1867,,0.384,-0.05,0.607,0.076,0.252,0.6265,0.0175,0.12
1868,2,0.296,1.0,0.5415,0.034,0.23,0.585,-0.048,0.032
1869,7,0.208,0.9125,0.476,-0.008,0.208,0.5435,1.0,-0.056
1870,8,0.12,0.825,0.4105,-0.05,0.186,0.502,0.9345,1.0
1871,4,0.032,0.7375,0.345,1.0,0.164,0.4605,0.869,0.912
1872,,-0.056,0.65,0.2795,0.958,0.142,0.419,0.8035,0.824
1873,1,1.0,0.5625,0.214,0.916,0.12,0.3775,0.738,0.736
1874,,0.912,0.475,0.1485,0.874,0.098,0.336,0.6725,0.648
1875,,0.824,0.3875,0.083,0.832,0.076,0.2945,0.607,0.56
1876,,0.736,0.3,0.0175,0.79,0.054,0.253,0.5415,0.472
1877,,0.648,0.2125,-0.048,0.748,0.032,0.2115,0.476,0.384
1878,3,0.56,0.125,1.0,0.706,0.01,0.17,0.4105,0.296
1879,,0.472,0.0375,0.9345,0.664,-0.012,0.1285,0.345,0.208
1880,5,0.384,-0.05,0.869,0.622,1.0,0.087,0.2795,0.12
1881,2,0.296,1.0,0.8035,0.58,0.978,0.0455,0.214,0.032
1882,,0.208,0.9125,0.738,0.538,0.956,0.004,0.1485,-0.056
1883,8,0.12,0.825,0.6725,0.496,0.934,-0.0375,0.083,1.0
1884,6,0.032,0.7375,0.607,0.454,0.912,1.0,0.0175,0.912
1885,,-0.056,0.65,0.5415,0.412,0.89,0.9585,-0.048,0.824
1886,1,1.0,0.5625,0.476,0.37,0.868,0.917,-0.1135,0.736
1887,7,0.912,0.475,0.4105,0.328,0.846,0.8755,1.0,0.648
1888,,0.824,0.3875,0.345,0.286,0.824,0.834,0.9345,0.56
1889,,0.736,0.3,0.2795,0.244,0.802,0.7925,0.869,0.472
1890,,0.648,0.2125,0.214,0.202,0.78,0.751,0.8035,0.384
1891,,0.56,0.125,0.1485,0.16,0.758,0.7095,0.738,0.296
1892,,0.472,0.0375,0.083,0.118,0.736,0.668,0.6725,0.208
1893,,0.384,-0.05,0.0175,0.076,0.714,0.6265,0.607,0.12
1894,2,0.296,1.0,-0.048,0.034,0.692,0.585,0.5415,0.032
1895,3,0.208,0.9125,1.0,-0.008,0.67,0.5435,0.476,-0.056
1896,8,0.12,0.825,0.9345,-0.05,0.648,0.502,0.4105,1.0
1897,4,0.032,0.7375,0.869,1.0,0.626,0.4605,0.345,0.912
1898,,-0.056,0.65,0.8035,0.958,0.604,0.419,0.2795,0.824
1899,1,1.0,0.5625,0.738,0.916,0.582,0.3775,0.214,0.736
1900,,0.912,0.475,0.6725,0.874,0.56,0.336,0.1485,0.648
1901,,0.824,0.3875,0.607,0.832,0.538,0.2945,0.083,0.56
1902,,0.736,0.3,0.5415,0.79,0.516,0.253,0.0175,0.472
1903,,0.648,0.2125,0.476,0.748,0.494,0.2115,-0.048,0.384
1904,7,0.56,0.125,0.4105,0.706,0.472,0.17,1.0,0.296
1905,,0.472,0.0375,0.345,0.664,0.45,0.1285,0.9345,0.208
1906,,0.384,-0.05,0.2795,0.622,0.428,0.087,0.869,0.12
1907,2,0.296,1.0,0.214,0.58,0.406,0.0455,0.8035,0.032
1908,,0.208,0.9125,0.1485,0.538,0.384,0.004,0.738,-0.056
1909,8,0.12,0.825,0.083,0.496,0.362,-0.0375,0.6725,1.0
1910,6,0.032,0.7375,0.0175,0.454,0.34,1.0,0.607,0.912
1911,,-0.056,0.65,-0.048,0.412,0.318,0.9585,0.5415,0.824
1912,1,1.0,0.5625,-0.1135,0.37,0.296,0.917,0.476,0.736
1913,3,0.912,0.475,1.0,0.328,0.274,0.8755,0.4105,0.648
1914,,0.824,0.3875,0.9345,0.286,0.252,0.834,0.345,0.56
1915,,0.736,0.3,0.869,0.244,0.23,0.7925,0.2795,0.472
1916,,0.648,0.2125,0.8035,0.202,0.208,0.751,0.214,0.384
1917,,0.56,0.125,0.738,0.16,0.186,0.7095,0.1485,0.296
1918,,0.472,0.0375,0.6725,0.118,0.164,0.668,0.083,0.208
1919,,0.384,-0.05,0.607,0.076,0.142,0.6265,0.0175,0.12
1920,2,0.296,1.0,0.5415,0.034,0.12,0.585,-0.048,0.032
1921,7,0.208,0.9125,0.476,-0.008,0.098,0.5435,1.0,-0.056
1922,8,0.12,0.825,0.4105,-0.05,0.076,0.502,0.9345,1.0
1923,4,0.032,0.7375,0.345,1.0,0.054,0.4605,0.869,0.912
1924,,-0.056,0.65,0.2795,0.958,0.032,0.419,0.8035,0.824
1925,1,1.0,0.5625,0.214,0.916,0.01,0.3775,0.738,0.736
1926,,0.912,0.475,0.1485,0.874,-0.012,0.336,0.6725,0.648
1927,5,0.824,0.3875,0.083,0.832,1.0,0.2945,0.607,0.56
1928,,0.736,0.3,0.0175,0.79,0.978,0.253,0.5415,0.472
1929,,0.648,0.2125,-0.048,0.748,0.956,0.2115,0.476,0.384
1930,3,0.56,0.125,1.0,0.706,0.934,0.17,0.4105,0.296
1931,,0.472,0.0375,0.9345,0.664,0.912,0.1285,0.345,0.208
1932,,0.384,-0.05,0.869,0.622,0.89,0.087,0.2795,0.12
1933,2,0.296,1.0,0.8035,0.58,0.868,0.0455,0.214,0.032
1934,,0.208,0.9125,0.738,0.538,0.846,0.004,0.1485,-0.056
1935,8,0.12,0.825,0.6725,0.496,0.824,-0.0375,0.083,1.0
1936,6,0.032,0.7375,0.607,0.454,0.802,1.0,0.0175,0.912
1937,,-0.056,0.65,0.5415,0.412,0.78,0.9585,-0.048,0.824
1938,1,1.0,0.5625,0.476,0.37,0.758,0.917,-0.1135,0.736
1939,7,0.912,0.475,0.4105,0.328,0.736,0.8755,1.0,0.648
1940,,0.824,0.3875,0.345,0.286,0.714,0.834,0.9345,0.56
1941,,0.736,0.3,0.2795,0.244,0.692,0.7925,0.869,0.472
1942,,0.648,0.2125,0.214,0.202,0.67,0.751,0.8035,0.384
1943,,0.56,0.125,0.1485,0.16,0.648,0.7095,0.738,0.296
1944,,0.472,0.0375,0.083,0.118,0.626,0.668,0.6725,0.208
1945,,0.384,-0.05,0.0175,0.076,0.604,0.6265,0.607,0.12
1946,2,0.296,1.0,-0.048,0.034,0.582,0.585,0.5415,0.032
1947,3,0.208,0.9125,1.0,-0.008,0.56,0.5435,0.476,-0.056
1948,8,0.12,0.825,0.9345,-0.05,0.538,0.502,0.4105,1.0
1949,4,0.032,0.7375,0.869,1.0,0.516,0.4605,0.345,0.912
1950,,-0.056,0.65,0.8035,0.958,0.494,0.419,0.2795,0.824
1951,1,1.0,0.5625,0.738,0.916,0.472,0.3775,0.214,0.736
1952,,0.912,0.475,0.6725,0.874,0.45,0.336,0.1485,0.648
1953,,0.824,0.3875,0.607,0.832,0.428,0.2945,0.083,0.56
1954,,0.736,0.3,0.5415,0.79,0.406,0.253,0.0175,0.472
1955,,0.648,0.2125,0.476,0.748,0.384,0.2115,-0.048,0.384
1956,7,0.56,0.125,0.4105,0.706,0.362,0.17,1.0,0.296
1957,,0.472,0.0375,0.345,0.664,0.34,0.1285,0.9345,0.208
1958,,0.384,-0.05,0.2795,0.622,0.318,0.087,0.869,0.12
1959,2,0.296,1.0,0.214,0.58,0.296,0.0455,0.8035,0.032
1960,,0.208,0.9125,0.1485,0.538,0.274,0.004,0.738,-0.056
1961,8,0.12,0.825,0.083,0.496,0.252,-0.0375,0.6725,1.0
1962,6,0.032,0.7375,0.0175,0.454,0.23,1.0,0.607,0.912
1963,,-0.056,0.65,-0.048,0.412,0.208,0.9585,0.5415,0.824
1964,1,1.0,0.5625,-0.1135,0.37,0.186,0.917,0.476,0.736
1965,3,0.912,0.475,1.0,0.328,0.164,0.8755,0.4105,0.648
1966,,0.824,0.3875,0.9345,0.286,0.142,0.834,0.345,0.56
1967,,0.736,0.3,0.869,0.244,0.12,0.7925,0.2795,0.472
1968,,0.648,0.2125,0.8035,0.202,0.098,0.751,0.214,0.384
1969,,0.56,0.125,0.738,0.16,0.076,0.7095,0.1485,0.296
1970,,0.472,0.0375,0.6725,0.118,0.054,0.668,0.083,0.208
1971,,0.384,-0.05,0.607,0.076,0.032,0.6265,0.0175,0.12
1972,2,0.296,1.0,0.5415,0.034,0.01,0.585,-0.048,0.032
1973,7,0.208,0.9125,0.476,-0.008,-0.012,0.5435,1.0,-0.056
1974,8,0.12,0.825,0.4105,-0.05,-0.034,0.502,0.9345,1.0
1975,4,0.032,0.7375,0.345,1.0,-0.056,0.4605,0.869,0.912
1976,5,-0.056,0.65,0.2795,0.958,1.0,0.419,0.8035,0.824
1977,1,1.0,0.5625,0.214,0.916,0.978,0.3775,0.738,0.736
1978,,0.912,0.475,0.1485,0.874,0.956,0.336,0.6725,0.648
1979,,0.824,0.3875,0.083,0.832,0.934,0.2945,0.607,0.56
1980,,0.736,0.3,0.0175,0.79,0.912,0.253,0.5415,0.472
1981,,0.648,0.2125,-0.048,0.748,0.89,0.2115,0.476,0.384
1982,3,0.56,0.125,1.0,0.706,0.868,0.17,0.4105,0.296
1983,,0.472,0.0375,0.9345,0.664,0.846,0.1285,0.345,0.208
1984,,0.384,-0.05,0.869,0.622,0.824,0.087,0.2795,0.12
1985,2,0.296,1.0,0.8035,0.58,0.802,0.0455,0.214,0.032
1986,,0.208,0.9125,0.738,0.538,0.78,0.004,0.1485,-0.056
1987,8,0.12,0.825,0.6725,0.496,0.758,-0.0375,0.083,1.0
1988,6,0.032,0.7375,0.607,0.454,0.736,1.0,0.0175,0.912
1989,,-0.056,0.65,0.5415,0.412,0.714,0.9585,-0.048,0.824
1990,1,1.0,0.5625,0.476,0.37,0.692,0.917,-0.1135,0.736
1991,7,0.912,0.475,0.4105,0.328,0.67,0.8755,1.0,0.648
1992,,0.824,0.3875,0.345,0.286,0.648,0.834,0.9345,0.56
1993,,0.736,0.3,0.2795,0.244,0.626,0.7925,0.869,0.472
1994,,0.648,0.2125,0.214,0.202,0.604,0.751,0.8035,0.384
1995,,0.56,0.125,0.1485,0.16,0.582,0.7095,0.738,0.296
1996,,0.472,0.0375,0.083,0.118,0.56,0.668,0.6725,0.208
1997,,0.384,-0.05,0.0175,0.076,0.538,0.6265,0.607,0.12
1998,2,0.296,1.0,-0.048,0.034,0.516,0.585,0.5415,0.032
1999,3,0.208,0.9125,1.0,-0.008,0.494,0.5435,0.476,-0.056
2000,8,0.12,0.825,0.9345,-0.05,0.472,0.502,0.4105,1.0
2001,4,0.032,0.7375,0.869,1.0,0.45,0.4605,0.345,0.912
2002,,-0.056,0.65,0.8035,0.958,0.428,0.419,0.2795,0.824
2003,1,1.0,0.5625,0.738,0.916,0.406,0.3775,0.214,0.736
2004,,0.912,0.475,0.6725,0.874,0.384,0.336,0.1485,0.648
2005,,0.824,0.3875,0.607,0.832,0.362,0.2945,0.083,0.56
2006,,0.736,0.3,0.5415,0.79,0.34,0.253,0.0175,0.472
2007,,0.648,0.2125,0.476,0.748,0.318,0.2115,-0.048,0.384
2008,7,0.56,0.125,0.4105,0.706,0.296,0.17,1.0,0.296
2009,,0.472,0.0375,0.345,0.664,0.274,0.1285,0.9345,0.208
2010,,0.384,-0.05,0.2795,0.622,0.252,0.087,0.869,0.12
2011,2,0.296,1.0,0.214,0.58,0.23,0.0455,0.8035,0.032
2012,,0.208,0.9125,0.1485,0.538,0.208,0.004,0.738,-0.056
2013,8,0.12,0.825,0.083,0.496,0.186,-0.0375,0.6725,1.0
2014,6,0.032,0.7375,0.0175,0.454,0.164,1.0,0.607,0.912
2015,,-0.056,0.65,-0.048,0.412,0.142,0.9585,0.5415,0.824
2016,1,1.0,0.5625,-0.1135,0.37,0.12,0.917,0.476,0.736
2017,3,0.912,0.475,1.0,0.328,0.098,0.8755,0.4105,0.648
2018,,0.824,0.3875,0.9345,0.286,0.076,0.834,0.345,0.56
2019,,0.736,0.3,0.869,0.244,0.054,0.7925,0.2795,0.472
2020,,0.648,0.2125,0.8035,0.202,0.032,0.751,0.214,0.384
2021,,0.56,0.125,0.738,0.16,0.01,0.7095,0.1485,0.296
2022,,0.472,0.0375,0.6725,0.118,-0.012,0.668,0.083,0.208
2023,5,0.384,-0.05,0.607,0.076,1.0,0.6265,0.0175,0.12
2024,2,0.296,1.0,0.5415,0.034,0.978,0.585,-0.048,0.032
2025,7,0.208,0.9125,0.476,-0.008,0.956,0.5435,1.0,-0.056
2026,8,0.12,0.825,0.4105,-0.05,0.934,0.502,0.9345,1.0
2027,4,0.032,0.7375,0.345,1.0,0.912,0.4605,0.869,0.912
2028,,-0.056,0.65,0.2795,0.958,0.89,0.419,0.8035,0.824
2029,1,1.0,0.5625,0.214,0.916,0.868,0.3775,0.738,0.736
2030,,0.912,0.475,0.1485,0.874,0.846,0.336,0.6725,0.648
2031,,0.824,0.3875,0.083,0.832,0.824,0.2945,0.607,0.56
2032,,0.736,0.3,0.0175,0.79,0.802,0.253,0.5415,0.472
2033,,0.648,0.2125,-0.048,0.748,0.78,0.2115,0.476,0.384
2034,3,0.56,0.125,1.0,0.706,0.758,0.17,0.4105,0.296
2035,,0.472,0.0375,0.9345,0.664,0.736,0.1285,0.345,0.208
2036,,0.384,-0.05,0.869,0.622,0.714,0.087,0.2795,0.12
2037,2,0.296,1.0,0.8035,0.58,0.692,0.0455,0.214,0.032
2038,,0.208,0.9125,0.738,0.538,0.67,0.004,0.1485,-0.056
2039,8,0.12,0.825,0.6725,0.496,0.648,-0.0375,0.083,1.0
2040,6,0.032,0.7375,0.607,0.454,0.626,1.0,0.0175,0.912
2041,,-0.056,0.65,0.5415,0.412,0.604,0.9585,-0.048,0.824
2042,1,1.0,0.5625,0.476,0.37,0.582,0.917,-0.1135,0.736
2043,7,0.912,0.475,0.4105,0.328,0.56,0.8755,1.0,0.648
2044,,0.824,0.3875,0.345,0.286,0.538,0.834,0.9345,0.56
2045,,0.736,0.3,0.2795,0.244,0.516,0.7925,0.869,0.472
2046,,0.648,0.2125,0.214,0.202,0.494,0.751,0.8035,0.384
2047,,0.56,0.125,0.1485,0.16,0.472,0.7095,0.738,0.296
2048,,0.472,0.0375,0.083,0.118,0.45,0.668,0.6725,0.208
2049,,0.384,-0.05,0.0175,0.076,0.428,0.6265,0.607,0.12
2050,2,0.296,1.0,-0.048,0.034,0.406,0.585,0.5415,0.032
2051,3,0.208,0.9125,1.0,-0.008,0.384,0.5435,0.476,-0.056
2052,8,0.12,0.825,0.9345,-0.05,0.362,0.502,0.4105,1.0
2053,4,0.032,0.7375,0.869,1.0,0.34,0.4605,0.345,0.912
2054,,-0.056,0.65,0.8035,0.958,0.318,0.419,0.2795,0.824
2055,1,1.0,0.5625,0.738,0.916,0.296,0.3775,0.214,0.736
2056,,0.912,0.475,0.6725,0.874,0.274,0.336,0.1485,0.648
2057,,0.824,0.3875,0.607,0.832,0.252,0.2945,0.083,0.56
2058,,0.736,0.3,0.5415,0.79,0.23,0.253,0.0175,0.472
2059,,0.648,0.2125,0.476,0.748,0.208,0.2115,-0.048,0.384
2060,7,0.56,0.125,0.4105,0.706,0.186,0.17,1.0,0.296
2061,,0.472,0.0375,0.345,0.664,0.164,0.1285,0.9345,0.208
2062,,0.384,-0.05,0.2795,0.622,0.142,0.087,0.869,0.12
2063,2,0.296,1.0,0.214,0.58,0.12,0.0455,0.8035,0.032
2064,,0.208,0.9125,0.1485,0.538,0.098,0.004,0.738,-0.056
2065,8,0.12,0.825,0.083,0.496,0.076,-0.0375,0.6725,1.0
2066,6,0.032,0.7375,0.0175,0.454,0.054,1.0,0.607,0.912
2067,,-0.056,0.65,-0.048,0.412,0.032,0.9585,0.5415,0.824
2068,1,1.0,0.5625,-0.1135,0.37,0.01,0.917,0.476,0.736
2069,3,0.912,0.475,1.0,0.328,-0.012,0.8755,0.4105,0.648
2070,5,0.824,0.3875,0.9345,0.286,1.0,0.834,0.345,0.56
2071,,0.736,0.3,0.869,0.244,0.978,0.7925,0.2795,0.472
2072,,0.648,0.2125,0.8035,0.202,0.956,0.751,0.214,0.384
2073,,0.56,0.125,0.738,0.16,0.934,0.7095,0.1485,0.296
2074,,0.472,0.0375,0.6725,0.118,0.912,0.668,0.083,0.208
2075,,0.384,-0.05,0.607,0.076,0.89,0.6265,0.0175,0.12
2076,2,0.296,1.0,0.5415,0.034,0.868,0.585,-0.048,0.032
2077,7,0.208,0.9125,0.476,-0.008,0.846,0.5435,1.0,-0.056
2078,8,0.12,0.825,0.4105,-0.05,0.824,0.502,0.9345,1.0
2079,4,0.032,0.7375,0.345,1.0,0.802,0.4605,0.869,0.912
2080,,-0.056,0.65,0.2795,0.958,0.78,0.419,0.8035,0.824
2081,1,1.0,0.5625,0.214,0.916,0.758,0.3775,0.738,0.736
2082,,0.912,0.475,0.1485,0.874,0.736,0.336,0.6725,0.648
2083,,0.824,0.3875,0.083,0.832,0.714,0.2945,0.607,0.56
2084,,0.736,0.3,0.0175,0.79,0.692,0.253,0.5415,0.472
2085,,0.648,0.2125,-0.048,0.748,0.67,0.2115,0.476,0.384
2086,3,0.56,0.125,1.0,0.706,0.648,0.17,0.4105,0.296
2087,,0.472,0.0375,0.9345,0.664,0.626,0.1285,0.345,0.208
2088,,0.384,-0.05,0.869,0.622,0.604,0.087,0.2795,0.12
2089,2,0.296,1.0,0.8035,0.58,0.582,0.0455,0.214,0.032
2090,,0.208,0.9125,0.738,0.538,0.56,0.004,0.1485,-0.056
2091,8,0.12,0.825,0.6725,0.496,0.538,-0.0375,0.083,1.0
2092,6,0.032,0.7375,0.607,0.454,0.516,1.0,0.0175,0.912
2093,,-0.056,0.65,0.5415,0.412,0.494,0.9585,-0.048,0.824
2094,1,1.0,0.5625,0.476,0.37,0.472,0.917,-0.1135,0.736
2095,7,0.912,0.475,0.4105,0.328,0.45,0.8755,1.0,0.648
2096,,0.824,0.3875,0.345,0.286,0.428,0.834,0.9345,0.56
2097,,0.736,0.3,0.2795,0.244,0.406,0.7925,0.869,0.472
2098,,0.648,0.2125,0.214,0.202,0.384,0.751,0.8035,0.384
2099,,0.56,0.125,0.1485,0.16,0.362,0.7095,0.738,0.296
2100,,0.472,0.0375,0.083,0.118,0.34,0.668,0.6725,0.208
2101,,0.384,-0.05,0.0175,0.076,0.318,0.6265,0.607,0.12
2102,2,0.296,1.0,-0.048,0.034,0.296,0.585,0.5415,0.032
2103,3,0.208,0.9125,1.0,-0.008,0.274,0.5435,0.476,-0.056
2104,8,0.12,0.825,0.9345,-0.05,0.252,0.502,0.4105,1.0
2105,4,0.032,0.7375,0.869,1.0,0.23,0.4605,0.345,0.912
2106,,-0.056,0.65,0.8035,0.958,0.208,0.419,0.2795,0.824
2107,1,1.0,0.5625,0.738,0.916,0.186,0.3775,0.214,0.736
2108,,0.912,0.475,0.6725,0.874,0.164,0.336,0.1485,0.648
2109,,0.824,0.3875,0.607,0.832,0.142,0.2945,0.083,0.56
2110,,0.736,0.3,0.5415,0.79,0.12,0.253,0.0175,0.472
2111,,0.648,0.2125,0.476,0.748,0.098,0.2115,-0.048,0.384
2112,7,0.56,0.125,0.4105,0.706,0.076,0.17,1.0,0.296
2113,,0.472,0.0375,0.345,0.664,0.054,0.1285,0.9345,0.208
2114,,0.384,-0.05,0.2795,0.622,0.032,0.087,0.869,0.12
2115,2,0.296,1.0,0.214,0.58,0.01,0.0455,0.8035,0.032
2116,,0.208,0.9125,0.1485,0.538,-0.012,0.004,0.738,-0.056
2117,8,0.12,0.825,0.083,0.496,-0.034,-0.0375,0.6725,1.0
2118,6,0.032,0.7375,0.0175,0.454,-0.056,1.0,0.607,0.912
2119,5,-0.056,0.65,-0.048,0.412,1.0,0.9585,0.5415,0.824
2120,1,1.0,0.5625,-0.1135,0.37,0.978,0.917,0.476,0.736
2121,3,0.912,0.475,1.0,0.328,0.956,0.8755,0.4105,0.648
2122,,0.824,0.3875,0.9345,0.286,0.934,0.834,0.345,0.56
2123,,0.736,0.3,0.869,0.244,0.912,0.7925,0.2795,0.472
2124,,0.648,0.2125,0.8035,0.202,0.89,0.751,0.214,0.384
2125,,0.56,0.125,0.738,0.16,0.868,0.7095,0.1485,0.296
2126,,0.472,0.0375,0.6725,0.118,0.846,0.668,0.083,0.208
2127,,0.384,-0.05,0.607,0.076,0.824,0.6265,0.0175,0.12
2128,2,0.296,1.0,0.5415,0.034,0.802,0.585,-0.048,0.032
2129,7,0.208,0.9125,0.476,-0.008,0.78,0.5435,1.0,-0.056
2130,8,0.12,0.825,0.4105,-0.05,0.758,0.502,0.9345,1.0
2131,4,0.032,0.7375,0.345,1.0,0.736,0.4605,0.869,0.912
2132,,-0.056,0.65,0.2795,0.958,0.714,0.419,0.8035,0.824
2133,1,1.0,0.5625,0.214,0.916,0.692,0.3775,0.738,0.736
2134,,0.912,0.475,0.1485,0.874,0.67,0.336,0.6725,0.648
2135,,0.824,0.3875,0.083,0.832,0.648,0.2945,0.607,0.56
2136,,0.736,0.3,0.0175,0.79,0.626,0.253,0.5415,0.472
2137,,0.648,0.2125,-0.048,0.748,0.604,0.2115,0.476,0.384
2138,3,0.56,0.125,1.0,0.706,0.582,0.17,0.4105,0.296
2139,,0.472,0.0375,0.9345,0.664,0.56,0.1285,0.345,0.208
2140,,0.384,-0.05,0.869,0.622,0.538,0.087,0.2795,0.12
2141,2,0.296,1.0,0.8035,0.58,0.516,0.0455,0.214,0.032
2142,,0.208,0.9125,0.738,0.538,0.494,0.004,0.1485,-0.056
2143,8,0.12,0.825,0.6725,0.496,0.472,-0.0375,0.083,1.0
2144,6,0.032,0.7375,0.607,0.454,0.45,1.0,0.0175,0.912
2145,,-0.056,0.65,0.5415,0.412,0.428,0.9585,-0.048,0.824
2146,1,1.0,0.5625,0.476,0.37,0.406,0.917,-0.1135,0.736
2147,7,0.912,0.475,0.4105,0.328,0.384,0.8755,1.0,0.648
2148,,0.824,0.3875,0.345,0.286,0.362,0.834,0.9345,0.56
2149,,0.736,0.3,0.2795,0.244,0.34,0.7925,0.869,0.472
2150,,0.648,0.2125,0.214,0.202,0.318,0.751,0.8035,0.384
2151,,0.56,0.125,0.1485,0.16,0.296,0.7095,0.738,0.296
2152,,0.472,0.0375,0.083,0.118,0.274,0.668,0.6725,0.208
2153,,0.384,-0.05,0.0175,0.076,0.252,0.6265,0.607,0.12
2154,2,0.296,1.0,-0.048,0.034,0.23,0.585,0.5415,0.032
2155,3,0.208,0.9125,1.0,-0.008,0.208,0.5435,0.476,-0.056
2156,8,0.12,0.825,0.9345,-0.05,0.186,0.502,0.4105,1.0
2157,4,0.032,0.7375,0.869,1.0,0.164,0.4605,0.345,0.912
2158,,-0.056,0.65,0.8035,0.958,0.142,0.419,0.2795,0.824
2159,1,1.0,0.5625,0.738,0.916,0.12,0.3775,0.214,0.736
2160,,0.912,0.475,0.6725,0.874,0.098,0.336,0.1485,0.648
2161,,0.824,0.3875,0.607,0.832,0.076,0.2945,0.083,0.56
2162,,0.736,0.3,0.5415,0.79,0.054,0.253,0.0175,0.472
2163,,0.648,0.2125,0.476,0.748,0.032,0.2115,-0.048,0.384
2164,7,0.56,0.125,0.4105,0.706,0.01,0.17,1.0,0.296
2165,,0.472,0.0375,0.345,0.664,-0.012,0.1285,0.9345,0.208
2166,5,0.384,-0.05,0.2795,0.622,1.0,0.087,0.869,0.12
2167,2,0.296,1.0,0.214,0.58,0.978,0.0455,0.8035,0.032
2168,,0.208,0.9125,0.1485,0.538,0.956,0.004,0.738,-0.056
2169,8,0.12,0.825,0.083,0.496,0.934,-0.0375,0.6725,1.0
2170,6,0.032,0.7375,0.0175,0.454,0.912,1.0,0.607,0.912
2171,,-0.056,0.65,-0.048,0.412,0.89,0.9585,0.5415,0.824
2172,1,1.0,0.5625,-0.1135,0.37,0.868,0.917,0.476,0.736
2173,3,0.912,0.475,1.0,0.328,0.846,0.8755,0.4105,0.648
2174,,0.824,0.3875,0.9345,0.286,0.824,0.834,0.345,0.56
2175,,0.736,0.3,0.869,0.244,0.802,0.7925,0.2795,0.472
2176,,0.648,0.2125,0.8035,0.202,0.78,0.751,0.214,0.384
2177,,0.56,0.125,0.738,0.16,0.758,0.7095,0.1485,0.296
2178,,0.472,0.0375,0.6725,0.118,0.736,0.668,0.083,0.208
2179,,0.384,-0.05,0.607,0.076,0.714,0.6265,0.0175,0.12
2180,2,0.296,1.0,0.5415,0.034,0.692,0.585,-0.048,0.032
2181,7,0.208,0.9125,0.476,-0.008,0.67,0.5435,1.0,-0.056
2182,8,0.12,0.825,0.4105,-0.05,0.648,0.502,0.9345,1.0
2183,4,0.032,0.7375,0.345,1.0,0.626,0.4605,0.869,0.912
2184,,-0.056,0.65,0.2795,0.958,0.604,0.419,0.8035,0.824
2185,1,1.0,0.5625,0.214,0.916,0.582,0.3775,0.738,0.736
2186,,0.912,0.475,0.1485,0.874,0.56,0.336,0.6725,0.648
2187,,0.824,0.3875,0.083,0.832,0.538,0.2945,0.607,0.56
2188,,0.736,0.3,0.0175,0.79,0.516,0.253,0.5415,0.472
2189,,0.648,0.2125,-0.048,0.748,0.494,0.2115,0.476,0.384
2190,3,0.56,0.125,1.0,0.706,0.472,0.17,0.4105,0.296
2191,,0.472,0.0375,0.9345,0.664,0.45,0.1285,0.345,0.208
2192,,0.384,-0.05,0.869,0.622,0.428,0.087,0.2795,0.12
2193,2,0.296,1.0,0.8035,0.58,0.406,0.0455,0.214,0.032
2194,,0.208,0.9125,0.738,0.538,0.384,0.004,0.1485,-0.056
2195,8,0.12,0.825,0.6725,0.496,0.362,-0.0375,0.083,1.0
2196,6,0.032,0.7375,0.607,0.454,0.34,1.0,0.0175,0.912
2197,,-0.056,0.65,0.5415,0.412,0.318,0.9585,-0.048,0.824
2198,1,1.0,0.5625,0.476,0.37,0.296,0.917,-0.1135,0.736
2199,7,0.912,0.475,0.4105,0.328,0.274,0.8755,1.0,0.648
2200,,0.824,0.3875,0.345,0.286,0.252,0.834,0.9345,0.56
2201,,0.736,0.3,0.2795,0.244,0.23,0.7925,0.869,0.472
2202,,0.648,0.2125,0.214,0.202,0.208,0.751,0.8035,0.384
2203,,0.56,0.125,0.1485,0.16,0.186,0.7095,0.738,0.296
2204,,0.472,0.0375,0.083,0.118,0.164,0.668,0.6725,0.208
2205,,0.384,-0.05,0.0175,0.076,0.142,0.6265,0.607,0.12
2206,2,0.296,1.0,-0.048,0.034,0.12,0.585,0.5415,0.032
2207,3,0.208,0.9125,1.0,-0.008,0.098,0.5435,0.476,-0.056
2208,8,0.12,0.825,0.9345,-0.05,0.076,0.502,0.4105,1.0
2209,4,0.032,0.7375,0.869,1.0,0.054,0.4605,0.345,0.912
2210,,-0.056,0.65,0.8035,0.958,0.032,0.419,0.2795,0.824
2211,1,1.0,0.5625,0.738,0.916,0.01,0.3775,0.214,0.736
2212,,0.912,0.475,0.6725,0.874,-0.012,0.336,0.1485,0.648
2213,5,0.824,0.3875,0.607,0.832,1.0,0.2945,0.083,0.56
2214,,0.736,0.3,0.5415,0.79,0.978,0.253,0.0175,0.472
2215,,0.648,0.2125,0.476,0.748,0.956,0.2115,-0.048,0.384
2216,7,0.56,0.125,0.4105,0.706,0.934,0.17,1.0,0.296
2217,,0.472,0.0375,0.345,0.664,0.912,0.1285,0.9345,0.208
2218,,0.384,-0.05,0.2795,0.622,0.89,0.087,0.869,0.12
2219,2,0.296,1.0,0.214,0.58,0.868,0.0455,0.8035,0.032
2220,,0.208,0.9125,0.1485,0.538,0.846,0.004,0.738,-0.056
2221,8,0.12,0.825,0.083,0.496,0.824,-0.0375,0.6725,1.0
2222,6,0.032,0.7375,0.0175,0.454,0.802,1.0,0.607,0.912
2223,,-0.056,0.65,-0.048,0.412,0.78,0.9585,0.5415,0.824
2224,1,1.0,0.5625,-0.1135,0.37,0.758,0.917,0.476,0.736
2225,3,0.912,0.475,1.0,0.328,0.736,0.8755,0.4105,0.648
2226,,0.824,0.3875,0.9345,0.286,0.714,0.834,0.345,0.56
2227,,0.736,0.3,0.869,0.244,0.692,0.7925,0.2795,0.472
2228,,0.648,0.2125,0.8035,0.202,0.67,0.751,0.214,0.384
2229,,0.56,0.125,0.738,0.16,0.648,0.7095,0.1485,0.296
2230,,0.472,0.0375,0.6725,0.118,0.626,0.668,0.083,0.208
2231,,0.384,-0.05,0.607,0.076,0.604,0.6265,0.0175,0.12
2232,2,0.296,1.0,0.5415,0.034,0.582,0.585,-0.048,0.032
2233,7,0.208,0.9125,0.476,-0.008,0.56,0.5435,1.0,-0.056
2234,8,0.12,0.825,0.4105,-0.05,0.538,0.502,0.9345,1.0
2235,4,0.032,0.7375,0.345,1.0,0.516,0.4605,0.869,0.912
2236,,-0.056,0.65,0.2795,0.958,0.494,0.419,0.8035,0.824
2237,1,1.0,0.5625,0.214,0.916,0.472,0.3775,0.738,0.736
2238,,0.912,0.475,0.1485,0.874,0.45,0.336,0.6725,0.648
2239,,0.824,0.3875,0.083,0.832,0.428,0.2945,0.607,0.56
2240,,0.736,0.3,0.0175,0.79,0.406,0.253,0.5415,0.472
2241,,0.648,0.2125,-0.048,0.748,0.384,0.2115,0.476,0.384
2242,3,0.56,0.125,1.0,0.706,0.362,0.17,0.4105,0.296
2243,,0.472,0.0375,0.9345,0.664,0.34,0.1285,0.345,0.208
2244,,0.384,-0.05,0.869,0.622,0.318,0.087,0.2795,0.12
2245,2,0.296,1.0,0.8035,0.58,0.296,0.0455,0.214,0.032
2246,,0.208,0.9125,0.738,0.538,0.274,0.004,0.1485,-0.056
2247,8,0.12,0.825,0.6725,0.496,0.252,-0.0375,0.083,1.0
2248,6,0.032,0.7375,0.607,0.454,0.23,1.0,0.0175,0.912
2249,,-0.056,0.65,0.5415,0.412,0.208,0.9585,-0.048,0.824
2250,1,1.0,0.5625,0.476,0.37,0.186,0.917,-0.1135,0.736
2251,7,0.912,0.475,0.4105,0.328,0.164,0.8755,1.0,0.648
