step,active_motive,motive_1,motive_2,motive_3,motive_4,motive_5,motive_6,motive_7,motive_8
0,,0.3561,0.98652,0.60577,0.23723,0.10178,0.15286,0.24596,0.16068
1,,-0.1439,0.48652,0.10577,-0.26277,-0.39822,-0.34714,-0.25404,-0.33932
2,5,-0.4439,0.18652,-0.19423,-0.56277,0.60178,-0.64714,-0.55404,-0.63932
3,5,-0.7439,-0.11348,-0.49423,-0.86277,1.0,-0.94714,-0.85404,-0.93932
4,6,-1.0,-0.41348,-0.79423,-1.0,0.7,0.05286,-1.0,-1.0
5,6,-1.0,-0.71348,-1.0,-1.0,0.4,1.0,-1.0,-1.0
6,4,-1.0,-1.0,-1.0,0.0,0.1,0.7,-1.0,-1.0
7,4,-1.0,-1.0,-1.0,1.0,-0.2,0.4,-1.0,-1.0
8,1,0.0,-1.0,-1.0,0.7,-0.5,0.1,-1.0,-1.0
9,1,1.0,-1.0,-1.0,0.4,-0.8,-0.2,-1.0,-1.0
10,7,0.7,-1.0,-1.0,0.1,-1.0,-0.5,0.0,-1.0
11,7,0.4,-1.0,-1.0,-0.2,-1.0,-0.8,1.0,-1.0
12,5,0.1,-1.0,-1.0,-0.5,0.0,-1.0,0.7,-1.0
13,5,-0.2,-1.0,-1.0,-0.8,1.0,-1.0,0.4,-1.0
14,6,-0.5,-1.0,-1.0,-1.0,0.7,0.0,0.1,-1.0
15,6,-0.8,-1.0,-1.0,-1.0,0.4,1.0,-0.2,-1.0
16,4,-1.0,-1.0,-1.0,0.0,0.1,0.7,-0.5,-1.0
17,4,-1.0,-1.0,-1.0,1.0,-0.2,0.4,-0.8,-1.0
18,8,-1.0,-1.0,-1.0,0.7,-0.5,0.1,-1.0,0.0
19,8,-1.0,-1.0,-1.0,0.4,-0.8,-0.2,-1.0,1.0
20,1,0.0,-1.0,-1.0,0.1,-1.0,-0.5,-1.0,0.7
21,1,1.0,-1.0,-1.0,-0.2,-1.0,-0.8,-1.0,0.4
22,7,0.7,-1.0,-1.0,-0.5,-1.0,-1.0,0.0,0.1
23,7,0.4,-1.0,-1.0,-0.8,-1.0,-1.0,1.0,-0.2
24,6,0.1,-1.0,-1.0,-1.0,-1.0,0.0,0.7,-0.5
25,6,-0.2,-1.0,-1.0,-1.0,-1.0,1.0,0.4,-0.8
26,4,-0.5,-1.0,-1.0,0.0,-1.0,0.7,0.1,-1.0
27,4,-0.8,-1.0,-1.0,1.0,-1.0,0.4,-0.2,-1.0
28,3,-1.0,-1.0,0.0,0.7,-1.0,0.1,-0.5,-1.0
29,3,-1.0,-1.0,1.0,0.4,-1.0,-0.2,-0.8,-1.0
30,2,-1.0,0.0,0.7,0.1,-1.0,-0.5,-1.0,-1.0
31,2,-1.0,1.0,0.4,-0.2,-1.0,-0.8,-1.0,-1.0
32,8,-1.0,0.7,0.1,-0.5,-1.0,-1.0,-1.0,0.0
33,8,-1.0,0.4,-0.2,-0.8,-1.0,-1.0,-1.0,1.0
34,7,-1.0,0.1,-0.5,-1.0,-1.0,-1.0,0.0,0.7
35,7,-1.0,-0.2,-0.8,-1.0,-1.0,-1.0,1.0,0.4
36,5,-1.0,-0.5,-1.0,-1.0,0.0,-1.0,0.7,0.1
37,5,-1.0,-0.8,-1.0,-1.0,1.0,-1.0,0.4,-0.2
38,6,-1.0,-1.0,-1.0,-1.0,0.7,0.0,0.1,-0.5
39,6,-1.0,-1.0,-1.0,-1.0,0.4,1.0,-0.2,-0.8
40,3,-1.0,-1.0,0.0,-1.0,0.1,0.7,-0.5,-1.0
41,3,-1.0,-1.0,1.0,-1.0,-0.2,0.4,-0.8,-1.0
42,2,-1.0,0.0,0.7,-1.0,-0.5,0.1,-1.0,-1.0
43,2,-1.0,1.0,0.4,-1.0,-0.8,-0.2,-1.0,-1.0
44,4,-1.0,0.7,0.1,0.0,-1.0,-0.5,-1.0,-1.0
45,4,-1.0,0.4,-0.2,1.0,-1.0,-0.8,-1.0,-1.0
46,1,0.0,0.1,-0.5,0.7,-1.0,-1.0,-1.0,-1.0
47,1,1.0,-0.2,-0.8,0.4,-1.0,-1.0,-1.0,-1.0
48,6,0.7,-0.5,-1.0,0.1,-1.0,0.0,-1.0,-1.0
49,6,0.4,-0.8,-1.0,-0.2,-1.0,1.0,-1.0,-1.0
50,8,0.1,-1.0,-1.0,-0.5,-1.0,0.7,-1.0,0.0
51,8,-0.2,-1.0,-1.0,-0.8,-1.0,0.4,-1.0,1.0
52,3,-0.5,-1.0,0.0,-1.0,-1.0,0.1,-1.0,0.7
53,3,-0.8,-1.0,1.0,-1.0,-1.0,-0.2,-1.0,0.4
54,5,-1.0,-1.0,0.7,-1.0,0.0,-0.5,-1.0,0.1
55,5,-1.0,-1.0,0.4,-1.0,1.0,-0.8,-1.0,-0.2
56,2,-1.0,0.0,0.1,-1.0,0.7,-1.0,-1.0,-0.5
57,2,-1.0,1.0,-0.2,-1.0,0.4,-1.0,-1.0,-0.8
58,1,0.0,0.7,-0.5,-1.0,0.1,-1.0,-1.0,-1.0
59,1,1.0,0.4,-0.8,-1.0,-0.2,-1.0,-1.0,-1.0
60,6,0.7,0.1,-1.0,-1.0,-0.5,0.0,-1.0,-1.0
61,6,0.4,-0.2,-1.0,-1.0,-0.8,1.0,-1.0,-1.0
62,7,0.1,-0.5,-1.0,-1.0,-1.0,0.7,0.0,-1.0
63,7,-0.2,-0.8,-1.0,-1.0,-1.0,0.4,1.0,-1.0
64,5,-0.5,-1.0,-1.0,-1.0,0.0,0.1,0.7,-1.0
65,5,-0.8,-1.0,-1.0,-1.0,1.0,-0.2,0.4,-1.0
66,8,-1.0,-1.0,-1.0,-1.0,0.7,-0.5,0.1,0.0
67,8,-1.0,-1.0,-1.0,-1.0,0.4,-0.8,-0.2,1.0
68,2,-1.0,0.0,-1.0,-1.0,0.1,-1.0,-0.5,0.7
69,2,-1.0,1.0,-1.0,-1.0,-0.2,-1.0,-0.8,0.4
70,4,-1.0,0.7,-1.0,0.0,-0.5,-1.0,-1.0,0.1
71,4,-1.0,0.4,-1.0,1.0,-0.8,-1.0,-1.0,-0.2
72,1,0.0,0.1,-1.0,0.7,-1.0,-1.0,-1.0,-0.5
73,1,1.0,-0.2,-1.0,0.4,-1.0,-1.0,-1.0,-0.8
74,7,0.7,-0.5,-1.0,0.1,-1.0,-1.0,0.0,-1.0
75,7,0.4,-0.8,-1.0,-0.2,-1.0,-1.0,1.0,-1.0
76,3,0.1,-1.0,0.0,-0.5,-1.0,-1.0,0.7,-1.0
77,3,-0.2,-1.0,1.0,-0.8,-1.0,-1.0,0.4,-1.0
78,5,-0.5,-1.0,0.7,-1.0,0.0,-1.0,0.1,-1.0
79,5,-0.8,-1.0,0.4,-1.0,1.0,-1.0,-0.2,-1.0
80,4,-1.0,-1.0,0.1,0.0,0.7,-1.0,-0.5,-1.0
81,4,-1.0,-1.0,-0.2,1.0,0.4,-1.0,-0.8,-1.0
82,2,-1.0,0.0,-0.5,0.7,0.1,-1.0,-1.0,-1.0
83,2,-1.0,1.0,-0.8,0.4,-0.2,-1.0,-1.0,-1.0
84,8,-1.0,0.7,-1.0,0.1,-0.5,-1.0,-1.0,0.0
85,8,-1.0,0.4,-1.0,-0.2,-0.8,-1.0,-1.0,1.0
86,6,-1.0,0.1,-1.0,-0.5,-1.0,0.0,-1.0,0.7
87,6,-1.0,-0.2,-1.0,-0.8,-1.0,1.0,-1.0,0.4
88,7,-1.0,-0.5,-1.0,-1.0,-1.0,0.7,0.0,0.1
89,7,-1.0,-0.8,-1.0,-1.0,-1.0,0.4,1.0,-0.2
90,1,0.0,-1.0,-1.0,-1.0,-1.0,0.1,0.7,-0.5
91,1,1.0,-1.0,-1.0,-1.0,-1.0,-0.2,0.4,-0.8
92,5,0.7,-1.0,-1.0,-1.0,0.0,-0.5,0.1,-1.0
93,5,0.4,-1.0,-1.0,-1.0,1.0,-0.8,-0.2,-1.0
94,2,0.1,0.0,-1.0,-1.0,0.7,-1.0,-0.5,-1.0
95,2,-0.2,1.0,-1.0,-1.0,0.4,-1.0,-0.8,-1.0
96,8,-0.5,0.7,-1.0,-1.0,0.1,-1.0,-1.0,0.0
97,8,-0.8,0.4,-1.0,-1.0,-0.2,-1.0,-1.0,1.0
98,6,-1.0,0.1,-1.0,-1.0,-0.5,0.0,-1.0,0.7
99,6,-1.0,-0.2,-1.0,-1.0,-0.8,1.0,-1.0,0.4
100,1,0.0,-0.5,-1.0,-1.0,-1.0,0.7,-1.0,0.1
101,1,1.0,-0.8,-1.0,-1.0,-1.0,0.4,-1.0,-0.2
102,4,0.7,-1.0,-1.0,0.0,-1.0,0.1,-1.0,-0.5
103,4,0.4,-1.0,-1.0,1.0,-1.0,-0.2,-1.0,-0.8
104,3,0.1,-1.0,0.0,0.7,-1.0,-0.5,-1.0,-1.0
105,3,-0.2,-1.0,1.0,0.4,-1.0,-0.8,-1.0,-1.0
106,8,-0.5,-1.0,0.7,0.1,-1.0,-1.0,-1.0,0.0
107,8,-0.8,-1.0,0.4,-0.2,-1.0,-1.0,-1.0,1.0
108,5,-1.0,-1.0,0.1,-0.5,0.0,-1.0,-1.0,0.7
109,5,-1.0,-1.0,-0.2,-0.8,1.0,-1.0,-1.0,0.4
110,1,0.0,-1.0,-0.5,-1.0,0.7,-1.0,-1.0,0.1
111,1,1.0,-1.0,-0.8,-1.0,0.4,-1.0,-1.0,-0.2
112,4,0.7,-1.0,-1.0,0.0,0.1,-1.0,-1.0,-0.5
113,4,0.4,-1.0,-1.0,1.0,-0.2,-1.0,-1.0,-0.8
114,6,0.1,-1.0,-1.0,0.7,-0.5,0.0,-1.0,-1.0
115,6,-0.2,-1.0,-1.0,0.4,-0.8,1.0,-1.0,-1.0
116,7,-0.5,-1.0,-1.0,0.1,-1.0,0.7,0.0,-1.0
117,7,-0.8,-1.0,-1.0,-0.2,-1.0,0.4,1.0,-1.0
118,8,-1.0,-1.0,-1.0,-0.5,-1.0,0.1,0.7,0.0
119,8,-1.0,-1.0,-1.0,-0.8,-1.0,-0.2,0.4,1.0
120,1,0.0,-1.0,-1.0,-1.0,-1.0,-0.5,0.1,0.7
121,1,1.0,-1.0,-1.0,-1.0,-1.0,-0.8,-0.2,0.4
122,4,0.7,-1.0,-1.0,0.0,-1.0,-1.0,-0.5,0.1
123,4,0.4,-1.0,-1.0,1.0,-1.0,-1.0,-0.8,-0.2
124,5,0.1,-1.0,-1.0,0.7,0.0,-1.0,-1.0,-0.5
125,5,-0.2,-1.0,-1.0,0.4,1.0,-1.0,-1.0,-0.8
126,2,-0.5,0.0,-1.0,0.1,0.7,-1.0,-1.0,-1.0
127,2,-0.8,1.0,-1.0,-0.2,0.4,-1.0,-1.0,-1.0
128,6,-1.0,0.7,-1.0,-0.5,0.1,0.0,-1.0,-1.0
129,6,-1.0,0.4,-1.0,-0.8,-0.2,1.0,-1.0,-1.0
130,3,-1.0,0.1,0.0,-1.0,-0.5,0.7,-1.0,-1.0
131,3,-1.0,-0.2,1.0,-1.0,-0.8,0.4,-1.0,-1.0
132,8,-1.0,-0.5,0.7,-1.0,-1.0,0.1,-1.0,0.0
133,8,-1.0,-0.8,0.4,-1.0,-1.0,-0.2,-1.0,1.0
134,4,-1.0,-1.0,0.1,0.0,-1.0,-0.5,-1.0,0.7
135,4,-1.0,-1.0,-0.2,1.0,-1.0,-0.8,-1.0,0.4
136,1,0.0,-1.0,-0.5,0.7,-1.0,-1.0,-1.0,0.1
137,1,1.0,-1.0,-0.8,0.4,-1.0,-1.0,-1.0,-0.2
138,6,0.7,-1.0,-1.0,0.1,-1.0,0.0,-1.0,-0.5
139,6,0.4,-1.0,-1.0,-0.2,-1.0,1.0,-1.0,-0.8
140,3,0.1,-1.0,0.0,-0.5,-1.0,0.7,-1.0,-1.0
141,3,-0.2,-1.0,1.0,-0.8,-1.0,0.4,-1.0,-1.0
142,8,-0.5,-1.0,0.7,-1.0,-1.0,0.1,-1.0,0.0
143,8,-0.8,-1.0,0.4,-1.0,-1.0,-0.2,-1.0,1.0
144,4,-1.0,-1.0,0.1,0.0,-1.0,-0.5,-1.0,0.7
145,4,-1.0,-1.0,-0.2,1.0,-1.0,-0.8,-1.0,0.4
146,1,0.0,-1.0,-0.5,0.7,-1.0,-1.0,-1.0,0.1
147,1,1.0,-1.0,-0.8,0.4,-1.0,-1.0,-1.0,-0.2
148,7,0.7,-1.0,-1.0,0.1,-1.0,-1.0,0.0,-0.5
149,7,0.4,-1.0,-1.0,-0.2,-1.0,-1.0,1.0,-0.8
150,3,0.1,-1.0,0.0,-0.5,-1.0,-1.0,0.7,-1.0
151,3,-0.2,-1.0,1.0,-0.8,-1.0,-1.0,0.4,-1.0
152,8,-0.5,-1.0,0.7,-1.0,-1.0,-1.0,0.1,0.0
153,8,-0.8,-1.0,0.4,-1.0,-1.0,-1.0,-0.2,1.0
154,2,-1.0,0.0,0.1,-1.0,-1.0,-1.0,-0.5,0.7
155,2,-1.0,1.0,-0.2,-1.0,-1.0,-1.0,-0.8,0.4
156,5,-1.0,0.7,-0.5,-1.0,0.0,-1.0,-1.0,0.1
157,5,-1.0,0.4,-0.8,-1.0,1.0,-1.0,-1.0,-0.2
158,1,0.0,0.1,-1.0,-1.0,0.7,-1.0,-1.0,-0.5
159,1,1.0,-0.2,-1.0,-1.0,0.4,-1.0,-1.0,-0.8
160,3,0.7,-0.5,0.0,-1.0,0.1,-1.0,-1.0,-1.0
161,3,0.4,-0.8,1.0,-1.0,-0.2,-1.0,-1.0,-1.0
162,4,0.1,-1.0,0.7,0.0,-0.5,-1.0,-1.0,-1.0
163,4,-0.2,-1.0,0.4,1.0,-0.8,-1.0,-1.0,-1.0
164,2,-0.5,0.0,0.1,0.7,-1.0,-1.0,-1.0,-1.0
165,2,-0.8,1.0,-0.2,0.4,-1.0,-1.0,-1.0,-1.0
166,7,-1.0,0.7,-0.5,0.1,-1.0,-1.0,0.0,-1.0
167,7,-1.0,0.4,-0.8,-0.2,-1.0,-1.0,1.0,-1.0
168,6,-1.0,0.1,-1.0,-0.5,-1.0,0.0,0.7,-1.0
169,6,-1.0,-0.2,-1.0,-0.8,-1.0,1.0,0.4,-1.0
170,8,-1.0,-0.5,-1.0,-1.0,-1.0,0.7,0.1,0.0
171,8,-1.0,-0.8,-1.0,-1.0,-1.0,0.4,-0.2,1.0
172,3,-1.0,-1.0,0.0,-1.0,-1.0,0.1,-0.5,0.7
173,3,-1.0,-1.0,1.0,-1.0,-1.0,-0.2,-0.8,0.4
174,4,-1.0,-1.0,0.7,0.0,-1.0,-0.5,-1.0,0.1
175,4,-1.0,-1.0,0.4,1.0,-1.0,-0.8,-1.0,-0.2
176,5,-1.0,-1.0,0.1,0.7,0.0,-1.0,-1.0,-0.5
177,5,-1.0,-1.0,-0.2,0.4,1.0,-1.0,-1.0,-0.8
178,2,-1.0,0.0,-0.5,0.1,0.7,-1.0,-1.0,-1.0
179,2,-1.0,1.0,-0.8,-0.2,0.4,-1.0,-1.0,-1.0
180,7,-1.0,0.7,-1.0,-0.5,0.1,-1.0,0.0,-1.0
181,7,-1.0,0.4,-1.0,-0.8,-0.2,-1.0,1.0,-1.0
182,1,0.0,0.1,-1.0,-1.0,-0.5,-1.0,0.7,-1.0
183,1,1.0,-0.2,-1.0,-1.0,-0.8,-1.0,0.4,-1.0
184,3,0.7,-0.5,0.0,-1.0,-1.0,-1.0,0.1,-1.0
185,3,0.4,-0.8,1.0,-1.0,-1.0,-1.0,-0.2,-1.0
186,5,0.1,-1.0,0.7,-1.0,0.0,-1.0,-0.5,-1.0
187,5,-0.2,-1.0,0.4,-1.0,1.0,-1.0,-0.8,-1.0
188,8,-0.5,-1.0,0.1,-1.0,0.7,-1.0,-1.0,0.0
189,8,-0.8,-1.0,-0.2,-1.0,0.4,-1.0,-1.0,1.0
190,7,-1.0,-1.0,-0.5,-1.0,0.1,-1.0,0.0,0.7
191,7,-1.0,-1.0,-0.8,-1.0,-0.2,-1.0,1.0,0.4
192,2,-1.0,0.0,-1.0,-1.0,-0.5,-1.0,0.7,0.1
193,2,-1.0,1.0,-1.0,-1.0,-0.8,-1.0,0.4,-0.2
194,3,-1.0,0.7,0.0,-1.0,-1.0,-1.0,0.1,-0.5
195,3,-1.0,0.4,1.0,-1.0,-1.0,-1.0,-0.2,-0.8
196,1,0.0,0.1,0.7,-1.0,-1.0,-1.0,-0.5,-1.0
197,1,1.0,-0.2,0.4,-1.0,-1.0,-1.0,-0.8,-1.0
198,8,0.7,-0.5,0.1,-1.0,-1.0,-1.0,-1.0,0.0
199,8,0.4,-0.8,-0.2,-1.0,-1.0,-1.0,-1.0,1.0
200,6,0.1,-1.0,-0.5,-1.0,-1.0,0.0,-1.0,0.7
201,6,-0.2,-1.0,-0.8,-1.0,-1.0,1.0,-1.0,0.4
202,2,-0.5,0.0,-1.0,-1.0,-1.0,0.7,-1.0,0.1
203,2,-0.8,1.0,-1.0,-1.0,-1.0,0.4,-1.0,-0.2
204,4,-1.0,0.7,-1.0,0.0,-1.0,0.1,-1.0,-0.5
205,4,-1.0,0.4,-1.0,1.0,-1.0,-0.2,-1.0,-0.8
206,7,-1.0,0.1,-1.0,0.7,-1.0,-0.5,0.0,-1.0
207,7,-1.0,-0.2,-1.0,0.4,-1.0,-0.8,1.0,-1.0
208,5,-1.0,-0.5,-1.0,0.1,0.0,-1.0,0.7,-1.0
209,5,-1.0,-0.8,-1.0,-0.2,1.0,-1.0,0.4,-1.0
210,6,-1.0,-1.0,-1.0,-0.5,0.7,0.0,0.1,-1.0
211,6,-1.0,-1.0,-1.0,-0.8,0.4,1.0,-0.2,-1.0
212,1,0.0,-1.0,-1.0,-1.0,0.1,0.7,-0.5,-1.0
213,1,1.0,-1.0,-1.0,-1.0,-0.2,0.4,-0.8,-1.0
214,8,0.7,-1.0,-1.0,-1.0,-0.5,0.1,-1.0,0.0
215,8,0.4,-1.0,-1.0,-1.0,-0.8,-0.2,-1.0,1.0
216,7,0.1,-1.0,-1.0,-1.0,-1.0,-0.5,0.0,0.7
217,7,-0.2,-1.0,-1.0,-1.0,-1.0,-0.8,1.0,0.4
218,3,-0.5,-1.0,0.0,-1.0,-1.0,-1.0,0.7,0.1
219,3,-0.8,-1.0,1.0,-1.0,-1.0,-1.0,0.4,-0.2
220,6,-1.0,-1.0,0.7,-1.0,-1.0,0.0,0.1,-0.5
221,6,-1.0,-1.0,0.4,-1.0,-1.0,1.0,-0.2,-0.8
222,5,-1.0,-1.0,0.1,-1.0,0.0,0.7,-0.5,-1.0
223,5,-1.0,-1.0,-0.2,-1.0,1.0,0.4,-0.8,-1.0
224,1,0.0,-1.0,-0.5,-1.0,0.7,0.1,-1.0,-1.0
225,1,1.0,-1.0,-0.8,-1.0,0.4,-0.2,-1.0,-1.0
226,8,0.7,-1.0,-1.0,-1.0,0.1,-0.5,-1.0,0.0
227,8,0.4,-1.0,-1.0,-1.0,-0.2,-0.8,-1.0,1.0
228,4,0.1,-1.0,-1.0,0.0,-0.5,-1.0,-1.0,0.7
229,4,-0.2,-1.0,-1.0,1.0,-0.8,-1.0,-1.0,0.4
230,2,-0.5,0.0,-1.0,0.7,-1.0,-1.0,-1.0,0.1
231,2,-0.8,1.0,-1.0,0.4,-1.0,-1.0,-1.0,-0.2
232,3,-1.0,0.7,0.0,0.1,-1.0,-1.0,-1.0,-0.5
233,3,-1.0,0.4,1.0,-0.2,-1.0,-1.0,-1.0,-0.8
234,5,-1.0,0.1,0.7,-0.5,0.0,-1.0,-1.0,-1.0
235,5,-1.0,-0.2,0.4,-0.8,1.0,-1.0,-1.0,-1.0
236,8,-1.0,-0.5,0.1,-1.0,0.7,-1.0,-1.0,0.0
237,8,-1.0,-0.8,-0.2,-1.0,0.4,-1.0,-1.0,1.0
238,4,-1.0,-1.0,-0.5,0.0,0.1,-1.0,-1.0,0.7
239,4,-1.0,-1.0,-0.8,1.0,-0.2,-1.0,-1.0,0.4
240,6,-1.0,-1.0,-1.0,0.7,-0.5,0.0,-1.0,0.1
241,6,-1.0,-1.0,-1.0,0.4,-0.8,1.0,-1.0,-0.2
242,1,0.0,-1.0,-1.0,0.1,-1.0,0.7,-1.0,-0.5
243,1,1.0,-1.0,-1.0,-0.2,-1.0,0.4,-1.0,-0.8
244,2,0.7,0.0,-1.0,-0.5,-1.0,0.1,-1.0,-1.0
245,2,0.4,1.0,-1.0,-0.8,-1.0,-0.2,-1.0,-1.0
246,3,0.1,0.7,0.0,-1.0,-1.0,-0.5,-1.0,-1.0
247,3,-0.2,0.4,1.0,-1.0,-1.0,-0.8,-1.0,-1.0
248,7,-0.5,0.1,0.7,-1.0,-1.0,-1.0,0.0,-1.0
249,7,-0.8,-0.2,0.4,-1.0,-1.0,-1.0,1.0,-1.0
250,6,-1.0,-0.5,0.1,-1.0,-1.0,0.0,0.7,-1.0
251,6,-1.0,-0.8,-0.2,-1.0,-1.0,1.0,0.4,-1.0
252,4,-1.0,-1.0,-0.5,0.0,-1.0,0.7,0.1,-1.0
253,4,-1.0,-1.0,-0.8,1.0,-1.0,0.4,-0.2,-1.0
254,2,-1.0,0.0,-1.0,0.7,-1.0,0.1,-0.5,-1.0
255,2,-1.0,1.0,-1.0,0.4,-1.0,-0.2,-0.8,-1.0
256,3,-1.0,0.7,0.0,0.1,-1.0,-0.5,-1.0,-1.0
257,3,-1.0,0.4,1.0,-0.2,-1.0,-0.8,-1.0,-1.0
258,8,-1.0,0.1,0.7,-0.5,-1.0,-1.0,-1.0,0.0
259,8,-1.0,-0.2,0.4,-0.8,-1.0,-1.0,-1.0,1.0
260,1,0.0,-0.5,0.1,-1.0,-1.0,-1.0,-1.0,0.7
261,1,1.0,-0.8,-0.2,-1.0,-1.0,-1.0,-1.0,0.4
262,4,0.7,-1.0,-0.5,0.0,-1.0,-1.0,-1.0,0.1
263,4,0.4,-1.0,-0.8,1.0,-1.0,-1.0,-1.0,-0.2
264,5,0.1,-1.0,-1.0,0.7,0.0,-1.0,-1.0,-0.5
265,5,-0.2,-1.0,-1.0,0.4,1.0,-1.0,-1.0,-0.8
266,2,-0.5,0.0,-1.0,0.1,0.7,-1.0,-1.0,-1.0
267,2,-0.8,1.0,-1.0,-0.2,0.4,-1.0,-1.0,-1.0
268,6,-1.0,0.7,-1.0,-0.5,0.1,0.0,-1.0,-1.0
269,6,-1.0,0.4,-1.0,-0.8,-0.2,1.0,-1.0,-1.0
270,8,-1.0,0.1,-1.0,-1.0,-0.5,0.7,-1.0,0.0
271,8,-1.0,-0.2,-1.0,-1.0,-0.8,0.4,-1.0,1.0
272,7,-1.0,-0.5,-1.0,-1.0,-1.0,0.1,0.0,0.7
273,7,-1.0,-0.8,-1.0,-1.0,-1.0,-0.2,1.0,0.4
274,4,-1.0,-1.0,-1.0,0.0,-1.0,-0.5,0.7,0.1
275,4,-1.0,-1.0,-1.0,1.0,-1.0,-0.8,0.4,-0.2
276,5,-1.0,-1.0,-1.0,0.7,0.0,-1.0,0.1,-0.5
277,5,-1.0,-1.0,-1.0,0.4,1.0,-1.0,-0.2,-0.8
278,2,-1.0,0.0,-1.0,0.1,0.7,-1.0,-0.5,-1.0
279,2,-1.0,1.0,-1.0,-0.2,0.4,-1.0,-0.8,-1.0
280,8,-1.0,0.7,-1.0,-0.5,0.1,-1.0,-1.0,0.0
281,8,-1.0,0.4,-1.0,-0.8,-0.2,-1.0,-1.0,1.0
282,6,-1.0,0.1,-1.0,-1.0,-0.5,0.0,-1.0,0.7
283,6,-1.0,-0.2,-1.0,-1.0,-0.8,1.0,-1.0,0.4
284,1,0.0,-0.5,-1.0,-1.0,-1.0,0.7,-1.0,0.1
285,1,1.0,-0.8,-1.0,-1.0,-1.0,0.4,-1.0,-0.2
286,4,0.7,-1.0,-1.0,0.0,-1.0,0.1,-1.0,-0.5
287,4,0.4,-1.0,-1.0,1.0,-1.0,-0.2,-1.0,-0.8
288,2,0.1,0.0,-1.0,0.7,-1.0,-0.5,-1.0,-1.0
289,2,-0.2,1.0,-1.0,0.4,-1.0,-0.8,-1.0,-1.0
290,7,-0.5,0.7,-1.0,0.1,-1.0,-1.0,0.0,-1.0
291,7,-0.8,0.4,-1.0,-0.2,-1.0,-1.0,1.0,-1.0
292,6,-1.0,0.1,-1.0,-0.5,-1.0,0.0,0.7,-1.0
293,6,-1.0,-0.2,-1.0,-0.8,-1.0,1.0,0.4,-1.0
294,5,-1.0,-0.5,-1.0,-1.0,0.0,0.7,0.1,-1.0
295,5,-1.0,-0.8,-1.0,-1.0,1.0,0.4,-0.2,-1.0
296,1,0.0,-1.0,-1.0,-1.0,0.7,0.1,-0.5,-1.0
297,1,1.0,-1.0,-1.0,-1.0,0.4,-0.2,-0.8,-1.0
298,2,0.7,0.0,-1.0,-1.0,0.1,-0.5,-1.0,-1.0
299,2,0.4,1.0,-1.0,-1.0,-0.2,-0.8,-1.0,-1.0
300,3,0.1,0.7,0.0,-1.0,-0.5,-1.0,-1.0,-1.0
301,3,-0.2,0.4,1.0,-1.0,-0.8,-1.0,-1.0,-1.0
302,4,-0.5,0.1,0.7,0.0,-1.0,-1.0,-1.0,-1.0
303,4,-0.8,-0.2,0.4,1.0,-1.0,-1.0,-1.0,-1.0
304,7,-1.0,-0.5,0.1,0.7,-1.0,-1.0,0.0,-1.0
305,7,-1.0,-0.8,-0.2,0.4,-1.0,-1.0,1.0,-1.0
306,6,-1.0,-1.0,-0.5,0.1,-1.0,0.0,0.7,-1.0
307,6,-1.0,-1.0,-0.8,-0.2,-1.0,1.0,0.4,-1.0
308,2,-1.0,0.0,-1.0,-0.5,-1.0,0.7,0.1,-1.0
309,2,-1.0,1.0,-1.0,-0.8,-1.0,0.4,-0.2,-1.0
310,3,-1.0,0.7,0.0,-1.0,-1.0,0.1,-0.5,-1.0
311,3,-1.0,0.4,1.0,-1.0,-1.0,-0.2,-0.8,-1.0
312,1,0.0,0.1,0.7,-1.0,-1.0,-0.5,-1.0,-1.0
313,1,1.0,-0.2,0.4,-1.0,-1.0,-0.8,-1.0,-1.0
314,8,0.7,-0.5,0.1,-1.0,-1.0,-1.0,-1.0,0.0
315,8,0.4,-0.8,-0.2,-1.0,-1.0,-1.0,-1.0,1.0
316,7,0.1,-1.0,-0.5,-1.0,-1.0,-1.0,0.0,0.7
317,7,-0.2,-1.0,-0.8,-1.0,-1.0,-1.0,1.0,0.4
318,5,-0.5,-1.0,-1.0,-1.0,0.0,-1.0,0.7,0.1
319,5,-0.8,-1.0,-1.0,-1.0,1.0,-1.0,0.4,-0.2
320,4,-1.0,-1.0,-1.0,0.0,0.7,-1.0,0.1,-0.5
321,4,-1.0,-1.0,-1.0,1.0,0.4,-1.0,-0.2,-0.8
322,3,-1.0,-1.0,0.0,0.7,0.1,-1.0,-0.5,-1.0
323,3,-1.0,-1.0,1.0,0.4,-0.2,-1.0,-0.8,-1.0
324,2,-1.0,0.0,0.7,0.1,-0.5,-1.0,-1.0,-1.0
325,2,-1.0,1.0,0.4,-0.2,-0.8,-1.0,-1.0,-1.0
326,6,-1.0,0.7,0.1,-0.5,-1.0,0.0,-1.0,-1.0
327,6,-1.0,0.4,-0.2,-0.8,-1.0,1.0,-1.0,-1.0
328,7,-1.0,0.1,-0.5,-1.0,-1.0,0.7,0.0,-1.0
329,7,-1.0,-0.2,-0.8,-1.0,-1.0,0.4,1.0,-1.0
330,5,-1.0,-0.5,-1.0,-1.0,0.0,0.1,0.7,-1.0
331,5,-1.0,-0.8,-1.0,-1.0,1.0,-0.2,0.4,-1.0
332,4,-1.0,-1.0,-1.0,0.0,0.7,-0.5,0.1,-1.0
333,4,-1.0,-1.0,-1.0,1.0,0.4,-0.8,-0.2,-1.0
334,8,-1.0,-1.0,-1.0,0.7,0.1,-1.0,-0.5,0.0
335,8,-1.0,-1.0,-1.0,0.4,-0.2,-1.0,-0.8,1.0
336,2,-1.0,0.0,-1.0,0.1,-0.5,-1.0,-1.0,0.7
337,2,-1.0,1.0,-1.0,-0.2,-0.8,-1.0,-1.0,0.4
338,7,-1.0,0.7,-1.0,-0.5,-1.0,-1.0,0.0,0.1
339,7,-1.0,0.4,-1.0,-0.8,-1.0,-1.0,1.0,-0.2
340,6,-1.0,0.1,-1.0,-1.0,-1.0,0.0,0.7,-0.5
341,6,-1.0,-0.2,-1.0,-1.0,-1.0,1.0,0.4,-0.8
342,4,-1.0,-0.5,-1.0,0.0,-1.0,0.7,0.1,-1.0
343,4,-1.0,-0.8,-1.0,1.0,-1.0,0.4,-0.2,-1.0
344,5,-1.0,-1.0,-1.0,0.7,0.0,0.1,-0.5,-1.0
345,5,-1.0,-1.0,-1.0,0.4,1.0,-0.2,-0.8,-1.0
346,1,0.0,-1.0,-1.0,0.1,0.7,-0.5,-1.0,-1.0
347,1,1.0,-1.0,-1.0,-0.2,0.4,-0.8,-1.0,-1.0
348,2,0.7,0.0,-1.0,-0.5,0.1,-1.0,-1.0,-1.0
349,2,0.4,1.0,-1.0,-0.8,-0.2,-1.0,-1.0,-1.0
350,8,0.1,0.7,-1.0,-1.0,-0.5,-1.0,-1.0,0.0
351,8,-0.2,0.4,-1.0,-1.0,-0.8,-1.0,-1.0,1.0
352,4,-0.5,0.1,-1.0,0.0,-1.0,-1.0,-1.0,0.7
353,4,-0.8,-0.2,-1.0,1.0,-1.0,-1.0,-1.0,0.4
354,6,-1.0,-0.5,-1.0,0.7,-1.0,0.0,-1.0,0.1
355,6,-1.0,-0.8,-1.0,0.4,-1.0,1.0,-1.0,-0.2
356,5,-1.0,-1.0,-1.0,0.1,0.0,0.7,-1.0,-0.5
357,5,-1.0,-1.0,-1.0,-0.2,1.0,0.4,-1.0,-0.8
358,7,-1.0,-1.0,-1.0,-0.5,0.7,0.1,0.0,-1.0
359,7,-1.0,-1.0,-1.0,-0.8,0.4,-0.2,1.0,-1.0
360,1,0.0,-1.0,-1.0,-1.0,0.1,-0.5,0.7,-1.0
361,1,1.0,-1.0,-1.0,-1.0,-0.2,-0.8,0.4,-1.0
362,3,0.7,-1.0,0.0,-1.0,-0.5,-1.0,0.1,-1.0
363,3,0.4,-1.0,1.0,-1.0,-0.8,-1.0,-0.2,-1.0
364,2,0.1,0.0,0.7,-1.0,-1.0,-1.0,-0.5,-1.0
365,2,-0.2,1.0,0.4,-1.0,-1.0,-1.0,-0.8,-1.0
366,4,-0.5,0.7,0.1,0.0,-1.0,-1.0,-1.0,-1.0
367,4,-0.8,0.4,-0.2,1.0,-1.0,-1.0,-1.0,-1.0
368,5,-1.0,0.1,-0.5,0.7,0.0,-1.0,-1.0,-1.0
369,5,-1.0,-0.2,-0.8,0.4,1.0,-1.0,-1.0,-1.0
370,1,0.0,-0.5,-1.0,0.1,0.7,-1.0,-1.0,-1.0
371,1,1.0,-0.8,-1.0,-0.2,0.4,-1.0,-1.0,-1.0
372,7,0.7,-1.0,-1.0,-0.5,0.1,-1.0,0.0,-1.0
373,7,0.4,-1.0,-1.0,-0.8,-0.2,-1.0,1.0,-1.0
374,6,0.1,-1.0,-1.0,-1.0,-0.5,0.0,0.7,-1.0
375,6,-0.2,-1.0,-1.0,-1.0,-0.8,1.0,0.4,-1.0
376,2,-0.5,0.0,-1.0,-1.0,-1.0,0.7,0.1,-1.0
377,2,-0.8,1.0,-1.0,-1.0,-1.0,0.4,-0.2,-1.0
378,4,-1.0,0.7,-1.0,0.0,-1.0,0.1,-0.5,-1.0
379,4,-1.0,0.4,-1.0,1.0,-1.0,-0.2,-0.8,-1.0
380,8,-1.0,0.1,-1.0,0.7,-1.0,-0.5,-1.0,0.0
381,8,-1.0,-0.2,-1.0,0.4,-1.0,-0.8,-1.0,1.0
382,3,-1.0,-0.5,0.0,0.1,-1.0,-1.0,-1.0,0.7
383,3,-1.0,-0.8,1.0,-0.2,-1.0,-1.0,-1.0,0.4
384,5,-1.0,-1.0,0.7,-0.5,0.0,-1.0,-1.0,0.1
385,5,-1.0,-1.0,0.4,-0.8,1.0,-1.0,-1.0,-0.2
386,2,-1.0,0.0,0.1,-1.0,0.7,-1.0,-1.0,-0.5
387,2,-1.0,1.0,-0.2,-1.0,0.4,-1.0,-1.0,-0.8
388,1,0.0,0.7,-0.5,-1.0,0.1,-1.0,-1.0,-1.0
389,1,1.0,0.4,-0.8,-1.0,-0.2,-1.0,-1.0,-1.0
390,7,0.7,0.1,-1.0,-1.0,-0.5,-1.0,0.0,-1.0
391,7,0.4,-0.2,-1.0,-1.0,-0.8,-1.0,1.0,-1.0
392,4,0.1,-0.5,-1.0,0.0,-1.0,-1.0,0.7,-1.0
393,4,-0.2,-0.8,-1.0,1.0,-1.0,-1.0,0.4,-1.0
394,3,-0.5,-1.0,0.0,0.7,-1.0,-1.0,0.1,-1.0
395,3,-0.8,-1.0,1.0,0.4,-1.0,-1.0,-0.2,-1.0
396,5,-1.0,-1.0,0.7,0.1,0.0,-1.0,-0.5,-1.0
397,5,-1.0,-1.0,0.4,-0.2,1.0,-1.0,-0.8,-1.0
398,2,-1.0,0.0,0.1,-0.5,0.7,-1.0,-1.0,-1.0
399,2,-1.0,1.0,-0.2,-0.8,0.4,-1.0,-1.0,-1.0
400,1,0.0,0.7,-0.5,-1.0,0.1,-1.0,-1.0,-1.0
401,1,1.0,0.4,-0.8,-1.0,-0.2,-1.0,-1.0,-1.0
402,7,0.7,0.1,-1.0,-1.0,-0.5,-1.0,0.0,-1.0
403,7,0.4,-0.2,-1.0,-1.0,-0.8,-1.0,1.0,-1.0
404,6,0.1,-0.5,-1.0,-1.0,-1.0,0.0,0.7,-1.0
405,6,-0.2,-0.8,-1.0,-1.0,-1.0,1.0,0.4,-1.0
406,8,-0.5,-1.0,-1.0,-1.0,-1.0,0.7,0.1,0.0
407,8,-0.8,-1.0,-1.0,-1.0,-1.0,0.4,-0.2,1.0
408,2,-1.0,0.0,-1.0,-1.0,-1.0,0.1,-0.5,0.7
409,2,-1.0,1.0,-1.0,-1.0,-1.0,-0.2,-0.8,0.4
410,5,-1.0,0.7,-1.0,-1.0,0.0,-0.5,-1.0,0.1
411,5,-1.0,0.4,-1.0,-1.0,1.0,-0.8,-1.0,-0.2
412,7,-1.0,0.1,-1.0,-1.0,0.7,-1.0,0.0,-0.5
413,7,-1.0,-0.2,-1.0,-1.0,0.4,-1.0,1.0,-0.8
414,6,-1.0,-0.5,-1.0,-1.0,0.1,0.0,0.7,-1.0
415,6,-1.0,-0.8,-1.0,-1.0,-0.2,1.0,0.4,-1.0
416,4,-1.0,-1.0,-1.0,0.0,-0.5,0.7,0.1,-1.0
417,4,-1.0,-1.0,-1.0,1.0,-0.8,0.4,-0.2,-1.0
418,1,0.0,-1.0,-1.0,0.7,-1.0,0.1,-0.5,-1.0
419,1,1.0,-1.0,-1.0,0.4,-1.0,-0.2,-0.8,-1.0
420,8,0.7,-1.0,-1.0,0.1,-1.0,-0.5,-1.0,0.0
421,8,0.4,-1.0,-1.0,-0.2,-1.0,-0.8,-1.0,1.0
422,2,0.1,0.0,-1.0,-0.5,-1.0,-1.0,-1.0,0.7
423,2,-0.2,1.0,-1.0,-0.8,-1.0,-1.0,-1.0,0.4
424,3,-0.5,0.7,0.0,-1.0,-1.0,-1.0,-1.0,0.1
425,3,-0.8,0.4,1.0,-1.0,-1.0,-1.0,-1.0,-0.2
426,6,-1.0,0.1,0.7,-1.0,-1.0,0.0,-1.0,-0.5
427,6,-1.0,-0.2,0.4,-1.0,-1.0,1.0,-1.0,-0.8
428,7,-1.0,-0.5,0.1,-1.0,-1.0,0.7,0.0,-1.0
429,7,-1.0,-0.8,-0.2,-1.0,-1.0,0.4,1.0,-1.0
430,8,-1.0,-1.0,-0.5,-1.0,-1.0,0.1,0.7,0.0
431,8,-1.0,-1.0,-0.8,-1.0,-1.0,-0.2,0.4,1.0
432,1,0.0,-1.0,-1.0,-1.0,-1.0,-0.5,0.1,0.7
433,1,1.0,-1.0,-1.0,-1.0,-1.0,-0.8,-0.2,0.4
434,3,0.7,-1.0,0.0,-1.0,-1.0,-1.0,-0.5,0.1
435,3,0.4,-1.0,1.0,-1.0,-1.0,-1.0,-0.8,-0.2
436,5,0.1,-1.0,0.7,-1.0,0.0,-1.0,-1.0,-0.5
437,5,-0.2,-1.0,0.4,-1.0,1.0,-1.0,-1.0,-0.8
438,6,-0.5,-1.0,0.1,-1.0,0.7,0.0,-1.0,-1.0
439,6,-0.8,-1.0,-0.2,-1.0,0.4,1.0,-1.0,-1.0
440,7,-1.0,-1.0,-0.5,-1.0,0.1,0.7,0.0,-1.0
441,7,-1.0,-1.0,-0.8,-1.0,-0.2,0.4,1.0,-1.0
442,4,-1.0,-1.0,-1.0,0.0,-0.5,0.1,0.7,-1.0
443,4,-1.0,-1.0,-1.0,1.0,-0.8,-0.2,0.4,-1.0
444,8,-1.0,-1.0,-1.0,0.7,-1.0,-0.5,0.1,0.0
445,8,-1.0,-1.0,-1.0,0.4,-1.0,-0.8,-0.2,1.0
446,5,-1.0,-1.0,-1.0,0.1,0.0,-1.0,-0.5,0.7
447,5,-1.0,-1.0,-1.0,-0.2,1.0,-1.0,-0.8,0.4
448,2,-1.0,0.0,-1.0,-0.5,0.7,-1.0,-1.0,0.1
449,2,-1.0,1.0,-1.0,-0.8,0.4,-1.0,-1.0,-0.2
450,6,-1.0,0.7,-1.0,-1.0,0.1,0.0,-1.0,-0.5
451,6,-1.0,0.4,-1.0,-1.0,-0.2,1.0,-1.0,-0.8
452,4,-1.0,0.1,-1.0,0.0,-0.5,0.7,-1.0,-1.0
453,4,-1.0,-0.2,-1.0,1.0,-0.8,0.4,-1.0,-1.0
454,1,0.0,-0.5,-1.0,0.7,-1.0,0.1,-1.0,-1.0
455,1,1.0,-0.8,-1.0,0.4,-1.0,-0.2,-1.0,-1.0
456,8,0.7,-1.0,-1.0,0.1,-1.0,-0.5,-1.0,0.0
457,8,0.4,-1.0,-1.0,-0.2,-1.0,-0.8,-1.0,1.0
458,5,0.1,-1.0,-1.0,-0.5,0.0,-1.0,-1.0,0.7
459,5,-0.2,-1.0,-1.0,-0.8,1.0,-1.0,-1.0,0.4
460,3,-0.5,-1.0,0.0,-1.0,0.7,-1.0,-1.0,0.1
461,3,-0.8,-1.0,1.0,-1.0,0.4,-1.0,-1.0,-0.2
462,4,-1.0,-1.0,0.7,0.0,0.1,-1.0,-1.0,-0.5
463,4,-1.0,-1.0,0.4,1.0,-0.2,-1.0,-1.0,-0.8
464,7,-1.0,-1.0,0.1,0.7,-0.5,-1.0,0.0,-1.0
465,7,-1.0,-1.0,-0.2,0.4,-0.8,-1.0,1.0,-1.0
466,2,-1.0,0.0,-0.5,0.1,-1.0,-1.0,0.7,-1.0
467,2,-1.0,1.0,-0.8,-0.2,-1.0,-1.0,0.4,-1.0
468,5,-1.0,0.7,-1.0,-0.5,0.0,-1.0,0.1,-1.0
469,5,-1.0,0.4,-1.0,-0.8,1.0,-1.0,-0.2,-1.0
470,8,-1.0,0.1,-1.0,-1.0,0.7,-1.0,-0.5,0.0
471,8,-1.0,-0.2,-1.0,-1.0,0.4,-1.0,-0.8,1.0
472,4,-1.0,-0.5,-1.0,0.0,0.1,-1.0,-1.0,0.7
473,4,-1.0,-0.8,-1.0,1.0,-0.2,-1.0,-1.0,0.4
474,6,-1.0,-1.0,-1.0,0.7,-0.5,0.0,-1.0,0.1
475,6,-1.0,-1.0,-1.0,0.4,-0.8,1.0,-1.0,-0.2
476,2,-1.0,0.0,-1.0,0.1,-1.0,0.7,-1.0,-0.5
477,2,-1.0,1.0,-1.0,-0.2,-1.0,0.4,-1.0,-0.8
478,3,-1.0,0.7,0.0,-0.5,-1.0,0.1,-1.0,-1.0
479,3,-1.0,0.4,1.0,-0.8,-1.0,-0.2,-1.0,-1.0
480,7,-1.0,0.1,0.7,-1.0,-1.0,-0.5,0.0,-1.0
481,7,-1.0,-0.2,0.4,-1.0,-1.0,-0.8,1.0,-1.0
482,8,-1.0,-0.5,0.1,-1.0,-1.0,-1.0,0.7,0.0
483,8,-1.0,-0.8,-0.2,-1.0,-1.0,-1.0,0.4,1.0
484,4,-1.0,-1.0,-0.5,0.0,-1.0,-1.0,0.1,0.7
485,4,-1.0,-1.0,-0.8,1.0,-1.0,-1.0,-0.2,0.4
486,1,0.0,-1.0,-1.0,0.7,-1.0,-1.0,-0.5,0.1
487,1,1.0,-1.0,-1.0,0.4,-1.0,-1.0,-0.8,-0.2
488,6,0.7,-1.0,-1.0,0.1,-1.0,0.0,-1.0,-0.5
489,6,0.4,-1.0,-1.0,-0.2,-1.0,1.0,-1.0,-0.8
490,3,0.1,-1.0,0.0,-0.5,-1.0,0.7,-1.0,-1.0
491,3,-0.2,-1.0,1.0,-0.8,-1.0,0.4,-1.0,-1.0
492,5,-0.5,-1.0,0.7,-1.0,0.0,0.1,-1.0,-1.0
493,5,-0.8,-1.0,0.4,-1.0,1.0,-0.2,-1.0,-1.0
494,2,-1.0,0.0,0.1,-1.0,0.7,-0.5,-1.0,-1.0
495,2,-1.0,1.0,-0.2,-1.0,0.4,-0.8,-1.0,-1.0
496,1,0.0,0.7,-0.5,-1.0,0.1,-1.0,-1.0,-1.0
497,1,1.0,0.4,-0.8,-1.0,-0.2,-1.0,-1.0,-1.0
498,7,0.7,0.1,-1.0,-1.0,-0.5,-1.0,0.0,-1.0
499,7,0.4,-0.2,-1.0,-1.0,-0.8,-1.0,1.0,-1.0
