step,active_motive,motive_1,motive_2,motive_3,motive_4,motive_5,motive_6,motive_7,motive_8
0,,0.73522,0.20907,0.54145,0.69578,0.22855,0.17495,0.98217,0.51664
1,,0.23522,-0.29093,0.04145,0.19578,-0.27145,-0.32505,0.48217,0.01664
2,6,-0.47678,-1.0,-0.67055,-0.30422,-0.55945,0.67495,0.19417,-0.48336
3,6,-1.0,-1.0,-1.0,-0.80422,-0.84745,1.0,-0.09383,-0.98336
4,1,0.0,-1.0,-1.0,-1.0,-1.0,0.288,-0.59383,-1.0
5,1,1.0,-1.0,-1.0,-1.0,-1.0,-0.424,-1.0,-1.0
6,3,0.5,-1.0,0.0,-1.0,-1.0,-1.0,-1.0,-1.0
7,3,0.0,-1.0,1.0,-1.0,-1.0,-1.0,-1.0,-1.0
8,2,-0.288,0.0,0.712,-1.0,-1.0,-1.0,-1.0,-1.0
9,2,-0.576,1.0,0.424,-1.0,-1.0,-1.0,-1.0,-1.0
10,7,-1.0,0.288,-0.376,-1.0,-1.0,-1.0,0.0,-1.0
11,7,-1.0,-0.424,-1.0,-1.0,-1.0,-1.0,1.0,-1.0
12,6,-1.0,-1.0,-1.0,-1.0,-1.0,0.0,0.712,-1.0
13,6,-1.0,-1.0,-1.0,-1.0,-1.0,1.0,0.424,-1.0
14,5,-1.0,-1.0,-1.0,-1.0,0.0,0.712,-0.076,-1.0
15,5,-1.0,-1.0,-1.0,-1.0,1.0,0.424,-0.576,-1.0
16,3,-1.0,-1.0,0.0,-1.0,0.5,-0.288,-1.0,-1.0
17,3,-1.0,-1.0,1.0,-1.0,0.0,-1.0,-1.0,-1.0
18,1,0.0,-1.0,0.5,-1.0,-0.8,-1.0,-1.0,-1.0
19,1,1.0,-1.0,0.0,-1.0,-1.0,-1.0,-1.0,-1.0
20,2,0.712,0.0,-0.288,-1.0,-1.0,-1.0,-1.0,-1.0
21,2,0.424,1.0,-0.576,-1.0,-1.0,-1.0,-1.0,-1.0
22,6,-0.288,0.2,-1.0,-1.0,-1.0,0.0,-1.0,-1.0
23,6,-1.0,-0.6,-1.0,-1.0,-1.0,1.0,-1.0,-1.0
24,4,-1.0,-1.0,-1.0,0.0,-1.0,0.5,-1.0,-1.0
25,4,-1.0,-1.0,-1.0,1.0,-1.0,0.0,-1.0,-1.0
26,3,-1.0,-1.0,0.0,0.712,-1.0,-0.712,-1.0,-1.0
27,3,-1.0,-1.0,1.0,0.424,-1.0,-1.0,-1.0,-1.0
28,6,-1.0,-1.0,0.288,-0.076,-1.0,0.0,-1.0,-1.0
29,6,-1.0,-1.0,-0.424,-0.576,-1.0,1.0,-1.0,-1.0
30,1,0.0,-1.0,-0.924,-1.0,-1.0,0.288,-1.0,-1.0
31,1,1.0,-1.0,-1.0,-1.0,-1.0,-0.424,-1.0,-1.0
32,5,0.2,-1.0,-1.0,-1.0,0.0,-0.712,-1.0,-1.0
33,5,-0.6,-1.0,-1.0,-1.0,1.0,-1.0,-1.0,-1.0
34,4,-1.0,-1.0,-1.0,0.0,0.712,-1.0,-1.0,-1.0
35,4,-1.0,-1.0,-1.0,1.0,0.424,-1.0,-1.0,-1.0
36,1,0.0,-1.0,-1.0,0.288,-0.376,-1.0,-1.0,-1.0
37,1,1.0,-1.0,-1.0,-0.424,-1.0,-1.0,-1.0,-1.0
38,6,0.288,-1.0,-1.0,-0.924,-1.0,0.0,-1.0,-1.0
39,6,-0.424,-1.0,-1.0,-1.0,-1.0,1.0,-1.0,-1.0
40,8,-0.712,-1.0,-1.0,-1.0,-1.0,0.5,-1.0,0.0
41,8,-1.0,-1.0,-1.0,-1.0,-1.0,0.0,-1.0,1.0
42,4,-1.0,-1.0,-1.0,0.0,-1.0,-0.5,-1.0,0.2
43,4,-1.0,-1.0,-1.0,1.0,-1.0,-1.0,-1.0,-0.6
44,7,-1.0,-1.0,-1.0,0.288,-1.0,-1.0,0.0,-0.888
45,7,-1.0,-1.0,-1.0,-0.424,-1.0,-1.0,1.0,-1.0
46,3,-1.0,-1.0,0.0,-0.712,-1.0,-1.0,0.2,-1.0
47,3,-1.0,-1.0,1.0,-1.0,-1.0,-1.0,-0.6,-1.0
48,8,-1.0,-1.0,0.288,-1.0,-1.0,-1.0,-0.888,0.0
49,8,-1.0,-1.0,-0.424,-1.0,-1.0,-1.0,-1.0,1.0
50,1,0.0,-1.0,-0.924,-1.0,-1.0,-1.0,-1.0,0.712
51,1,1.0,-1.0,-1.0,-1.0,-1.0,-1.0,-1.0,0.424
52,4,0.288,-1.0,-1.0,0.0,-1.0,-1.0,-1.0,-0.376
53,4,-0.424,-1.0,-1.0,1.0,-1.0,-1.0,-1.0,-1.0
54,2,-0.712,0.0,-1.0,0.5,-1.0,-1.0,-1.0,-1.0
55,2,-1.0,1.0,-1.0,0.0,-1.0,-1.0,-1.0,-1.0
56,7,-1.0,0.288,-1.0,-0.712,-1.0,-1.0,0.0,-1.0
57,7,-1.0,-0.424,-1.0,-1.0,-1.0,-1.0,1.0,-1.0
58,3,-1.0,-0.712,0.0,-1.0,-1.0,-1.0,0.2,-1.0
59,3,-1.0,-1.0,1.0,-1.0,-1.0,-1.0,-0.6,-1.0
60,8,-1.0,-1.0,0.288,-1.0,-1.0,-1.0,-0.888,0.0
61,8,-1.0,-1.0,-0.424,-1.0,-1.0,-1.0,-1.0,1.0
62,2,-1.0,0.0,-0.712,-1.0,-1.0,-1.0,-1.0,0.5
63,2,-1.0,1.0,-1.0,-1.0,-1.0,-1.0,-1.0,0.0
64,3,-1.0,0.712,0.0,-1.0,-1.0,-1.0,-1.0,-0.712
65,3,-1.0,0.424,1.0,-1.0,-1.0,-1.0,-1.0,-1.0
66,8,-1.0,-0.076,0.288,-1.0,-1.0,-1.0,-1.0,0.0
67,8,-1.0,-0.576,-0.424,-1.0,-1.0,-1.0,-1.0,1.0
68,5,-1.0,-1.0,-0.924,-1.0,0.0,-1.0,-1.0,0.288
69,5,-1.0,-1.0,-1.0,-1.0,1.0,-1.0,-1.0,-0.424
70,6,-1.0,-1.0,-1.0,-1.0,0.712,0.0,-1.0,-0.924
71,6,-1.0,-1.0,-1.0,-1.0,0.424,1.0,-1.0,-1.0
72,1,0.0,-1.0,-1.0,-1.0,-0.376,0.288,-1.0,-1.0
73,1,1.0,-1.0,-1.0,-1.0,-1.0,-0.424,-1.0,-1.0
74,5,0.2,-1.0,-1.0,-1.0,0.0,-0.712,-1.0,-1.0
75,5,-0.6,-1.0,-1.0,-1.0,1.0,-1.0,-1.0,-1.0
76,2,-0.888,0.0,-1.0,-1.0,0.288,-1.0,-1.0,-1.0
77,2,-1.0,1.0,-1.0,-1.0,-0.424,-1.0,-1.0,-1.0
78,6,-1.0,0.2,-1.0,-1.0,-0.712,0.0,-1.0,-1.0
79,6,-1.0,-0.6,-1.0,-1.0,-1.0,1.0,-1.0,-1.0
80,1,0.0,-0.888,-1.0,-1.0,-1.0,0.288,-1.0,-1.0
81,1,1.0,-1.0,-1.0,-1.0,-1.0,-0.424,-1.0,-1.0
82,8,0.712,-1.0,-1.0,-1.0,-1.0,-0.924,-1.0,0.0
83,8,0.424,-1.0,-1.0,-1.0,-1.0,-1.0,-1.0,1.0
84,6,-0.288,-1.0,-1.0,-1.0,-1.0,0.0,-1.0,0.5
85,6,-1.0,-1.0,-1.0,-1.0,-1.0,1.0,-1.0,0.0
86,4,-1.0,-1.0,-1.0,0.0,-1.0,0.5,-1.0,-0.8
87,4,-1.0,-1.0,-1.0,1.0,-1.0,0.0,-1.0,-1.0
88,3,-1.0,-1.0,0.0,0.712,-1.0,-0.712,-1.0,-1.0
89,3,-1.0,-1.0,1.0,0.424,-1.0,-1.0,-1.0,-1.0
90,1,0.0,-1.0,0.5,-0.288,-1.0,-1.0,-1.0,-1.0
91,1,1.0,-1.0,0.0,-1.0,-1.0,-1.0,-1.0,-1.0
92,2,0.712,0.0,-0.288,-1.0,-1.0,-1.0,-1.0,-1.0
93,2,0.424,1.0,-0.576,-1.0,-1.0,-1.0,-1.0,-1.0
94,7,-0.076,0.288,-1.0,-1.0,-1.0,-1.0,0.0,-1.0
95,7,-0.576,-0.424,-1.0,-1.0,-1.0,-1.0,1.0,-1.0
96,5,-1.0,-1.0,-1.0,-1.0,0.0,-1.0,0.5,-1.0
97,5,-1.0,-1.0,-1.0,-1.0,1.0,-1.0,0.0,-1.0
98,3,-1.0,-1.0,0.0,-1.0,0.5,-1.0,-0.8,-1.0
99,3,-1.0,-1.0,1.0,-1.0,0.0,-1.0,-1.0,-1.0
100,8,-1.0,-1.0,0.288,-1.0,-0.712,-1.0,-1.0,0.0
101,8,-1.0,-1.0,-0.424,-1.0,-1.0,-1.0,-1.0,1.0
102,7,-1.0,-1.0,-1.0,-1.0,-1.0,-1.0,0.0,0.712
103,7,-1.0,-1.0,-1.0,-1.0,-1.0,-1.0,1.0,0.424
104,6,-1.0,-1.0,-1.0,-1.0,-1.0,0.0,0.712,-0.076
105,6,-1.0,-1.0,-1.0,-1.0,-1.0,1.0,0.424,-0.576
106,5,-1.0,-1.0,-1.0,-1.0,0.0,0.712,-0.076,-1.0
107,5,-1.0,-1.0,-1.0,-1.0,1.0,0.424,-0.576,-1.0
108,3,-1.0,-1.0,0.0,-1.0,0.5,-0.288,-1.0,-1.0
109,3,-1.0,-1.0,1.0,-1.0,0.0,-1.0,-1.0,-1.0
110,8,-1.0,-1.0,0.288,-1.0,-0.712,-1.0,-1.0,0.0
111,8,-1.0,-1.0,-0.424,-1.0,-1.0,-1.0,-1.0,1.0
112,4,-1.0,-1.0,-0.712,0.0,-1.0,-1.0,-1.0,0.2
113,4,-1.0,-1.0,-1.0,1.0,-1.0,-1.0,-1.0,-0.6
114,3,-1.0,-1.0,0.0,0.712,-1.0,-1.0,-1.0,-1.0
115,3,-1.0,-1.0,1.0,0.424,-1.0,-1.0,-1.0,-1.0
116,2,-1.0,0.0,0.712,-0.076,-1.0,-1.0,-1.0,-1.0
117,2,-1.0,1.0,0.424,-0.576,-1.0,-1.0,-1.0,-1.0
118,8,-1.0,0.5,-0.288,-1.0,-1.0,-1.0,-1.0,0.0
119,8,-1.0,0.0,-1.0,-1.0,-1.0,-1.0,-1.0,1.0
120,7,-1.0,-0.712,-1.0,-1.0,-1.0,-1.0,0.0,0.712
121,7,-1.0,-1.0,-1.0,-1.0,-1.0,-1.0,1.0,0.424
122,1,0.0,-1.0,-1.0,-1.0,-1.0,-1.0,0.5,0.136
123,1,1.0,-1.0,-1.0,-1.0,-1.0,-1.0,0.0,-0.152
124,5,0.2,-1.0,-1.0,-1.0,0.0,-1.0,-0.5,-0.864
125,5,-0.6,-1.0,-1.0,-1.0,1.0,-1.0,-1.0,-1.0
126,2,-0.888,0.0,-1.0,-1.0,0.288,-1.0,-1.0,-1.0
127,2,-1.0,1.0,-1.0,-1.0,-0.424,-1.0,-1.0,-1.0
128,7,-1.0,0.288,-1.0,-1.0,-0.924,-1.0,0.0,-1.0
129,7,-1.0,-0.424,-1.0,-1.0,-1.0,-1.0,1.0,-1.0
130,5,-1.0,-1.0,-1.0,-1.0,0.0,-1.0,0.5,-1.0
131,5,-1.0,-1.0,-1.0,-1.0,1.0,-1.0,0.0,-1.0
132,6,-1.0,-1.0,-1.0,-1.0,0.712,0.0,-0.288,-1.0
133,6,-1.0,-1.0,-1.0,-1.0,0.424,1.0,-0.576,-1.0
134,3,-1.0,-1.0,0.0,-1.0,-0.076,0.288,-1.0,-1.0
135,3,-1.0,-1.0,1.0,-1.0,-0.576,-0.424,-1.0,-1.0
136,7,-1.0,-1.0,0.2,-1.0,-1.0,-0.712,0.0,-1.0
137,7,-1.0,-1.0,-0.6,-1.0,-1.0,-1.0,1.0,-1.0
138,4,-1.0,-1.0,-0.888,0.0,-1.0,-1.0,0.288,-1.0
139,4,-1.0,-1.0,-1.0,1.0,-1.0,-1.0,-0.424,-1.0
140,1,0.0,-1.0,-1.0,0.288,-1.0,-1.0,-0.924,-1.0
141,1,1.0,-1.0,-1.0,-0.424,-1.0,-1.0,-1.0,-1.0
142,2,0.712,0.0,-1.0,-0.924,-1.0,-1.0,-1.0,-1.0
143,2,0.424,1.0,-1.0,-1.0,-1.0,-1.0,-1.0,-1.0
144,6,-0.288,0.2,-1.0,-1.0,-1.0,0.0,-1.0,-1.0
145,6,-1.0,-0.6,-1.0,-1.0,-1.0,1.0,-1.0,-1.0
146,5,-1.0,-1.0,-1.0,-1.0,0.0,0.712,-1.0,-1.0
147,5,-1.0,-1.0,-1.0,-1.0,1.0,0.424,-1.0,-1.0
148,8,-1.0,-1.0,-1.0,-1.0,0.288,-0.076,-1.0,0.0
149,8,-1.0,-1.0,-1.0,-1.0,-0.424,-0.576,-1.0,1.0
150,7,-1.0,-1.0,-1.0,-1.0,-0.924,-0.864,0.0,0.712
151,7,-1.0,-1.0,-1.0,-1.0,-1.0,-1.0,1.0,0.424
152,6,-1.0,-1.0,-1.0,-1.0,-1.0,0.0,0.712,-0.076
153,6,-1.0,-1.0,-1.0,-1.0,-1.0,1.0,0.424,-0.576
154,5,-1.0,-1.0,-1.0,-1.0,0.0,0.712,-0.076,-1.0
155,5,-1.0,-1.0,-1.0,-1.0,1.0,0.424,-0.576,-1.0
156,3,-1.0,-1.0,0.0,-1.0,0.5,-0.288,-1.0,-1.0
157,3,-1.0,-1.0,1.0,-1.0,0.0,-1.0,-1.0,-1.0
158,6,-1.0,-1.0,0.288,-1.0,-0.288,0.0,-1.0,-1.0
159,6,-1.0,-1.0,-0.424,-1.0,-0.576,1.0,-1.0,-1.0
160,1,0.0,-1.0,-0.924,-1.0,-1.0,0.288,-1.0,-1.0
161,1,1.0,-1.0,-1.0,-1.0,-1.0,-0.424,-1.0,-1.0
162,7,0.5,-1.0,-1.0,-1.0,-1.0,-0.712,0.0,-1.0
163,7,0.0,-1.0,-1.0,-1.0,-1.0,-1.0,1.0,-1.0
164,6,-0.712,-1.0,-1.0,-1.0,-1.0,0.0,0.712,-1.0
165,6,-1.0,-1.0,-1.0,-1.0,-1.0,1.0,0.424,-1.0
166,1,0.0,-1.0,-1.0,-1.0,-1.0,0.288,-0.076,-1.0
167,1,1.0,-1.0,-1.0,-1.0,-1.0,-0.424,-0.576,-1.0
168,8,0.712,-1.0,-1.0,-1.0,-1.0,-0.924,-0.864,0.0
169,8,0.424,-1.0,-1.0,-1.0,-1.0,-1.0,-1.0,1.0
170,4,-0.288,-1.0,-1.0,0.0,-1.0,-1.0,-1.0,0.2
171,4,-1.0,-1.0,-1.0,1.0,-1.0,-1.0,-1.0,-0.6
172,5,-1.0,-1.0,-1.0,0.712,0.0,-1.0,-1.0,-1.0
173,5,-1.0,-1.0,-1.0,0.424,1.0,-1.0,-1.0,-1.0
174,1,0.0,-1.0,-1.0,-0.288,0.2,-1.0,-1.0,-1.0
175,1,1.0,-1.0,-1.0,-1.0,-0.6,-1.0,-1.0,-1.0
176,6,0.288,-1.0,-1.0,-1.0,-0.888,0.0,-1.0,-1.0
177,6,-0.424,-1.0,-1.0,-1.0,-1.0,1.0,-1.0,-1.0
178,7,-0.924,-1.0,-1.0,-1.0,-1.0,0.712,0.0,-1.0
179,7,-1.0,-1.0,-1.0,-1.0,-1.0,0.424,1.0,-1.0
180,5,-1.0,-1.0,-1.0,-1.0,0.0,0.136,0.5,-1.0
181,5,-1.0,-1.0,-1.0,-1.0,1.0,-0.152,0.0,-1.0
182,1,0.0,-1.0,-1.0,-1.0,0.2,-0.864,-0.5,-1.0
183,1,1.0,-1.0,-1.0,-1.0,-0.6,-1.0,-1.0,-1.0
184,4,0.288,-1.0,-1.0,0.0,-0.888,-1.0,-1.0,-1.0
185,4,-0.424,-1.0,-1.0,1.0,-1.0,-1.0,-1.0,-1.0
186,3,-0.924,-1.0,0.0,0.712,-1.0,-1.0,-1.0,-1.0
187,3,-1.0,-1.0,1.0,0.424,-1.0,-1.0,-1.0,-1.0
188,1,0.0,-1.0,0.5,-0.288,-1.0,-1.0,-1.0,-1.0
189,1,1.0,-1.0,0.0,-1.0,-1.0,-1.0,-1.0,-1.0
190,4,0.288,-1.0,-0.288,0.0,-1.0,-1.0,-1.0,-1.0
191,4,-0.424,-1.0,-0.576,1.0,-1.0,-1.0,-1.0,-1.0
192,5,-1.0,-1.0,-1.0,0.712,0.0,-1.0,-1.0,-1.0
193,5,-1.0,-1.0,-1.0,0.424,1.0,-1.0,-1.0,-1.0
194,3,-1.0,-1.0,0.0,0.136,0.5,-1.0,-1.0,-1.0
195,3,-1.0,-1.0,1.0,-0.152,0.0,-1.0,-1.0,-1.0
196,2,-1.0,0.0,0.712,-0.652,-0.712,-1.0,-1.0,-1.0
197,2,-1.0,1.0,0.424,-1.0,-1.0,-1.0,-1.0,-1.0
198,8,-1.0,0.5,-0.288,-1.0,-1.0,-1.0,-1.0,0.0
199,8,-1.0,0.0,-1.0,-1.0,-1.0,-1.0,-1.0,1.0
200,3,-1.0,-0.288,0.0,-1.0,-1.0,-1.0,-1.0,0.288
201,3,-1.0,-0.576,1.0,-1.0,-1.0,-1.0,-1.0,-0.424
202,5,-1.0,-1.0,0.5,-1.0,0.0,-1.0,-1.0,-1.0
203,5,-1.0,-1.0,0.0,-1.0,1.0,-1.0,-1.0,-1.0
204,2,-1.0,0.0,-0.288,-1.0,0.288,-1.0,-1.0,-1.0
205,2,-1.0,1.0,-0.576,-1.0,-0.424,-1.0,-1.0,-1.0
206,4,-1.0,0.5,-0.864,0.0,-0.712,-1.0,-1.0,-1.0
207,4,-1.0,0.0,-1.0,1.0,-1.0,-1.0,-1.0,-1.0
208,3,-1.0,-0.288,0.0,0.712,-1.0,-1.0,-1.0,-1.0
209,3,-1.0,-0.576,1.0,0.424,-1.0,-1.0,-1.0,-1.0
210,1,0.0,-0.864,0.5,-0.288,-1.0,-1.0,-1.0,-1.0
211,1,1.0,-1.0,0.0,-1.0,-1.0,-1.0,-1.0,-1.0
212,2,0.712,0.0,-0.288,-1.0,-1.0,-1.0,-1.0,-1.0
213,2,0.424,1.0,-0.576,-1.0,-1.0,-1.0,-1.0,-1.0
214,4,-0.288,0.5,-0.864,0.0,-1.0,-1.0,-1.0,-1.0
215,4,-1.0,0.0,-1.0,1.0,-1.0,-1.0,-1.0,-1.0
216,5,-1.0,-0.712,-1.0,0.712,0.0,-1.0,-1.0,-1.0
217,5,-1.0,-1.0,-1.0,0.424,1.0,-1.0,-1.0,-1.0
218,8,-1.0,-1.0,-1.0,-0.376,0.288,-1.0,-1.0,0.0
219,8,-1.0,-1.0,-1.0,-1.0,-0.424,-1.0,-1.0,1.0
220,6,-1.0,-1.0,-1.0,-1.0,-0.712,0.0,-1.0,0.5
221,6,-1.0,-1.0,-1.0,-1.0,-1.0,1.0,-1.0,0.0
222,2,-1.0,0.0,-1.0,-1.0,-1.0,0.2,-1.0,-0.5
223,2,-1.0,1.0,-1.0,-1.0,-1.0,-0.6,-1.0,-1.0
224,3,-1.0,0.712,0.0,-1.0,-1.0,-1.0,-1.0,-1.0
225,3,-1.0,0.424,1.0,-1.0,-1.0,-1.0,-1.0,-1.0
226,5,-1.0,-0.288,0.5,-1.0,0.0,-1.0,-1.0,-1.0
227,5,-1.0,-1.0,0.0,-1.0,1.0,-1.0,-1.0,-1.0
228,2,-1.0,0.0,-0.288,-1.0,0.288,-1.0,-1.0,-1.0
229,2,-1.0,1.0,-0.576,-1.0,-0.424,-1.0,-1.0,-1.0
230,1,0.0,0.712,-1.0,-1.0,-1.0,-1.0,-1.0,-1.0
231,1,1.0,0.424,-1.0,-1.0,-1.0,-1.0,-1.0,-1.0
232,7,0.5,-0.288,-1.0,-1.0,-1.0,-1.0,0.0,-1.0
233,7,0.0,-1.0,-1.0,-1.0,-1.0,-1.0,1.0,-1.0
234,5,-0.8,-1.0,-1.0,-1.0,0.0,-1.0,0.5,-1.0
235,5,-1.0,-1.0,-1.0,-1.0,1.0,-1.0,0.0,-1.0
236,2,-1.0,0.0,-1.0,-1.0,0.288,-1.0,-0.712,-1.0
237,2,-1.0,1.0,-1.0,-1.0,-0.424,-1.0,-1.0,-1.0
238,1,0.0,0.712,-1.0,-1.0,-1.0,-1.0,-1.0,-1.0
239,1,1.0,0.424,-1.0,-1.0,-1.0,-1.0,-1.0,-1.0
240,6,0.288,-0.376,-1.0,-1.0,-1.0,0.0,-1.0,-1.0
241,6,-0.424,-1.0,-1.0,-1.0,-1.0,1.0,-1.0,-1.0
242,7,-0.924,-1.0,-1.0,-1.0,-1.0,0.712,0.0,-1.0
243,7,-1.0,-1.0,-1.0,-1.0,-1.0,0.424,1.0,-1.0
244,4,-1.0,-1.0,-1.0,0.0,-1.0,-0.076,0.288,-1.0
245,4,-1.0,-1.0,-1.0,1.0,-1.0,-0.576,-0.424,-1.0
246,1,0.0,-1.0,-1.0,0.288,-1.0,-1.0,-0.924,-1.0
247,1,1.0,-1.0,-1.0,-0.424,-1.0,-1.0,-1.0,-1.0
248,8,0.712,-1.0,-1.0,-1.0,-1.0,-1.0,-1.0,0.0
249,8,0.424,-1.0,-1.0,-1.0,-1.0,-1.0,-1.0,1.0
250,7,-0.076,-1.0,-1.0,-1.0,-1.0,-1.0,0.0,0.712
251,7,-0.576,-1.0,-1.0,-1.0,-1.0,-1.0,1.0,0.424
252,5,-1.0,-1.0,-1.0,-1.0,0.0,-1.0,0.5,-0.288
253,5,-1.0,-1.0,-1.0,-1.0,1.0,-1.0,0.0,-1.0
254,3,-1.0,-1.0,0.0,-1.0,0.5,-1.0,-0.8,-1.0
255,3,-1.0,-1.0,1.0,-1.0,0.0,-1.0,-1.0,-1.0
256,6,-1.0,-1.0,0.288,-1.0,-0.288,0.0,-1.0,-1.0
257,6,-1.0,-1.0,-0.424,-1.0,-0.576,1.0,-1.0,-1.0
258,2,-1.0,0.0,-0.712,-1.0,-1.0,0.2,-1.0,-1.0
259,2,-1.0,1.0,-1.0,-1.0,-1.0,-0.6,-1.0,-1.0
260,3,-1.0,0.712,0.0,-1.0,-1.0,-1.0,-1.0,-1.0
261,3,-1.0,0.424,1.0,-1.0,-1.0,-1.0,-1.0,-1.0
262,8,-1.0,-0.076,0.288,-1.0,-1.0,-1.0,-1.0,0.0
263,8,-1.0,-0.576,-0.424,-1.0,-1.0,-1.0,-1.0,1.0
264,5,-1.0,-1.0,-0.924,-1.0,0.0,-1.0,-1.0,0.288
265,5,-1.0,-1.0,-1.0,-1.0,1.0,-1.0,-1.0,-0.424
266,1,0.0,-1.0,-1.0,-1.0,0.2,-1.0,-1.0,-0.712
267,1,1.0,-1.0,-1.0,-1.0,-0.6,-1.0,-1.0,-1.0
268,3,0.5,-1.0,0.0,-1.0,-1.0,-1.0,-1.0,-1.0
269,3,0.0,-1.0,1.0,-1.0,-1.0,-1.0,-1.0,-1.0
270,8,-0.288,-1.0,0.288,-1.0,-1.0,-1.0,-1.0,0.0
271,8,-0.576,-1.0,-0.424,-1.0,-1.0,-1.0,-1.0,1.0
272,7,-1.0,-1.0,-1.0,-1.0,-1.0,-1.0,0.0,0.712
273,7,-1.0,-1.0,-1.0,-1.0,-1.0,-1.0,1.0,0.424
274,6,-1.0,-1.0,-1.0,-1.0,-1.0,0.0,0.712,-0.076
275,6,-1.0,-1.0,-1.0,-1.0,-1.0,1.0,0.424,-0.576
276,2,-1.0,0.0,-1.0,-1.0,-1.0,0.2,-0.288,-1.0
277,2,-1.0,1.0,-1.0,-1.0,-1.0,-0.6,-1.0,-1.0
278,3,-1.0,0.712,0.0,-1.0,-1.0,-1.0,-1.0,-1.0
279,3,-1.0,0.424,1.0,-1.0,-1.0,-1.0,-1.0,-1.0
280,8,-1.0,-0.076,0.288,-1.0,-1.0,-1.0,-1.0,0.0
281,8,-1.0,-0.576,-0.424,-1.0,-1.0,-1.0,-1.0,1.0
282,1,0.0,-0.864,-0.924,-1.0,-1.0,-1.0,-1.0,0.712
283,1,1.0,-1.0,-1.0,-1.0,-1.0,-1.0,-1.0,0.424
284,5,0.2,-1.0,-1.0,-1.0,0.0,-1.0,-1.0,-0.288
285,5,-0.6,-1.0,-1.0,-1.0,1.0,-1.0,-1.0,-1.0
286,3,-1.0,-1.0,0.0,-1.0,0.5,-1.0,-1.0,-1.0
287,3,-1.0,-1.0,1.0,-1.0,0.0,-1.0,-1.0,-1.0
288,8,-1.0,-1.0,0.288,-1.0,-0.712,-1.0,-1.0,0.0
289,8,-1.0,-1.0,-0.424,-1.0,-1.0,-1.0,-1.0,1.0
290,7,-1.0,-1.0,-1.0,-1.0,-1.0,-1.0,0.0,0.712
291,7,-1.0,-1.0,-1.0,-1.0,-1.0,-1.0,1.0,0.424
292,3,-1.0,-1.0,0.0,-1.0,-1.0,-1.0,0.2,-0.288
293,3,-1.0,-1.0,1.0,-1.0,-1.0,-1.0,-0.6,-1.0
294,5,-1.0,-1.0,0.5,-1.0,0.0,-1.0,-1.0,-1.0
295,5,-1.0,-1.0,0.0,-1.0,1.0,-1.0,-1.0,-1.0
296,7,-1.0,-1.0,-0.8,-1.0,0.5,-1.0,0.0,-1.0
297,7,-1.0,-1.0,-1.0,-1.0,0.0,-1.0,1.0,-1.0
298,1,0.0,-1.0,-1.0,-1.0,-0.8,-1.0,0.5,-1.0
299,1,1.0,-1.0,-1.0,-1.0,-1.0,-1.0,0.0,-1.0
300,6,0.288,-1.0,-1.0,-1.0,-1.0,0.0,-0.288,-1.0
301,6,-0.424,-1.0,-1.0,-1.0,-1.0,1.0,-0.576,-1.0
302,5,-1.0,-1.0,-1.0,-1.0,0.0,0.712,-1.0,-1.0
303,5,-1.0,-1.0,-1.0,-1.0,1.0,0.424,-1.0,-1.0
304,4,-1.0,-1.0,-1.0,0.0,0.712,-0.076,-1.0,-1.0
305,4,-1.0,-1.0,-1.0,1.0,0.424,-0.576,-1.0,-1.0
306,7,-1.0,-1.0,-1.0,0.288,-0.076,-0.864,0.0,-1.0
307,7,-1.0,-1.0,-1.0,-0.424,-0.576,-1.0,1.0,-1.0
308,8,-1.0,-1.0,-1.0,-1.0,-1.0,-1.0,0.712,0.0
309,8,-1.0,-1.0,-1.0,-1.0,-1.0,-1.0,0.424,1.0
310,4,-1.0,-1.0,-1.0,0.0,-1.0,-1.0,-0.288,0.2
311,4,-1.0,-1.0,-1.0,1.0,-1.0,-1.0,-1.0,-0.6
312,7,-1.0,-1.0,-1.0,0.288,-1.0,-1.0,0.0,-0.888
313,7,-1.0,-1.0,-1.0,-0.424,-1.0,-1.0,1.0,-1.0
314,6,-1.0,-1.0,-1.0,-0.924,-1.0,0.0,0.712,-1.0
315,6,-1.0,-1.0,-1.0,-1.0,-1.0,1.0,0.424,-1.0
316,4,-1.0,-1.0,-1.0,0.0,-1.0,0.5,-0.288,-1.0
317,4,-1.0,-1.0,-1.0,1.0,-1.0,0.0,-1.0,-1.0
318,8,-1.0,-1.0,-1.0,0.2,-1.0,-0.5,-1.0,0.0
319,8,-1.0,-1.0,-1.0,-0.6,-1.0,-1.0,-1.0,1.0
320,3,-1.0,-1.0,0.0,-0.888,-1.0,-1.0,-1.0,0.288
321,3,-1.0,-1.0,1.0,-1.0,-1.0,-1.0,-1.0,-0.424
322,5,-1.0,-1.0,0.5,-1.0,0.0,-1.0,-1.0,-1.0
323,5,-1.0,-1.0,0.0,-1.0,1.0,-1.0,-1.0,-1.0
324,7,-1.0,-1.0,-0.8,-1.0,0.5,-1.0,0.0,-1.0
325,7,-1.0,-1.0,-1.0,-1.0,0.0,-1.0,1.0,-1.0
326,2,-1.0,0.0,-1.0,-1.0,-0.712,-1.0,0.288,-1.0
327,2,-1.0,1.0,-1.0,-1.0,-1.0,-1.0,-0.424,-1.0
328,5,-1.0,0.288,-1.0,-1.0,0.0,-1.0,-0.924,-1.0
329,5,-1.0,-0.424,-1.0,-1.0,1.0,-1.0,-1.0,-1.0
330,3,-1.0,-0.712,0.0,-1.0,0.5,-1.0,-1.0,-1.0
331,3,-1.0,-1.0,1.0,-1.0,0.0,-1.0,-1.0,-1.0
332,8,-1.0,-1.0,0.288,-1.0,-0.712,-1.0,-1.0,0.0
333,8,-1.0,-1.0,-0.424,-1.0,-1.0,-1.0,-1.0,1.0
334,4,-1.0,-1.0,-0.712,0.0,-1.0,-1.0,-1.0,0.2
335,4,-1.0,-1.0,-1.0,1.0,-1.0,-1.0,-1.0,-0.6
336,1,0.0,-1.0,-1.0,0.288,-1.0,-1.0,-1.0,-0.888
337,1,1.0,-1.0,-1.0,-0.424,-1.0,-1.0,-1.0,-1.0
338,5,0.2,-1.0,-1.0,-0.712,0.0,-1.0,-1.0,-1.0
339,5,-0.6,-1.0,-1.0,-1.0,1.0,-1.0,-1.0,-1.0
340,6,-1.0,-1.0,-1.0,-1.0,0.712,0.0,-1.0,-1.0
341,6,-1.0,-1.0,-1.0,-1.0,0.424,1.0,-1.0,-1.0
342,2,-1.0,0.0,-1.0,-1.0,-0.288,0.2,-1.0,-1.0
343,2,-1.0,1.0,-1.0,-1.0,-1.0,-0.6,-1.0,-1.0
344,3,-1.0,0.712,0.0,-1.0,-1.0,-1.0,-1.0,-1.0
345,3,-1.0,0.424,1.0,-1.0,-1.0,-1.0,-1.0,-1.0
346,7,-1.0,-0.288,0.2,-1.0,-1.0,-1.0,0.0,-1.0
347,7,-1.0,-1.0,-0.6,-1.0,-1.0,-1.0,1.0,-1.0
348,2,-1.0,0.0,-0.888,-1.0,-1.0,-1.0,0.288,-1.0
349,2,-1.0,1.0,-1.0,-1.0,-1.0,-1.0,-0.424,-1.0
350,6,-1.0,0.2,-1.0,-1.0,-1.0,0.0,-0.712,-1.0
351,6,-1.0,-0.6,-1.0,-1.0,-1.0,1.0,-1.0,-1.0
352,8,-1.0,-1.0,-1.0,-1.0,-1.0,0.5,-1.0,0.0
353,8,-1.0,-1.0,-1.0,-1.0,-1.0,0.0,-1.0,1.0
354,1,0.0,-1.0,-1.0,-1.0,-1.0,-0.712,-1.0,0.712
355,1,1.0,-1.0,-1.0,-1.0,-1.0,-1.0,-1.0,0.424
356,5,0.2,-1.0,-1.0,-1.0,0.0,-1.0,-1.0,-0.288
357,5,-0.6,-1.0,-1.0,-1.0,1.0,-1.0,-1.0,-1.0
358,7,-1.0,-1.0,-1.0,-1.0,0.5,-1.0,0.0,-1.0
359,7,-1.0,-1.0,-1.0,-1.0,0.0,-1.0,1.0,-1.0
360,1,0.0,-1.0,-1.0,-1.0,-0.8,-1.0,0.5,-1.0
361,1,1.0,-1.0,-1.0,-1.0,-1.0,-1.0,0.0,-1.0
362,3,0.5,-1.0,0.0,-1.0,-1.0,-1.0,-0.8,-1.0
363,3,0.0,-1.0,1.0,-1.0,-1.0,-1.0,-1.0,-1.0
364,4,-0.712,-1.0,0.712,0.0,-1.0,-1.0,-1.0,-1.0
365,4,-1.0,-1.0,0.424,1.0,-1.0,-1.0,-1.0,-1.0
366,1,0.0,-1.0,-0.076,0.288,-1.0,-1.0,-1.0,-1.0
367,1,1.0,-1.0,-0.576,-0.424,-1.0,-1.0,-1.0,-1.0
368,5,0.2,-1.0,-1.0,-0.712,0.0,-1.0,-1.0,-1.0
369,5,-0.6,-1.0,-1.0,-1.0,1.0,-1.0,-1.0,-1.0
370,8,-0.888,-1.0,-1.0,-1.0,0.288,-1.0,-1.0,0.0
371,8,-1.0,-1.0,-1.0,-1.0,-0.424,-1.0,-1.0,1.0
372,7,-1.0,-1.0,-1.0,-1.0,-0.924,-1.0,0.0,0.712
373,7,-1.0,-1.0,-1.0,-1.0,-1.0,-1.0,1.0,0.424
374,1,0.0,-1.0,-1.0,-1.0,-1.0,-1.0,0.5,0.136
375,1,1.0,-1.0,-1.0,-1.0,-1.0,-1.0,0.0,-0.152
376,6,0.288,-1.0,-1.0,-1.0,-1.0,0.0,-0.288,-0.652
377,6,-0.424,-1.0,-1.0,-1.0,-1.0,1.0,-0.576,-1.0
378,8,-0.712,-1.0,-1.0,-1.0,-1.0,0.5,-0.864,0.0
379,8,-1.0,-1.0,-1.0,-1.0,-1.0,0.0,-1.0,1.0
380,1,0.0,-1.0,-1.0,-1.0,-1.0,-0.712,-1.0,0.712
381,1,1.0,-1.0,-1.0,-1.0,-1.0,-1.0,-1.0,0.424
382,6,0.288,-1.0,-1.0,-1.0,-1.0,0.0,-1.0,-0.076
383,6,-0.424,-1.0,-1.0,-1.0,-1.0,1.0,-1.0,-0.576
384,7,-0.924,-1.0,-1.0,-1.0,-1.0,0.712,0.0,-0.864
385,7,-1.0,-1.0,-1.0,-1.0,-1.0,0.424,1.0,-1.0
386,8,-1.0,-1.0,-1.0,-1.0,-1.0,-0.076,0.712,0.0
387,8,-1.0,-1.0,-1.0,-1.0,-1.0,-0.576,0.424,1.0
388,5,-1.0,-1.0,-1.0,-1.0,0.0,-0.864,-0.076,0.288
389,5,-1.0,-1.0,-1.0,-1.0,1.0,-1.0,-0.576,-0.424
390,3,-1.0,-1.0,0.0,-1.0,0.5,-1.0,-1.0,-1.0
391,3,-1.0,-1.0,1.0,-1.0,0.0,-1.0,-1.0,-1.0
392,6,-1.0,-1.0,0.288,-1.0,-0.288,0.0,-1.0,-1.0
393,6,-1.0,-1.0,-0.424,-1.0,-0.576,1.0,-1.0,-1.0
394,2,-1.0,0.0,-0.712,-1.0,-1.0,0.2,-1.0,-1.0
395,2,-1.0,1.0,-1.0,-1.0,-1.0,-0.6,-1.0,-1.0
396,4,-1.0,0.5,-1.0,0.0,-1.0,-1.0,-1.0,-1.0
397,4,-1.0,0.0,-1.0,1.0,-1.0,-1.0,-1.0,-1.0
398,7,-1.0,-0.712,-1.0,0.288,-1.0,-1.0,0.0,-1.0
399,7,-1.0,-1.0,-1.0,-0.424,-1.0,-1.0,1.0,-1.0
400,8,-1.0,-1.0,-1.0,-1.0,-1.0,-1.0,0.712,0.0
401,8,-1.0,-1.0,-1.0,-1.0,-1.0,-1.0,0.424,1.0
402,1,0.0,-1.0,-1.0,-1.0,-1.0,-1.0,-0.076,0.712
403,1,1.0,-1.0,-1.0,-1.0,-1.0,-1.0,-0.576,0.424
404,6,0.288,-1.0,-1.0,-1.0,-1.0,0.0,-0.864,-0.076
405,6,-0.424,-1.0,-1.0,-1.0,-1.0,1.0,-1.0,-0.576
406,5,-1.0,-1.0,-1.0,-1.0,0.0,0.712,-1.0,-1.0
407,5,-1.0,-1.0,-1.0,-1.0,1.0,0.424,-1.0,-1.0
408,7,-1.0,-1.0,-1.0,-1.0,0.5,0.136,0.0,-1.0
409,7,-1.0,-1.0,-1.0,-1.0,0.0,-0.152,1.0,-1.0
410,1,0.0,-1.0,-1.0,-1.0,-0.8,-0.864,0.5,-1.0
411,1,1.0,-1.0,-1.0,-1.0,-1.0,-1.0,0.0,-1.0
412,8,0.712,-1.0,-1.0,-1.0,-1.0,-1.0,-0.288,0.0
413,8,0.424,-1.0,-1.0,-1.0,-1.0,-1.0,-0.576,1.0
414,5,-0.376,-1.0,-1.0,-1.0,0.0,-1.0,-1.0,0.288
415,5,-1.0,-1.0,-1.0,-1.0,1.0,-1.0,-1.0,-0.424
416,6,-1.0,-1.0,-1.0,-1.0,0.712,0.0,-1.0,-0.924
417,6,-1.0,-1.0,-1.0,-1.0,0.424,1.0,-1.0,-1.0
418,4,-1.0,-1.0,-1.0,0.0,0.136,0.5,-1.0,-1.0
419,4,-1.0,-1.0,-1.0,1.0,-0.152,0.0,-1.0,-1.0
420,2,-1.0,0.0,-1.0,0.5,-0.864,-0.8,-1.0,-1.0
421,2,-1.0,1.0,-1.0,0.0,-1.0,-1.0,-1.0,-1.0
422,3,-1.0,0.712,0.0,-0.288,-1.0,-1.0,-1.0,-1.0
423,3,-1.0,0.424,1.0,-0.576,-1.0,-1.0,-1.0,-1.0
424,8,-1.0,-0.076,0.288,-1.0,-1.0,-1.0,-1.0,0.0
425,8,-1.0,-0.576,-0.424,-1.0,-1.0,-1.0,-1.0,1.0
426,6,-1.0,-1.0,-1.0,-1.0,-1.0,0.0,-1.0,0.5
427,6,-1.0,-1.0,-1.0,-1.0,-1.0,1.0,-1.0,0.0
428,1,0.0,-1.0,-1.0,-1.0,-1.0,0.288,-1.0,-0.288
429,1,1.0,-1.0,-1.0,-1.0,-1.0,-0.424,-1.0,-0.576
430,7,0.5,-1.0,-1.0,-1.0,-1.0,-0.712,0.0,-0.864
431,7,0.0,-1.0,-1.0,-1.0,-1.0,-1.0,1.0,-1.0
432,3,-0.5,-1.0,0.0,-1.0,-1.0,-1.0,0.2,-1.0
433,3,-1.0,-1.0,1.0,-1.0,-1.0,-1.0,-0.6,-1.0
434,2,-1.0,0.0,0.712,-1.0,-1.0,-1.0,-1.0,-1.0
435,2,-1.0,1.0,0.424,-1.0,-1.0,-1.0,-1.0,-1.0
436,8,-1.0,0.5,-0.288,-1.0,-1.0,-1.0,-1.0,0.0
437,8,-1.0,0.0,-1.0,-1.0,-1.0,-1.0,-1.0,1.0
438,6,-1.0,-0.8,-1.0,-1.0,-1.0,0.0,-1.0,0.5
439,6,-1.0,-1.0,-1.0,-1.0,-1.0,1.0,-1.0,0.0
440,4,-1.0,-1.0,-1.0,0.0,-1.0,0.5,-1.0,-0.8
441,4,-1.0,-1.0,-1.0,1.0,-1.0,0.0,-1.0,-1.0
442,2,-1.0,0.0,-1.0,0.5,-1.0,-0.8,-1.0,-1.0
443,2,-1.0,1.0,-1.0,0.0,-1.0,-1.0,-1.0,-1.0
444,6,-1.0,0.2,-1.0,-0.5,-1.0,0.0,-1.0,-1.0
445,6,-1.0,-0.6,-1.0,-1.0,-1.0,1.0,-1.0,-1.0
446,3,-1.0,-0.888,0.0,-1.0,-1.0,0.288,-1.0,-1.0
447,3,-1.0,-1.0,1.0,-1.0,-1.0,-0.424,-1.0,-1.0
448,2,-1.0,0.0,0.712,-1.0,-1.0,-1.0,-1.0,-1.0
449,2,-1.0,1.0,0.424,-1.0,-1.0,-1.0,-1.0,-1.0
450,5,-1.0,0.288,-0.076,-1.0,0.0,-1.0,-1.0,-1.0
451,5,-1.0,-0.424,-0.576,-1.0,1.0,-1.0,-1.0,-1.0
452,4,-1.0,-0.924,-0.864,0.0,0.712,-1.0,-1.0,-1.0
453,4,-1.0,-1.0,-1.0,1.0,0.424,-1.0,-1.0,-1.0
454,1,0.0,-1.0,-1.0,0.288,-0.376,-1.0,-1.0,-1.0
455,1,1.0,-1.0,-1.0,-0.424,-1.0,-1.0,-1.0,-1.0
456,7,0.5,-1.0,-1.0,-1.0,-1.0,-1.0,0.0,-1.0
457,7,0.0,-1.0,-1.0,-1.0,-1.0,-1.0,1.0,-1.0
458,6,-0.712,-1.0,-1.0,-1.0,-1.0,0.0,0.712,-1.0
459,6,-1.0,-1.0,-1.0,-1.0,-1.0,1.0,0.424,-1.0
460,4,-1.0,-1.0,-1.0,0.0,-1.0,0.5,-0.288,-1.0
461,4,-1.0,-1.0,-1.0,1.0,-1.0,0.0,-1.0,-1.0
462,2,-1.0,0.0,-1.0,0.5,-1.0,-0.8,-1.0,-1.0
463,2,-1.0,1.0,-1.0,0.0,-1.0,-1.0,-1.0,-1.0
464,1,0.0,0.712,-1.0,-0.712,-1.0,-1.0,-1.0,-1.0
465,1,1.0,0.424,-1.0,-1.0,-1.0,-1.0,-1.0,-1.0
466,6,0.288,-0.376,-1.0,-1.0,-1.0,0.0,-1.0,-1.0
467,6,-0.424,-1.0,-1.0,-1.0,-1.0,1.0,-1.0,-1.0
468,4,-1.0,-1.0,-1.0,0.0,-1.0,0.5,-1.0,-1.0
469,4,-1.0,-1.0,-1.0,1.0,-1.0,0.0,-1.0,-1.0
470,5,-1.0,-1.0,-1.0,0.712,0.0,-0.288,-1.0,-1.0
471,5,-1.0,-1.0,-1.0,0.424,1.0,-0.576,-1.0,-1.0
472,7,-1.0,-1.0,-1.0,-0.288,0.5,-0.864,0.0,-1.0
473,7,-1.0,-1.0,-1.0,-1.0,0.0,-1.0,1.0,-1.0
474,2,-1.0,0.0,-1.0,-1.0,-0.712,-1.0,0.288,-1.0
475,2,-1.0,1.0,-1.0,-1.0,-1.0,-1.0,-0.424,-1.0
476,4,-1.0,0.5,-1.0,0.0,-1.0,-1.0,-1.0,-1.0
477,4,-1.0,0.0,-1.0,1.0,-1.0,-1.0,-1.0,-1.0
478,6,-1.0,-0.8,-1.0,0.5,-1.0,0.0,-1.0,-1.0
479,6,-1.0,-1.0,-1.0,0.0,-1.0,1.0,-1.0,-1.0
480,1,0.0,-1.0,-1.0,-0.712,-1.0,0.288,-1.0,-1.0
481,1,1.0,-1.0,-1.0,-1.0,-1.0,-0.424,-1.0,-1.0
482,2,0.712,0.0,-1.0,-1.0,-1.0,-1.0,-1.0,-1.0
483,2,0.424,1.0,-1.0,-1.0,-1.0,-1.0,-1.0,-1.0
484,7,-0.076,0.288,-1.0,-1.0,-1.0,-1.0,0.0,-1.0
485,7,-0.576,-0.424,-1.0,-1.0,-1.0,-1.0,1.0,-1.0
486,5,-1.0,-1.0,-1.0,-1.0,0.0,-1.0,0.5,-1.0
487,5,-1.0,-1.0,-1.0,-1.0,1.0,-1.0,0.0,-1.0
488,3,-1.0,-1.0,0.0,-1.0,0.5,-1.0,-0.8,-1.0
489,3,-1.0,-1.0,1.0,-1.0,0.0,-1.0,-1.0,-1.0
490,7,-1.0,-1.0,0.2,-1.0,-0.5,-1.0,0.0,-1.0
491,7,-1.0,-1.0,-0.6,-1.0,-1.0,-1.0,1.0,-1.0
492,5,-1.0,-1.0,-1.0,-1.0,0.0,-1.0,0.5,-1.0
493,5,-1.0,-1.0,-1.0,-1.0,1.0,-1.0,0.0,-1.0
494,3,-1.0,-1.0,0.0,-1.0,0.5,-1.0,-0.8,-1.0
495,3,-1.0,-1.0,1.0,-1.0,0.0,-1.0,-1.0,-1.0
496,1,0.0,-1.0,0.5,-1.0,-0.8,-1.0,-1.0,-1.0
497,1,1.0,-1.0,0.0,-1.0,-1.0,-1.0,-1.0,-1.0
498,2,0.712,0.0,-0.288,-1.0,-1.0,-1.0,-1.0,-1.0
499,2,0.424,1.0,-0.576,-1.0,-1.0,-1.0,-1.0,-1.0
