step,active_motive,motive_1,motive_2,motive_3,motive_4,motive_5,motive_6,motive_7,motive_8
0,,0.16298,0.11012,0.35557,0.40475,0.17433,0.04809,0.47026,0.19879
1,,0.01298,-0.03988,0.20557,0.25475,0.02433,-0.10191,0.32026,0.04879
2,6,-0.24902,-0.38988,-0.05643,0.20475,0.18633,0.89809,0.48226,-0.00121
3,6,-0.51102,-0.73988,-0.31843,0.15475,0.34833,1.0,0.64426,-0.05121
4,2,-0.34902,0.26012,-0.15643,0.10475,0.08633,0.65,0.38226,-0.10121
5,2,-0.18702,1.0,0.00557,0.05475,-0.17567,0.3,0.12026,-0.15121
6,1,0.81298,1.0,-0.04443,-0.20725,-0.52567,0.038,0.07026,0.01079
7,1,1.0,1.0,-0.09443,-0.46925,-0.87567,-0.224,0.02026,0.17279
8,5,0.65,0.738,-0.14443,-0.30725,0.12433,-0.062,-0.02974,-0.08921
9,5,0.3,0.476,-0.19443,-0.14525,1.0,0.1,-0.07974,-0.35121
10,8,0.462,0.426,-0.45643,-0.49525,0.738,0.05,0.08226,0.64879
11,8,0.624,0.376,-0.71843,-0.84525,0.476,0.0,0.24426,1.0
12,4,0.362,0.326,-0.55643,0.15475,0.638,-0.05,-0.01774,0.65
13,4,0.1,0.276,-0.39443,1.0,0.8,-0.1,-0.27974,0.3
14,3,0.05,0.438,0.60557,1.0,0.75,-0.362,-0.62974,0.038
15,3,0.0,0.6,1.0,1.0,0.7,-0.624,-0.97974,-0.224
16,7,-0.05,0.338,0.65,0.738,0.65,-0.462,0.02026,-0.062
17,7,-0.1,0.076,0.3,0.476,0.6,-0.3,1.0,0.1
18,6,-0.362,-0.274,0.038,0.426,0.762,0.7,1.0,0.05
19,6,-0.624,-0.624,-0.224,0.376,0.924,1.0,1.0,0.0
20,1,0.376,-0.462,-0.274,0.114,0.574,0.738,0.95,0.162
21,1,1.0,-0.3,-0.324,-0.148,0.224,0.476,0.9,0.324
22,3,0.95,-0.138,0.676,0.014,0.174,0.214,0.55,0.062
23,3,0.9,0.024,1.0,0.176,0.124,-0.048,0.2,-0.2
24,8,1.0,-0.026,0.738,-0.174,-0.138,-0.098,0.362,0.8
25,8,1.0,-0.076,0.476,-0.524,-0.4,-0.148,0.524,1.0
26,4,0.738,-0.126,0.638,0.476,-0.238,-0.198,0.262,0.65
27,4,0.476,-0.176,0.8,1.0,-0.076,-0.248,0.0,0.3
28,6,0.214,-0.526,0.538,0.95,0.086,0.752,0.162,0.25
29,6,-0.048,-0.876,0.276,0.9,0.248,1.0,0.324,0.2
30,2,0.114,0.124,0.438,0.85,-0.014,0.65,0.062,0.15
31,2,0.276,1.0,0.6,0.8,-0.276,0.3,-0.2,0.1
32,5,-0.074,0.738,0.55,0.962,0.724,0.462,-0.25,-0.162
33,5,-0.424,0.476,0.5,1.0,1.0,0.624,-0.3,-0.424
34,8,-0.262,0.426,0.238,0.65,0.738,0.574,-0.138,0.576
35,8,-0.1,0.376,-0.024,0.3,0.476,0.524,0.024,1.0
36,1,0.9,0.538,-0.074,0.038,0.126,0.262,-0.026,1.0
37,1,1.0,0.7,-0.124,-0.224,-0.224,0.0,-0.076,1.0
38,5,0.65,0.438,-0.174,-0.062,0.776,0.162,-0.126,0.738
39,5,0.3,0.176,-0.224,0.1,1.0,0.324,-0.176,0.476
40,3,0.25,0.338,0.776,0.262,0.95,0.062,-0.526,0.214
41,3,0.2,0.5,1.0,0.424,0.9,-0.2,-0.876,-0.048
42,7,0.15,0.238,0.65,0.162,0.85,-0.038,0.124,0.114
43,7,0.1,-0.024,0.3,-0.1,0.8,0.124,1.0,0.276
44,4,-0.162,-0.074,0.462,0.9,0.962,0.074,0.738,-0.074
45,4,-0.424,-0.124,0.624,1.0,1.0,0.024,0.476,-0.424
46,1,0.576,0.038,0.574,0.738,0.65,-0.238,0.426,-0.262
47,1,1.0,0.2,0.524,0.476,0.3,-0.5,0.376,-0.1
48,6,0.738,-0.15,0.262,0.426,0.462,0.5,0.538,-0.15
49,6,0.476,-0.5,0.0,0.376,0.624,1.0,0.7,-0.2
50,2,0.638,0.5,0.162,0.326,0.362,0.65,0.438,-0.25
51,2,0.8,1.0,0.324,0.276,0.1,0.3,0.176,-0.3
52,8,0.962,0.95,0.062,-0.074,-0.162,0.25,0.338,0.7
53,8,1.0,0.9,-0.2,-0.424,-0.424,0.2,0.5,1.0
54,4,0.738,0.85,-0.038,0.576,-0.262,0.15,0.238,0.65
55,4,0.476,0.8,0.124,1.0,-0.1,0.1,-0.024,0.3
56,5,0.126,0.538,0.074,1.0,0.9,0.262,-0.074,0.038
57,5,-0.224,0.276,0.024,1.0,1.0,0.424,-0.124,-0.224
58,8,-0.062,0.226,-0.238,0.65,0.738,0.374,0.038,0.776
59,8,0.1,0.176,-0.5,0.3,0.476,0.324,0.2,1.0
60,3,0.05,0.338,0.5,0.462,0.426,0.062,-0.15,0.738
61,3,0.0,0.5,1.0,0.624,0.376,-0.2,-0.5,0.476
62,7,-0.05,0.238,0.65,0.362,0.326,-0.038,0.5,0.638
63,7,-0.1,-0.024,0.3,0.1,0.276,0.124,1.0,0.8
64,1,0.9,0.138,0.25,-0.162,-0.074,-0.138,0.95,0.962
65,1,1.0,0.3,0.2,-0.424,-0.424,-0.4,0.9,1.0
66,4,0.738,0.25,0.362,0.576,-0.262,-0.45,0.638,0.65
67,4,0.476,0.2,0.524,1.0,-0.1,-0.5,0.376,0.3
68,6,0.214,-0.15,0.262,0.95,0.062,0.5,0.538,0.25
69,6,-0.048,-0.5,0.0,0.9,0.224,1.0,0.7,0.2
70,2,0.114,0.5,0.162,0.85,-0.038,0.65,0.438,0.15
71,2,0.276,1.0,0.324,0.8,-0.3,0.3,0.176,0.1
72,5,-0.074,0.738,0.274,0.962,0.7,0.462,0.126,-0.162
73,5,-0.424,0.476,0.224,1.0,1.0,0.624,0.076,-0.424
74,1,0.576,0.638,0.174,0.738,0.65,0.362,0.026,-0.262
75,1,1.0,0.8,0.124,0.476,0.3,0.1,-0.024,-0.1
76,8,1.0,0.75,-0.138,0.126,0.038,0.05,0.138,0.9
77,8,1.0,0.7,-0.4,-0.224,-0.224,0.0,0.3,1.0
78,3,0.95,0.862,0.6,-0.062,-0.274,-0.262,-0.05,0.738
79,3,0.9,1.0,1.0,0.1,-0.324,-0.524,-0.4,0.476
80,6,0.638,0.65,0.738,0.05,-0.162,0.476,-0.238,0.426
81,6,0.376,0.3,0.476,0.0,0.0,1.0,-0.076,0.376
82,7,0.326,0.038,0.126,-0.262,-0.05,1.0,0.924,0.538
83,7,0.276,-0.224,-0.224,-0.524,-0.1,1.0,1.0,0.7
84,4,0.014,-0.274,-0.062,0.476,0.062,0.95,0.738,0.35
85,4,-0.248,-0.324,0.1,1.0,0.224,0.9,0.476,-0.0
86,2,-0.086,0.676,0.262,0.95,-0.038,0.55,0.214,-0.05
87,2,0.076,1.0,0.424,0.9,-0.3,0.2,-0.048,-0.1
88,5,-0.274,0.738,0.374,1.0,0.7,0.362,-0.098,-0.362
89,5,-0.624,0.476,0.324,1.0,1.0,0.524,-0.148,-0.624
90,8,-0.462,0.426,0.062,0.65,0.738,0.474,0.014,0.376
91,8,-0.3,0.376,-0.2,0.3,0.476,0.424,0.176,1.0
92,1,0.7,0.538,-0.25,0.038,0.126,0.162,0.126,1.0
93,1,1.0,0.7,-0.3,-0.224,-0.224,-0.1,0.076,1.0
94,3,0.95,0.862,0.7,-0.062,-0.274,-0.362,-0.274,0.738
95,3,0.9,1.0,1.0,0.1,-0.324,-0.624,-0.624,0.476
96,6,0.638,0.65,0.738,0.05,-0.162,0.376,-0.462,0.426
97,6,0.376,0.3,0.476,0.0,0.0,1.0,-0.3,0.376
98,7,0.326,0.038,0.126,-0.262,-0.05,1.0,0.7,0.538
99,7,0.276,-0.224,-0.224,-0.524,-0.1,1.0,1.0,0.7
100,4,0.014,-0.274,-0.062,0.476,0.062,0.95,0.738,0.35
101,4,-0.248,-0.324,0.1,1.0,0.224,0.9,0.476,-0.0
102,2,-0.086,0.676,0.262,0.95,-0.038,0.55,0.214,-0.05
103,2,0.076,1.0,0.424,0.9,-0.3,0.2,-0.048,-0.1
104,5,-0.274,0.738,0.374,1.0,0.7,0.362,-0.098,-0.362
105,5,-0.624,0.476,0.324,1.0,1.0,0.524,-0.148,-0.624
106,1,0.376,0.638,0.274,0.738,0.65,0.262,-0.198,-0.462
107,1,1.0,0.8,0.224,0.476,0.3,0.0,-0.248,-0.3
108,8,1.0,0.75,-0.038,0.126,0.038,-0.05,-0.086,0.7
109,8,1.0,0.7,-0.3,-0.224,-0.224,-0.1,0.076,1.0
110,3,0.95,0.862,0.7,-0.062,-0.274,-0.362,-0.274,0.738
111,3,0.9,1.0,1.0,0.1,-0.324,-0.624,-0.624,0.476
112,7,0.85,0.738,0.65,-0.162,-0.374,-0.462,0.376,0.638
113,7,0.8,0.476,0.3,-0.424,-0.424,-0.3,1.0,0.8
114,5,0.45,0.214,0.25,-0.262,0.576,-0.138,0.95,0.538
115,5,0.1,-0.048,0.2,-0.1,1.0,0.024,0.9,0.276
116,4,-0.162,-0.098,0.362,0.9,1.0,-0.026,0.638,-0.074
117,4,-0.424,-0.148,0.524,1.0,1.0,-0.076,0.376,-0.424
118,1,0.576,0.014,0.474,0.738,0.65,-0.338,0.326,-0.262
119,1,1.0,0.176,0.424,0.476,0.3,-0.6,0.276,-0.1
120,6,0.738,-0.174,0.162,0.426,0.462,0.4,0.438,-0.15
121,6,0.476,-0.524,-0.1,0.376,0.624,1.0,0.6,-0.2
122,2,0.638,0.476,0.062,0.326,0.362,0.65,0.338,-0.25
123,2,0.8,1.0,0.224,0.276,0.1,0.3,0.076,-0.3
124,8,0.962,0.95,-0.038,-0.074,-0.162,0.25,0.238,0.7
125,8,1.0,0.9,-0.3,-0.424,-0.424,0.2,0.4,1.0
126,4,0.738,0.85,-0.138,0.576,-0.262,0.15,0.138,0.65
127,4,0.476,0.8,0.024,1.0,-0.1,0.1,-0.124,0.3
128,7,0.426,0.538,-0.326,0.738,-0.15,0.262,0.876,0.462
129,7,0.376,0.276,-0.676,0.476,-0.2,0.424,1.0,0.624
130,3,0.326,0.438,0.324,0.638,-0.25,0.162,0.65,0.362
131,3,0.276,0.6,1.0,0.8,-0.3,-0.1,0.3,0.1
132,5,-0.074,0.338,0.95,0.962,0.7,0.062,0.25,-0.162
133,5,-0.424,0.076,0.9,1.0,1.0,0.224,0.2,-0.424
134,8,-0.262,0.026,0.638,0.65,0.738,0.174,0.362,0.576
135,8,-0.1,-0.024,0.376,0.3,0.476,0.124,0.524,1.0
136,1,0.9,0.138,0.326,0.038,0.126,-0.138,0.474,1.0
137,1,1.0,0.3,0.276,-0.224,-0.224,-0.4,0.424,1.0
138,6,0.738,-0.05,0.014,-0.274,-0.062,0.6,0.586,0.95
139,6,0.476,-0.4,-0.248,-0.324,0.1,1.0,0.748,0.9
140,2,0.638,0.6,-0.086,-0.374,-0.162,0.65,0.486,0.85
141,2,0.8,1.0,0.076,-0.424,-0.424,0.3,0.224,0.8
142,5,0.45,0.738,0.026,-0.262,0.576,0.462,0.174,0.538
143,5,0.1,0.476,-0.024,-0.1,1.0,0.624,0.124,0.276
144,4,-0.162,0.426,0.138,0.9,1.0,0.574,-0.138,-0.074
145,4,-0.424,0.376,0.3,1.0,1.0,0.524,-0.4,-0.424
146,8,-0.262,0.326,0.038,0.65,0.738,0.474,-0.238,0.576
147,8,-0.1,0.276,-0.224,0.3,0.476,0.424,-0.076,1.0
148,3,-0.15,0.438,0.776,0.462,0.426,0.162,-0.426,0.738
149,3,-0.2,0.6,1.0,0.624,0.376,-0.1,-0.776,0.476
150,7,-0.25,0.338,0.65,0.362,0.326,0.062,0.224,0.638
151,7,-0.3,0.076,0.3,0.1,0.276,0.224,1.0,0.8
152,1,0.7,0.238,0.25,-0.162,-0.074,-0.038,0.95,0.962
153,1,1.0,0.4,0.2,-0.424,-0.424,-0.3,0.9,1.0
154,5,0.65,0.138,0.15,-0.262,0.576,-0.138,0.85,0.738
155,5,0.3,-0.124,0.1,-0.1,1.0,0.024,0.8,0.476
156,2,0.462,0.876,0.262,-0.15,0.738,-0.326,0.538,0.426
157,2,0.624,1.0,0.424,-0.2,0.476,-0.676,0.276,0.376
158,6,0.362,0.65,0.162,-0.25,0.638,0.324,0.438,0.326
159,6,0.1,0.3,-0.1,-0.3,0.8,1.0,0.6,0.276
160,4,-0.162,0.25,0.062,0.7,0.962,0.95,0.338,-0.074
161,4,-0.424,0.2,0.224,1.0,1.0,0.9,0.076,-0.424
162,1,0.576,0.362,0.174,0.738,0.65,0.638,0.026,-0.262
163,1,1.0,0.524,0.124,0.476,0.3,0.376,-0.024,-0.1
164,8,1.0,0.474,-0.138,0.126,0.038,0.326,0.138,0.9
165,8,1.0,0.424,-0.4,-0.224,-0.224,0.276,0.3,1.0
166,3,0.95,0.586,0.6,-0.062,-0.274,0.014,-0.05,0.738
167,3,0.9,0.748,1.0,0.1,-0.324,-0.248,-0.4,0.476
168,7,0.85,0.486,0.65,-0.162,-0.374,-0.086,0.6,0.638
169,7,0.8,0.224,0.3,-0.424,-0.424,0.076,1.0,0.8
170,5,0.45,-0.038,0.25,-0.262,0.576,0.238,0.95,0.538
171,5,0.1,-0.3,0.2,-0.1,1.0,0.4,0.9,0.276
172,2,0.262,0.7,0.362,-0.15,0.738,0.05,0.638,0.226
173,2,0.424,1.0,0.524,-0.2,0.476,-0.3,0.376,0.176
174,6,0.162,0.65,0.262,-0.25,0.638,0.7,0.538,0.126
175,6,-0.1,0.3,0.0,-0.3,0.8,1.0,0.7,0.076
176,4,-0.362,0.25,0.162,0.7,0.962,0.95,0.438,-0.274
177,4,-0.624,0.2,0.324,1.0,1.0,0.9,0.176,-0.624
178,8,-0.462,0.15,0.062,0.65,0.738,0.85,0.338,0.376
179,8,-0.3,0.1,-0.2,0.3,0.476,0.8,0.5,1.0
180,1,0.7,0.262,-0.25,0.038,0.126,0.538,0.45,1.0
181,1,1.0,0.424,-0.3,-0.224,-0.224,0.276,0.4,1.0
182,3,0.95,0.586,0.7,-0.062,-0.274,0.014,0.05,0.738
183,3,0.9,0.748,1.0,0.1,-0.324,-0.248,-0.3,0.476
184,5,0.55,0.486,0.95,0.262,0.676,-0.086,-0.35,0.214
185,5,0.2,0.224,0.9,0.424,1.0,0.076,-0.4,-0.048
186,7,0.15,-0.038,0.55,0.162,0.95,0.238,0.6,0.114
187,7,0.1,-0.3,0.2,-0.1,0.9,0.4,1.0,0.276
188,2,0.262,0.7,0.362,-0.15,0.638,0.05,0.738,0.226
189,2,0.424,1.0,0.524,-0.2,0.376,-0.3,0.476,0.176
190,6,0.162,0.65,0.262,-0.25,0.538,0.7,0.638,0.126
191,6,-0.1,0.3,0.0,-0.3,0.7,1.0,0.8,0.076
192,4,-0.362,0.25,0.162,0.7,0.862,0.95,0.538,-0.274
193,4,-0.624,0.2,0.324,1.0,1.0,0.9,0.276,-0.624
194,1,0.376,0.362,0.274,0.738,0.65,0.638,0.226,-0.462
195,1,1.0,0.524,0.224,0.476,0.3,0.376,0.176,-0.3
196,8,1.0,0.474,-0.038,0.126,0.038,0.326,0.338,0.7
197,8,1.0,0.424,-0.3,-0.224,-0.224,0.276,0.5,1.0
198,3,0.95,0.586,0.7,-0.062,-0.274,0.014,0.15,0.738
199,3,0.9,0.748,1.0,0.1,-0.324,-0.248,-0.2,0.476
200,5,0.55,0.486,0.95,0.262,0.676,-0.086,-0.25,0.214
201,5,0.2,0.224,0.9,0.424,1.0,0.076,-0.3,-0.048
202,7,0.15,-0.038,0.55,0.162,0.95,0.238,0.7,0.114
203,7,0.1,-0.3,0.2,-0.1,0.9,0.4,1.0,0.276
204,2,0.262,0.7,0.362,-0.15,0.638,0.05,0.738,0.226
205,2,0.424,1.0,0.524,-0.2,0.376,-0.3,0.476,0.176
206,6,0.162,0.65,0.262,-0.25,0.538,0.7,0.638,0.126
207,6,-0.1,0.3,0.0,-0.3,0.7,1.0,0.8,0.076
208,4,-0.362,0.25,0.162,0.7,0.862,0.95,0.538,-0.274
209,4,-0.624,0.2,0.324,1.0,1.0,0.9,0.276,-0.624
210,8,-0.462,0.15,0.062,0.65,0.738,0.85,0.438,0.376
211,8,-0.3,0.1,-0.2,0.3,0.476,0.8,0.6,1.0
212,1,0.7,0.262,-0.25,0.038,0.126,0.538,0.55,1.0
213,1,1.0,0.424,-0.3,-0.224,-0.224,0.276,0.5,1.0
214,3,0.95,0.586,0.7,-0.062,-0.274,0.014,0.15,0.738
215,3,0.9,0.748,1.0,0.1,-0.324,-0.248,-0.2,0.476
216,5,0.55,0.486,0.95,0.262,0.676,-0.086,-0.25,0.214
217,5,0.2,0.224,0.9,0.424,1.0,0.076,-0.3,-0.048
218,7,0.15,-0.038,0.55,0.162,0.95,0.238,0.7,0.114
219,7,0.1,-0.3,0.2,-0.1,0.9,0.4,1.0,0.276
220,2,0.262,0.7,0.362,-0.15,0.638,0.05,0.738,0.226
221,2,0.424,1.0,0.524,-0.2,0.376,-0.3,0.476,0.176
222,6,0.162,0.65,0.262,-0.25,0.538,0.7,0.638,0.126
223,6,-0.1,0.3,0.0,-0.3,0.7,1.0,0.8,0.076
224,4,-0.362,0.25,0.162,0.7,0.862,0.95,0.538,-0.274
225,4,-0.624,0.2,0.324,1.0,1.0,0.9,0.276,-0.624
226,1,0.376,0.362,0.274,0.738,0.65,0.638,0.226,-0.462
227,1,1.0,0.524,0.224,0.476,0.3,0.376,0.176,-0.3
228,8,1.0,0.474,-0.038,0.126,0.038,0.326,0.338,0.7
229,8,1.0,0.424,-0.3,-0.224,-0.224,0.276,0.5,1.0
230,3,0.95,0.586,0.7,-0.062,-0.274,0.014,0.15,0.738
231,3,0.9,0.748,1.0,0.1,-0.324,-0.248,-0.2,0.476
232,5,0.55,0.486,0.95,0.262,0.676,-0.086,-0.25,0.214
233,5,0.2,0.224,0.9,0.424,1.0,0.076,-0.3,-0.048
234,7,0.15,-0.038,0.55,0.162,0.95,0.238,0.7,0.114
235,7,0.1,-0.3,0.2,-0.1,0.9,0.4,1.0,0.276
236,2,0.262,0.7,0.362,-0.15,0.638,0.05,0.738,0.226
237,2,0.424,1.0,0.524,-0.2,0.376,-0.3,0.476,0.176
238,6,0.162,0.65,0.262,-0.25,0.538,0.7,0.638,0.126
239,6,-0.1,0.3,0.0,-0.3,0.7,1.0,0.8,0.076
240,4,-0.362,0.25,0.162,0.7,0.862,0.95,0.538,-0.274
241,4,-0.624,0.2,0.324,1.0,1.0,0.9,0.276,-0.624
242,8,-0.462,0.15,0.062,0.65,0.738,0.85,0.438,0.376
243,8,-0.3,0.1,-0.2,0.3,0.476,0.8,0.6,1.0
244,1,0.7,0.262,-0.25,0.038,0.126,0.538,0.55,1.0
245,1,1.0,0.424,-0.3,-0.224,-0.224,0.276,0.5,1.0
246,3,0.95,0.586,0.7,-0.062,-0.274,0.014,0.15,0.738
247,3,0.9,0.748,1.0,0.1,-0.324,-0.248,-0.2,0.476
248,5,0.55,0.486,0.95,0.262,0.676,-0.086,-0.25,0.214
249,5,0.2,0.224,0.9,0.424,1.0,0.076,-0.3,-0.048
250,7,0.15,-0.038,0.55,0.162,0.95,0.238,0.7,0.114
251,7,0.1,-0.3,0.2,-0.1,0.9,0.4,1.0,0.276
252,2,0.262,0.7,0.362,-0.15,0.638,0.05,0.738,0.226
253,2,0.424,1.0,0.524,-0.2,0.376,-0.3,0.476,0.176
254,6,0.162,0.65,0.262,-0.25,0.538,0.7,0.638,0.126
255,6,-0.1,0.3,0.0,-0.3,0.7,1.0,0.8,0.076
256,4,-0.362,0.25,0.162,0.7,0.862,0.95,0.538,-0.274
257,4,-0.624,0.2,0.324,1.0,1.0,0.9,0.276,-0.624
258,8,-0.462,0.15,0.062,0.65,0.738,0.85,0.438,0.376
259,8,-0.3,0.1,-0.2,0.3,0.476,0.8,0.6,1.0
260,1,0.7,0.262,-0.25,0.038,0.126,0.538,0.55,1.0
261,1,1.0,0.424,-0.3,-0.224,-0.224,0.276,0.5,1.0
262,3,0.95,0.586,0.7,-0.062,-0.274,0.014,0.15,0.738
263,3,0.9,0.748,1.0,0.1,-0.324,-0.248,-0.2,0.476
264,5,0.55,0.486,0.95,0.262,0.676,-0.086,-0.25,0.214
265,5,0.2,0.224,0.9,0.424,1.0,0.076,-0.3,-0.048
266,7,0.15,-0.038,0.55,0.162,0.95,0.238,0.7,0.114
267,7,0.1,-0.3,0.2,-0.1,0.9,0.4,1.0,0.276
268,2,0.262,0.7,0.362,-0.15,0.638,0.05,0.738,0.226
269,2,0.424,1.0,0.524,-0.2,0.376,-0.3,0.476,0.176
270,6,0.162,0.65,0.262,-0.25,0.538,0.7,0.638,0.126
271,6,-0.1,0.3,0.0,-0.3,0.7,1.0,0.8,0.076
272,4,-0.362,0.25,0.162,0.7,0.862,0.95,0.538,-0.274
273,4,-0.624,0.2,0.324,1.0,1.0,0.9,0.276,-0.624
274,8,-0.462,0.15,0.062,0.65,0.738,0.85,0.438,0.376
275,8,-0.3,0.1,-0.2,0.3,0.476,0.8,0.6,1.0
276,1,0.7,0.262,-0.25,0.038,0.126,0.538,0.55,1.0
277,1,1.0,0.424,-0.3,-0.224,-0.224,0.276,0.5,1.0
278,3,0.95,0.586,0.7,-0.062,-0.274,0.014,0.15,0.738
279,3,0.9,0.748,1.0,0.1,-0.324,-0.248,-0.2,0.476
280,5,0.55,0.486,0.95,0.262,0.676,-0.086,-0.25,0.214
281,5,0.2,0.224,0.9,0.424,1.0,0.076,-0.3,-0.048
282,7,0.15,-0.038,0.55,0.162,0.95,0.238,0.7,0.114
283,7,0.1,-0.3,0.2,-0.1,0.9,0.4,1.0,0.276
284,2,0.262,0.7,0.362,-0.15,0.638,0.05,0.738,0.226
285,2,0.424,1.0,0.524,-0.2,0.376,-0.3,0.476,0.176
286,6,0.162,0.65,0.262,-0.25,0.538,0.7,0.638,0.126
287,6,-0.1,0.3,0.0,-0.3,0.7,1.0,0.8,0.076
288,4,-0.362,0.25,0.162,0.7,0.862,0.95,0.538,-0.274
289,4,-0.624,0.2,0.324,1.0,1.0,0.9,0.276,-0.624
290,1,0.376,0.362,0.274,0.738,0.65,0.638,0.226,-0.462
291,1,1.0,0.524,0.224,0.476,0.3,0.376,0.176,-0.3
292,8,1.0,0.474,-0.038,0.126,0.038,0.326,0.338,0.7
293,8,1.0,0.424,-0.3,-0.224,-0.224,0.276,0.5,1.0
294,3,0.95,0.586,0.7,-0.062,-0.274,0.014,0.15,0.738
295,3,0.9,0.748,1.0,0.1,-0.324,-0.248,-0.2,0.476
296,5,0.55,0.486,0.95,0.262,0.676,-0.086,-0.25,0.214
297,5,0.2,0.224,0.9,0.424,1.0,0.076,-0.3,-0.048
298,7,0.15,-0.038,0.55,0.162,0.95,0.238,0.7,0.114
299,7,0.1,-0.3,0.2,-0.1,0.9,0.4,1.0,0.276
300,2,0.262,0.7,0.362,-0.15,0.638,0.05,0.738,0.226
301,2,0.424,1.0,0.524,-0.2,0.376,-0.3,0.476,0.176
302,6,0.162,0.65,0.262,-0.25,0.538,0.7,0.638,0.126
303,6,-0.1,0.3,0.0,-0.3,0.7,1.0,0.8,0.076
304,4,-0.362,0.25,0.162,0.7,0.862,0.95,0.538,-0.274
305,4,-0.624,0.2,0.324,1.0,1.0,0.9,0.276,-0.624
306,1,0.376,0.362,0.274,0.738,0.65,0.638,0.226,-0.462
307,1,1.0,0.524,0.224,0.476,0.3,0.376,0.176,-0.3
308,8,1.0,0.474,-0.038,0.126,0.038,0.326,0.338,0.7
309,8,1.0,0.424,-0.3,-0.224,-0.224,0.276,0.5,1.0
310,3,0.95,0.586,0.7,-0.062,-0.274,0.014,0.15,0.738
311,3,0.9,0.748,1.0,0.1,-0.324,-0.248,-0.2,0.476
312,5,0.55,0.486,0.95,0.262,0.676,-0.086,-0.25,0.214
313,5,0.2,0.224,0.9,0.424,1.0,0.076,-0.3,-0.048
314,7,0.15,-0.038,0.55,0.162,0.95,0.238,0.7,0.114
315,7,0.1,-0.3,0.2,-0.1,0.9,0.4,1.0,0.276
316,2,0.262,0.7,0.362,-0.15,0.638,0.05,0.738,0.226
317,2,0.424,1.0,0.524,-0.2,0.376,-0.3,0.476,0.176
318,6,0.162,0.65,0.262,-0.25,0.538,0.7,0.638,0.126
319,6,-0.1,0.3,0.0,-0.3,0.7,1.0,0.8,0.076
320,4,-0.362,0.25,0.162,0.7,0.862,0.95,0.538,-0.274
321,4,-0.624,0.2,0.324,1.0,1.0,0.9,0.276,-0.624
322,8,-0.462,0.15,0.062,0.65,0.738,0.85,0.438,0.376
323,8,-0.3,0.1,-0.2,0.3,0.476,0.8,0.6,1.0
324,1,0.7,0.262,-0.25,0.038,0.126,0.538,0.55,1.0
325,1,1.0,0.424,-0.3,-0.224,-0.224,0.276,0.5,1.0
326,3,0.95,0.586,0.7,-0.062,-0.274,0.014,0.15,0.738
327,3,0.9,0.748,1.0,0.1,-0.324,-0.248,-0.2,0.476
328,5,0.55,0.486,0.95,0.262,0.676,-0.086,-0.25,0.214
329,5,0.2,0.224,0.9,0.424,1.0,0.076,-0.3,-0.048
330,7,0.15,-0.038,0.55,0.162,0.95,0.238,0.7,0.114
331,7,0.1,-0.3,0.2,-0.1,0.9,0.4,1.0,0.276
332,2,0.262,0.7,0.362,-0.15,0.638,0.05,0.738,0.226
333,2,0.424,1.0,0.524,-0.2,0.376,-0.3,0.476,0.176
334,6,0.162,0.65,0.262,-0.25,0.538,0.7,0.638,0.126
335,6,-0.1,0.3,0.0,-0.3,0.7,1.0,0.8,0.076
336,4,-0.362,0.25,0.162,0.7,0.862,0.95,0.538,-0.274
337,4,-0.624,0.2,0.324,1.0,1.0,0.9,0.276,-0.624
338,1,0.376,0.362,0.274,0.738,0.65,0.638,0.226,-0.462
339,1,1.0,0.524,0.224,0.476,0.3,0.376,0.176,-0.3
340,8,1.0,0.474,-0.038,0.126,0.038,0.326,0.338,0.7
341,8,1.0,0.424,-0.3,-0.224,-0.224,0.276,0.5,1.0
342,3,0.95,0.586,0.7,-0.062,-0.274,0.014,0.15,0.738
343,3,0.9,0.748,1.0,0.1,-0.324,-0.248,-0.2,0.476
344,5,0.55,0.486,0.95,0.262,0.676,-0.086,-0.25,0.214
345,5,0.2,0.224,0.9,0.424,1.0,0.076,-0.3,-0.048
346,7,0.15,-0.038,0.55,0.162,0.95,0.238,0.7,0.114
347,7,0.1,-0.3,0.2,-0.1,0.9,0.4,1.0,0.276
348,2,0.262,0.7,0.362,-0.15,0.638,0.05,0.738,0.226
349,2,0.424,1.0,0.524,-0.2,0.376,-0.3,0.476,0.176
350,6,0.162,0.65,0.262,-0.25,0.538,0.7,0.638,0.126
351,6,-0.1,0.3,0.0,-0.3,0.7,1.0,0.8,0.076
352,4,-0.362,0.25,0.162,0.7,0.862,0.95,0.538,-0.274
353,4,-0.624,0.2,0.324,1.0,1.0,0.9,0.276,-0.624
354,1,0.376,0.362,0.274,0.738,0.65,0.638,0.226,-0.462
355,1,1.0,0.524,0.224,0.476,0.3,0.376,0.176,-0.3
356,8,1.0,0.474,-0.038,0.126,0.038,0.326,0.338,0.7
357,8,1.0,0.424,-0.3,-0.224,-0.224,0.276,0.5,1.0
358,3,0.95,0.586,0.7,-0.062,-0.274,0.014,0.15,0.738
359,3,0.9,0.748,1.0,0.1,-0.324,-0.248,-0.2,0.476
360,5,0.55,0.486,0.95,0.262,0.676,-0.086,-0.25,0.214
361,5,0.2,0.224,0.9,0.424,1.0,0.076,-0.3,-0.048
362,7,0.15,-0.038,0.55,0.162,0.95,0.238,0.7,0.114
363,7,0.1,-0.3,0.2,-0.1,0.9,0.4,1.0,0.276
364,2,0.262,0.7,0.362,-0.15,0.638,0.05,0.738,0.226
365,2,0.424,1.0,0.524,-0.2,0.376,-0.3,0.476,0.176
366,6,0.162,0.65,0.262,-0.25,0.538,0.7,0.638,0.126
367,6,-0.1,0.3,0.0,-0.3,0.7,1.0,0.8,0.076
368,4,-0.362,0.25,0.162,0.7,0.862,0.95,0.538,-0.274
369,4,-0.624,0.2,0.324,1.0,1.0,0.9,0.276,-0.624
370,1,0.376,0.362,0.274,0.738,0.65,0.638,0.226,-0.462
371,1,1.0,0.524,0.224,0.476,0.3,0.376,0.176,-0.3
372,8,1.0,0.474,-0.038,0.126,0.038,0.326,0.338,0.7
373,8,1.0,0.424,-0.3,-0.224,-0.224,0.276,0.5,1.0
374,3,0.95,0.586,0.7,-0.062,-0.274,0.014,0.15,0.738
375,3,0.9,0.748,1.0,0.1,-0.324,-0.248,-0.2,0.476
376,5,0.55,0.486,0.95,0.262,0.676,-0.086,-0.25,0.214
377,5,0.2,0.224,0.9,0.424,1.0,0.076,-0.3,-0.048
378,7,0.15,-0.038,0.55,0.162,0.95,0.238,0.7,0.114
379,7,0.1,-0.3,0.2,-0.1,0.9,0.4,1.0,0.276
380,2,0.262,0.7,0.362,-0.15,0.638,0.05,0.738,0.226
381,2,0.424,1.0,0.524,-0.2,0.376,-0.3,0.476,0.176
382,6,0.162,0.65,0.262,-0.25,0.538,0.7,0.638,0.126
383,6,-0.1,0.3,0.0,-0.3,0.7,1.0,0.8,0.076
384,4,-0.362,0.25,0.162,0.7,0.862,0.95,0.538,-0.274
385,4,-0.624,0.2,0.324,1.0,1.0,0.9,0.276,-0.624
386,1,0.376,0.362,0.274,0.738,0.65,0.638,0.226,-0.462
387,1,1.0,0.524,0.224,0.476,0.3,0.376,0.176,-0.3
388,8,1.0,0.474,-0.038,0.126,0.038,0.326,0.338,0.7
389,8,1.0,0.424,-0.3,-0.224,-0.224,0.276,0.5,1.0
390,3,0.95,0.586,0.7,-0.062,-0.274,0.014,0.15,0.738
391,3,0.9,0.748,1.0,0.1,-0.324,-0.248,-0.2,0.476
392,5,0.55,0.486,0.95,0.262,0.676,-0.086,-0.25,0.214
393,5,0.2,0.224,0.9,0.424,1.0,0.076,-0.3,-0.048
394,7,0.15,-0.038,0.55,0.162,0.95,0.238,0.7,0.114
395,7,0.1,-0.3,0.2,-0.1,0.9,0.4,1.0,0.276
396,2,0.262,0.7,0.362,-0.15,0.638,0.05,0.738,0.226
397,2,0.424,1.0,0.524,-0.2,0.376,-0.3,0.476,0.176
398,6,0.162,0.65,0.262,-0.25,0.538,0.7,0.638,0.126
399,6,-0.1,0.3,0.0,-0.3,0.7,1.0,0.8,0.076
400,4,-0.362,0.25,0.162,0.7,0.862,0.95,0.538,-0.274
401,4,-0.624,0.2,0.324,1.0,1.0,0.9,0.276,-0.624
402,1,0.376,0.362,0.274,0.738,0.65,0.638,0.226,-0.462
403,1,1.0,0.524,0.224,0.476,0.3,0.376,0.176,-0.3
404,8,1.0,0.474,-0.038,0.126,0.038,0.326,0.338,0.7
405,8,1.0,0.424,-0.3,-0.224,-0.224,0.276,0.5,1.0
406,3,0.95,0.586,0.7,-0.062,-0.274,0.014,0.15,0.738
407,3,0.9,0.748,1.0,0.1,-0.324,-0.248,-0.2,0.476
408,5,0.55,0.486,0.95,0.262,0.676,-0.086,-0.25,0.214
409,5,0.2,0.224,0.9,0.424,1.0,0.076,-0.3,-0.048
410,7,0.15,-0.038,0.55,0.162,0.95,0.238,0.7,0.114
411,7,0.1,-0.3,0.2,-0.1,0.9,0.4,1.0,0.276
412,2,0.262,0.7,0.362,-0.15,0.638,0.05,0.738,0.226
413,2,0.424,1.0,0.524,-0.2,0.376,-0.3,0.476,0.176
414,6,0.162,0.65,0.262,-0.25,0.538,0.7,0.638,0.126
415,6,-0.1,0.3,0.0,-0.3,0.7,1.0,0.8,0.076
416,4,-0.362,0.25,0.162,0.7,0.862,0.95,0.538,-0.274
417,4,-0.624,0.2,0.324,1.0,1.0,0.9,0.276,-0.624
418,1,0.376,0.362,0.274,0.738,0.65,0.638,0.226,-0.462
419,1,1.0,0.524,0.224,0.476,0.3,0.376,0.176,-0.3
420,8,1.0,0.474,-0.038,0.126,0.038,0.326,0.338,0.7
421,8,1.0,0.424,-0.3,-0.224,-0.224,0.276,0.5,1.0
422,3,0.95,0.586,0.7,-0.062,-0.274,0.014,0.15,0.738
423,3,0.9,0.748,1.0,0.1,-0.324,-0.248,-0.2,0.476
424,5,0.55,0.486,0.95,0.262,0.676,-0.086,-0.25,0.214
425,5,0.2,0.224,0.9,0.424,1.0,0.076,-0.3,-0.048
426,7,0.15,-0.038,0.55,0.162,0.95,0.238,0.7,0.114
427,7,0.1,-0.3,0.2,-0.1,0.9,0.4,1.0,0.276
428,2,0.262,0.7,0.362,-0.15,0.638,0.05,0.738,0.226
429,2,0.424,1.0,0.524,-0.2,0.376,-0.3,0.476,0.176
430,6,0.162,0.65,0.262,-0.25,0.538,0.7,0.638,0.126
431,6,-0.1,0.3,0.0,-0.3,0.7,1.0,0.8,0.076
432,4,-0.362,0.25,0.162,0.7,0.862,0.95,0.538,-0.274
433,4,-0.624,0.2,0.324,1.0,1.0,0.9,0.276,-0.624
434,8,-0.462,0.15,0.062,0.65,0.738,0.85,0.438,0.376
435,8,-0.3,0.1,-0.2,0.3,0.476,0.8,0.6,1.0
436,1,0.7,0.262,-0.25,0.038,0.126,0.538,0.55,1.0
437,1,1.0,0.424,-0.3,-0.224,-0.224,0.276,0.5,1.0
438,3,0.95,0.586,0.7,-0.062,-0.274,0.014,0.15,0.738
439,3,0.9,0.748,1.0,0.1,-0.324,-0.248,-0.2,0.476
440,5,0.55,0.486,0.95,0.262,0.676,-0.086,-0.25,0.214
441,5,0.2,0.224,0.9,0.424,1.0,0.076,-0.3,-0.048
442,7,0.15,-0.038,0.55,0.162,0.95,0.238,0.7,0.114
443,7,0.1,-0.3,0.2,-0.1,0.9,0.4,1.0,0.276
444,2,0.262,0.7,0.362,-0.15,0.638,0.05,0.738,0.226
445,2,0.424,1.0,0.524,-0.2,0.376,-0.3,0.476,0.176
446,6,0.162,0.65,0.262,-0.25,0.538,0.7,0.638,0.126
447,6,-0.1,0.3,0.0,-0.3,0.7,1.0,0.8,0.076
448,4,-0.362,0.25,0.162,0.7,0.862,0.95,0.538,-0.274
449,4,-0.624,0.2,0.324,1.0,1.0,0.9,0.276,-0.624
450,8,-0.462,0.15,0.062,0.65,0.738,0.85,0.438,0.376
451,8,-0.3,0.1,-0.2,0.3,0.476,0.8,0.6,1.0
452,1,0.7,0.262,-0.25,0.038,0.126,0.538,0.55,1.0
453,1,1.0,0.424,-0.3,-0.224,-0.224,0.276,0.5,1.0
454,3,0.95,0.586,0.7,-0.062,-0.274,0.014,0.15,0.738
455,3,0.9,0.748,1.0,0.1,-0.324,-0.248,-0.2,0.476
456,5,0.55,0.486,0.95,0.262,0.676,-0.086,-0.25,0.214
457,5,0.2,0.224,0.9,0.424,1.0,0.076,-0.3,-0.048
458,7,0.15,-0.038,0.55,0.162,0.95,0.238,0.7,0.114
459,7,0.1,-0.3,0.2,-0.1,0.9,0.4,1.0,0.276
460,2,0.262,0.7,0.362,-0.15,0.638,0.05,0.738,0.226
461,2,0.424,1.0,0.524,-0.2,0.376,-0.3,0.476,0.176
462,6,0.162,0.65,0.262,-0.25,0.538,0.7,0.638,0.126
463,6,-0.1,0.3,0.0,-0.3,0.7,1.0,0.8,0.076
464,4,-0.362,0.25,0.162,0.7,0.862,0.95,0.538,-0.274
465,4,-0.624,0.2,0.324,1.0,1.0,0.9,0.276,-0.624
466,1,0.376,0.362,0.274,0.738,0.65,0.638,0.226,-0.462
467,1,1.0,0.524,0.224,0.476,0.3,0.376,0.176,-0.3
468,8,1.0,0.474,-0.038,0.126,0.038,0.326,0.338,0.7
469,8,1.0,0.424,-0.3,-0.224,-0.224,0.276,0.5,1.0
470,3,0.95,0.586,0.7,-0.062,-0.274,0.014,0.15,0.738
471,3,0.9,0.748,1.0,0.1,-0.324,-0.248,-0.2,0.476
472,5,0.55,0.486,0.95,0.262,0.676,-0.086,-0.25,0.214
473,5,0.2,0.224,0.9,0.424,1.0,0.076,-0.3,-0.048
474,7,0.15,-0.038,0.55,0.162,0.95,0.238,0.7,0.114
475,7,0.1,-0.3,0.2,-0.1,0.9,0.4,1.0,0.276
476,2,0.262,0.7,0.362,-0.15,0.638,0.05,0.738,0.226
477,2,0.424,1.0,0.524,-0.2,0.376,-0.3,0.476,0.176
478,6,0.162,0.65,0.262,-0.25,0.538,0.7,0.638,0.126
479,6,-0.1,0.3,0.0,-0.3,0.7,1.0,0.8,0.076
480,4,-0.362,0.25,0.162,0.7,0.862,0.95,0.538,-0.274
481,4,-0.624,0.2,0.324,1.0,1.0,0.9,0.276,-0.624
482,8,-0.462,0.15,0.062,0.65,0.738,0.85,0.438,0.376
483,8,-0.3,0.1,-0.2,0.3,0.476,0.8,0.6,1.0
484,1,0.7,0.262,-0.25,0.038,0.126,0.538,0.55,1.0
485,1,1.0,0.424,-0.3,-0.224,-0.224,0.276,0.5,1.0
486,3,0.95,0.586,0.7,-0.062,-0.274,0.014,0.15,0.738
487,3,0.9,0.748,1.0,0.1,-0.324,-0.248,-0.2,0.476
488,5,0.55,0.486,0.95,0.262,0.676,-0.086,-0.25,0.214
489,5,0.2,0.224,0.9,0.424,1.0,0.076,-0.3,-0.048
490,7,0.15,-0.038,0.55,0.162,0.95,0.238,0.7,0.114
491,7,0.1,-0.3,0.2,-0.1,0.9,0.4,1.0,0.276
492,2,0.262,0.7,0.362,-0.15,0.638,0.05,0.738,0.226
493,2,0.424,1.0,0.524,-0.2,0.376,-0.3,0.476,0.176
494,6,0.162,0.65,0.262,-0.25,0.538,0.7,0.638,0.126
495,6,-0.1,0.3,0.0,-0.3,0.7,1.0,0.8,0.076
496,4,-0.362,0.25,0.162,0.7,0.862,0.95,0.538,-0.274
497,4,-0.624,0.2,0.324,1.0,1.0,0.9,0.276,-0.624
498,8,-0.462,0.15,0.062,0.65,0.738,0.85,0.438,0.376
499,8,-0.3,0.1,-0.2,0.3,0.476,0.8,0.6,1.0
