step,active_motive,motive_1,motive_2,motive_3,motive_4,motive_5,motive_6,motive_7,motive_8
0,,0.09549,0.07379,0.05544,0.06117,0.04196,0.02477,0.0356,0.07578
1,,0.04549,0.02379,0.00544,0.01117,-0.00804,-0.02523,-0.0144,0.02578
2,6,0.15449,0.07379,0.11444,0.26117,0.38296,0.97477,0.3766,0.27578
3,6,0.26349,0.12379,0.22344,0.51117,0.77396,1.0,0.7676,0.52578
4,,0.21349,0.07379,0.17344,0.46117,0.72396,0.95,0.7176,0.47578
5,,0.16349,0.02379,0.12344,0.41117,0.67396,0.9,0.6676,0.42578
6,,0.11349,-0.02621,0.07344,0.36117,0.62396,0.85,0.6176,0.37578
7,2,0.50449,0.97379,0.46444,0.61117,0.73296,0.9,0.7266,0.62578
8,2,0.89549,1.0,0.85544,0.86117,0.84196,0.95,0.8356,0.87578
9,,0.84549,0.95,0.80544,0.81117,0.79196,0.9,0.7856,0.82578
10,,0.79549,0.9,0.75544,0.76117,0.74196,0.85,0.7356,0.77578
11,,0.74549,0.85,0.70544,0.71117,0.69196,0.8,0.6856,0.72578
12,,0.69549,0.8,0.65544,0.66117,0.64196,0.75,0.6356,0.67578
13,,0.64549,0.75,0.60544,0.61117,0.59196,0.7,0.5856,0.62578
14,,0.59549,0.7,0.55544,0.56117,0.54196,0.65,0.5356,0.57578
15,,0.54549,0.65,0.50544,0.51117,0.49196,0.6,0.4856,0.52578
16,,0.49549,0.6,0.45544,0.46117,0.44196,0.55,0.4356,0.47578
17,,0.44549,0.55,0.40544,0.41117,0.39196,0.5,0.3856,0.42578
18,,0.39549,0.5,0.35544,0.36117,0.34196,0.45,0.3356,0.37578
19,,0.34549,0.45,0.30544,0.31117,0.29196,0.4,0.2856,0.32578
20,,0.29549,0.4,0.25544,0.26117,0.24196,0.35,0.2356,0.27578
21,,0.24549,0.35,0.20544,0.21117,0.19196,0.3,0.1856,0.22578
22,,0.19549,0.3,0.15544,0.16117,0.14196,0.25,0.1356,0.17578
23,,0.14549,0.25,0.10544,0.11117,0.09196,0.2,0.0856,0.12578
24,,0.09549,0.2,0.05544,0.06117,0.04196,0.15,0.0356,0.07578
25,,0.04549,0.15,0.00544,0.01117,-0.00804,0.1,-0.0144,0.02578
26,7,0.29549,0.259,0.05544,0.12017,0.24196,0.491,0.9856,0.41678
27,7,0.54549,0.368,0.10544,0.22917,0.49196,0.882,1.0,0.80778
28,,0.49549,0.318,0.05544,0.17917,0.44196,0.832,0.95,0.75778
29,,0.44549,0.268,0.00544,0.12917,0.39196,0.782,0.9,0.70778
30,,0.39549,0.218,-0.04456,0.07917,0.34196,0.732,0.85,0.65778
31,3,0.64549,0.609,0.95544,0.47017,0.59196,0.841,0.9,0.76678
32,3,0.89549,1.0,1.0,0.86117,0.84196,0.95,0.95,0.87578
33,,0.84549,0.95,0.95,0.81117,0.79196,0.9,0.9,0.82578
34,,0.79549,0.9,0.9,0.76117,0.74196,0.85,0.85,0.77578
35,,0.74549,0.85,0.85,0.71117,0.69196,0.8,0.8,0.72578
36,,0.69549,0.8,0.8,0.66117,0.64196,0.75,0.75,0.67578
37,,0.64549,0.75,0.75,0.61117,0.59196,0.7,0.7,0.62578
38,,0.59549,0.7,0.7,0.56117,0.54196,0.65,0.65,0.57578
39,,0.54549,0.65,0.65,0.51117,0.49196,0.6,0.6,0.52578
40,,0.49549,0.6,0.6,0.46117,0.44196,0.55,0.55,0.47578
41,,0.44549,0.55,0.55,0.41117,0.39196,0.5,0.5,0.42578
42,,0.39549,0.5,0.5,0.36117,0.34196,0.45,0.45,0.37578
43,,0.34549,0.45,0.45,0.31117,0.29196,0.4,0.4,0.32578
44,,0.29549,0.4,0.4,0.26117,0.24196,0.35,0.35,0.27578
45,,0.24549,0.35,0.35,0.21117,0.19196,0.3,0.3,0.22578
46,,0.19549,0.3,0.3,0.16117,0.14196,0.25,0.25,0.17578
47,,0.14549,0.25,0.25,0.11117,0.09196,0.2,0.2,0.12578
48,,0.09549,0.2,0.2,0.06117,0.04196,0.15,0.15,0.07578
49,,0.04549,0.15,0.15,0.01117,-0.00804,0.1,0.1,0.02578
50,5,0.09549,0.259,0.4,0.40217,0.99196,0.491,0.35,0.13478
51,5,0.14549,0.368,0.65,0.79317,1.0,0.882,0.6,0.24378
52,,0.09549,0.318,0.6,0.74317,0.95,0.832,0.55,0.19378
53,,0.04549,0.268,0.55,0.69317,0.9,0.782,0.5,0.14378
54,,-0.00451,0.218,0.5,0.64317,0.85,0.732,0.45,0.09378
55,1,0.99549,0.609,0.75,0.75217,0.9,0.841,0.7,0.48478
56,1,1.0,1.0,1.0,0.86117,0.95,0.95,0.95,0.87578
57,,0.95,0.95,0.95,0.81117,0.9,0.9,0.9,0.82578
58,,0.9,0.9,0.9,0.76117,0.85,0.85,0.85,0.77578
59,,0.85,0.85,0.85,0.71117,0.8,0.8,0.8,0.72578
60,,0.8,0.8,0.8,0.66117,0.75,0.75,0.75,0.67578
61,,0.75,0.75,0.75,0.61117,0.7,0.7,0.7,0.62578
62,,0.7,0.7,0.7,0.56117,0.65,0.65,0.65,0.57578
63,,0.65,0.65,0.65,0.51117,0.6,0.6,0.6,0.52578
64,,0.6,0.6,0.6,0.46117,0.55,0.55,0.55,0.47578
65,,0.55,0.55,0.55,0.41117,0.5,0.5,0.5,0.42578
66,,0.5,0.5,0.5,0.36117,0.45,0.45,0.45,0.37578
67,,0.45,0.45,0.45,0.31117,0.4,0.4,0.4,0.32578
68,,0.4,0.4,0.4,0.26117,0.35,0.35,0.35,0.27578
69,,0.35,0.35,0.35,0.21117,0.3,0.3,0.3,0.22578
70,,0.3,0.3,0.3,0.16117,0.25,0.25,0.25,0.17578
71,,0.25,0.25,0.25,0.11117,0.2,0.2,0.2,0.12578
72,,0.2,0.2,0.2,0.06117,0.15,0.15,0.15,0.07578
73,,0.15,0.15,0.15,0.01117,0.1,0.1,0.1,0.02578
74,,0.1,0.1,0.1,-0.03883,0.05,0.05,0.05,-0.02422
75,4,0.209,0.35,0.491,0.96117,0.441,0.3,0.159,0.02578
76,4,0.318,0.6,0.882,1.0,0.832,0.55,0.268,0.07578
77,,0.268,0.55,0.832,0.95,0.782,0.5,0.218,0.02578
78,,0.218,0.5,0.782,0.9,0.732,0.45,0.168,-0.02422
79,8,0.609,0.75,0.891,0.95,0.841,0.7,0.559,0.97578
80,8,1.0,1.0,1.0,1.0,0.95,0.95,0.95,1.0
81,,0.95,0.95,0.95,0.95,0.9,0.9,0.9,0.95
82,,0.9,0.9,0.9,0.9,0.85,0.85,0.85,0.9
83,,0.85,0.85,0.85,0.85,0.8,0.8,0.8,0.85
84,,0.8,0.8,0.8,0.8,0.75,0.75,0.75,0.8
85,,0.75,0.75,0.75,0.75,0.7,0.7,0.7,0.75
86,,0.7,0.7,0.7,0.7,0.65,0.65,0.65,0.7
87,,0.65,0.65,0.65,0.65,0.6,0.6,0.6,0.65
88,,0.6,0.6,0.6,0.6,0.55,0.55,0.55,0.6
89,,0.55,0.55,0.55,0.55,0.5,0.5,0.5,0.55
90,,0.5,0.5,0.5,0.5,0.45,0.45,0.45,0.5
91,,0.45,0.45,0.45,0.45,0.4,0.4,0.4,0.45
92,,0.4,0.4,0.4,0.4,0.35,0.35,0.35,0.4
93,,0.35,0.35,0.35,0.35,0.3,0.3,0.3,0.35
94,,0.3,0.3,0.3,0.3,0.25,0.25,0.25,0.3
95,,0.25,0.25,0.25,0.25,0.2,0.2,0.2,0.25
96,,0.2,0.2,0.2,0.2,0.15,0.15,0.15,0.2
97,,0.15,0.15,0.15,0.15,0.1,0.1,0.1,0.15
98,,0.1,0.1,0.1,0.1,0.05,0.05,0.05,0.1
99,,0.05,0.05,0.05,0.05,0.0,0.0,0.0,0.05
100,,0.0,0.0,0.0,0.0,-0.05,-0.05,-0.05,0.0
101,5,0.05,0.109,0.25,0.391,0.95,0.341,0.2,0.109
102,5,0.1,0.218,0.5,0.782,1.0,0.732,0.45,0.218
103,,0.05,0.168,0.45,0.732,0.95,0.682,0.4,0.168
104,,0.0,0.118,0.4,0.682,0.9,0.632,0.35,0.118
105,,-0.05,0.068,0.35,0.632,0.85,0.582,0.3,0.068
106,1,0.95,0.459,0.6,0.741,0.9,0.691,0.55,0.459
107,1,1.0,0.85,0.85,0.85,0.95,0.8,0.8,0.85
108,,0.95,0.8,0.8,0.8,0.9,0.75,0.75,0.8
109,,0.9,0.75,0.75,0.75,0.85,0.7,0.7,0.75
110,,0.85,0.7,0.7,0.7,0.8,0.65,0.65,0.7
111,,0.8,0.65,0.65,0.65,0.75,0.6,0.6,0.65
112,,0.75,0.6,0.6,0.6,0.7,0.55,0.55,0.6
113,,0.7,0.55,0.55,0.55,0.65,0.5,0.5,0.55
114,,0.65,0.5,0.5,0.5,0.6,0.45,0.45,0.5
115,,0.6,0.45,0.45,0.45,0.55,0.4,0.4,0.45
116,,0.55,0.4,0.4,0.4,0.5,0.35,0.35,0.4
117,,0.5,0.35,0.35,0.35,0.45,0.3,0.3,0.35
118,,0.45,0.3,0.3,0.3,0.4,0.25,0.25,0.3
119,,0.4,0.25,0.25,0.25,0.35,0.2,0.2,0.25
120,,0.35,0.2,0.2,0.2,0.3,0.15,0.15,0.2
121,,0.3,0.15,0.15,0.15,0.25,0.1,0.1,0.15
122,,0.25,0.1,0.1,0.1,0.2,0.05,0.05,0.1
123,,0.2,0.05,0.05,0.05,0.15,0.0,0.0,0.05
124,,0.15,0.0,0.0,0.0,0.1,-0.05,-0.05,0.0
125,6,0.259,0.05,0.109,0.25,0.491,0.95,0.341,0.25
126,6,0.368,0.1,0.218,0.5,0.882,1.0,0.732,0.5
127,,0.318,0.05,0.168,0.45,0.832,0.95,0.682,0.45
128,,0.268,0.0,0.118,0.4,0.782,0.9,0.632,0.4
129,,0.218,-0.05,0.068,0.35,0.732,0.85,0.582,0.35
130,2,0.609,0.95,0.459,0.6,0.841,0.9,0.691,0.6
131,2,1.0,1.0,0.85,0.85,0.95,0.95,0.8,0.85
132,,0.95,0.95,0.8,0.8,0.9,0.9,0.75,0.8
133,,0.9,0.9,0.75,0.75,0.85,0.85,0.7,0.75
134,,0.85,0.85,0.7,0.7,0.8,0.8,0.65,0.7
135,,0.8,0.8,0.65,0.65,0.75,0.75,0.6,0.65
136,,0.75,0.75,0.6,0.6,0.7,0.7,0.55,0.6
137,,0.7,0.7,0.55,0.55,0.65,0.65,0.5,0.55
138,,0.65,0.65,0.5,0.5,0.6,0.6,0.45,0.5
139,,0.6,0.6,0.45,0.45,0.55,0.55,0.4,0.45
140,,0.55,0.55,0.4,0.4,0.5,0.5,0.35,0.4
141,,0.5,0.5,0.35,0.35,0.45,0.45,0.3,0.35
142,,0.45,0.45,0.3,0.3,0.4,0.4,0.25,0.3
143,,0.4,0.4,0.25,0.25,0.35,0.35,0.2,0.25
144,,0.35,0.35,0.2,0.2,0.3,0.3,0.15,0.2
145,,0.3,0.3,0.15,0.15,0.25,0.25,0.1,0.15
146,,0.25,0.25,0.1,0.1,0.2,0.2,0.05,0.1
147,,0.2,0.2,0.05,0.05,0.15,0.15,0.0,0.05
148,,0.15,0.15,0.0,0.0,0.1,0.1,-0.05,0.0
149,7,0.4,0.259,0.05,0.109,0.35,0.491,0.95,0.391
150,7,0.65,0.368,0.1,0.218,0.6,0.882,1.0,0.782
151,,0.6,0.318,0.05,0.168,0.55,0.832,0.95,0.732
152,,0.55,0.268,0.0,0.118,0.5,0.782,0.9,0.682
153,,0.5,0.218,-0.05,0.068,0.45,0.732,0.85,0.632
154,3,0.75,0.609,0.95,0.459,0.7,0.841,0.9,0.741
155,3,1.0,1.0,1.0,0.85,0.95,0.95,0.95,0.85
156,,0.95,0.95,0.95,0.8,0.9,0.9,0.9,0.8
157,,0.9,0.9,0.9,0.75,0.85,0.85,0.85,0.75
158,,0.85,0.85,0.85,0.7,0.8,0.8,0.8,0.7
159,,0.8,0.8,0.8,0.65,0.75,0.75,0.75,0.65
160,,0.75,0.75,0.75,0.6,0.7,0.7,0.7,0.6
161,,0.7,0.7,0.7,0.55,0.65,0.65,0.65,0.55
162,,0.65,0.65,0.65,0.5,0.6,0.6,0.6,0.5
163,,0.6,0.6,0.6,0.45,0.55,0.55,0.55,0.45
164,,0.55,0.55,0.55,0.4,0.5,0.5,0.5,0.4
165,,0.5,0.5,0.5,0.35,0.45,0.45,0.45,0.35
166,,0.45,0.45,0.45,0.3,0.4,0.4,0.4,0.3
167,,0.4,0.4,0.4,0.25,0.35,0.35,0.35,0.25
168,,0.35,0.35,0.35,0.2,0.3,0.3,0.3,0.2
169,,0.3,0.3,0.3,0.15,0.25,0.25,0.25,0.15
170,,0.25,0.25,0.25,0.1,0.2,0.2,0.2,0.1
171,,0.2,0.2,0.2,0.05,0.15,0.15,0.15,0.05
172,,0.15,0.15,0.15,0.0,0.1,0.1,0.1,0.0
173,,0.1,0.1,0.1,-0.05,0.05,0.05,0.05,-0.05
174,8,0.491,0.35,0.209,0.0,0.159,0.3,0.441,0.95
175,8,0.882,0.6,0.318,0.05,0.268,0.55,0.832,1.0
176,,0.832,0.55,0.268,0.0,0.218,0.5,0.782,0.95
177,,0.782,0.5,0.218,-0.05,0.168,0.45,0.732,0.9
178,4,0.891,0.75,0.609,0.95,0.559,0.7,0.841,0.95
179,4,1.0,1.0,1.0,1.0,0.95,0.95,0.95,1.0
180,,0.95,0.95,0.95,0.95,0.9,0.9,0.9,0.95
181,,0.9,0.9,0.9,0.9,0.85,0.85,0.85,0.9
182,,0.85,0.85,0.85,0.85,0.8,0.8,0.8,0.85
183,,0.8,0.8,0.8,0.8,0.75,0.75,0.75,0.8
184,,0.75,0.75,0.75,0.75,0.7,0.7,0.7,0.75
185,,0.7,0.7,0.7,0.7,0.65,0.65,0.65,0.7
186,,0.65,0.65,0.65,0.65,0.6,0.6,0.6,0.65
187,,0.6,0.6,0.6,0.6,0.55,0.55,0.55,0.6
188,,0.55,0.55,0.55,0.55,0.5,0.5,0.5,0.55
189,,0.5,0.5,0.5,0.5,0.45,0.45,0.45,0.5
190,,0.45,0.45,0.45,0.45,0.4,0.4,0.4,0.45
191,,0.4,0.4,0.4,0.4,0.35,0.35,0.35,0.4
192,,0.35,0.35,0.35,0.35,0.3,0.3,0.3,0.35
193,,0.3,0.3,0.3,0.3,0.25,0.25,0.25,0.3
194,,0.25,0.25,0.25,0.25,0.2,0.2,0.2,0.25
195,,0.2,0.2,0.2,0.2,0.15,0.15,0.15,0.2
196,,0.15,0.15,0.15,0.15,0.1,0.1,0.1,0.15
197,,0.1,0.1,0.1,0.1,0.05,0.05,0.05,0.1
198,,0.05,0.05,0.05,0.05,0.0,0.0,0.0,0.05
199,,0.0,0.0,0.0,0.0,-0.05,-0.05,-0.05,0.0
200,5,0.05,0.109,0.25,0.391,0.95,0.341,0.2,0.109
201,5,0.1,0.218,0.5,0.782,1.0,0.732,0.45,0.218
202,,0.05,0.168,0.45,0.732,0.95,0.682,0.4,0.168
203,,0.0,0.118,0.4,0.682,0.9,0.632,0.35,0.118
204,,-0.05,0.068,0.35,0.632,0.85,0.582,0.3,0.068
205,1,0.95,0.459,0.6,0.741,0.9,0.691,0.55,0.459
206,1,1.0,0.85,0.85,0.85,0.95,0.8,0.8,0.85
207,,0.95,0.8,0.8,0.8,0.9,0.75,0.75,0.8
208,,0.9,0.75,0.75,0.75,0.85,0.7,0.7,0.75
209,,0.85,0.7,0.7,0.7,0.8,0.65,0.65,0.7
210,,0.8,0.65,0.65,0.65,0.75,0.6,0.6,0.65
211,,0.75,0.6,0.6,0.6,0.7,0.55,0.55,0.6
212,,0.7,0.55,0.55,0.55,0.65,0.5,0.5,0.55
213,,0.65,0.5,0.5,0.5,0.6,0.45,0.45,0.5
214,,0.6,0.45,0.45,0.45,0.55,0.4,0.4,0.45
215,,0.55,0.4,0.4,0.4,0.5,0.35,0.35,0.4
216,,0.5,0.35,0.35,0.35,0.45,0.3,0.3,0.35
217,,0.45,0.3,0.3,0.3,0.4,0.25,0.25,0.3
218,,0.4,0.25,0.25,0.25,0.35,0.2,0.2,0.25
219,,0.35,0.2,0.2,0.2,0.3,0.15,0.15,0.2
220,,0.3,0.15,0.15,0.15,0.25,0.1,0.1,0.15
221,,0.25,0.1,0.1,0.1,0.2,0.05,0.05,0.1
222,,0.2,0.05,0.05,0.05,0.15,0.0,0.0,0.05
223,,0.15,0.0,0.0,0.0,0.1,-0.05,-0.05,0.0
224,6,0.259,0.05,0.109,0.25,0.491,0.95,0.341,0.25
225,6,0.368,0.1,0.218,0.5,0.882,1.0,0.732,0.5
226,,0.318,0.05,0.168,0.45,0.832,0.95,0.682,0.45
227,,0.268,0.0,0.118,0.4,0.782,0.9,0.632,0.4
228,,0.218,-0.05,0.068,0.35,0.732,0.85,0.582,0.35
229,2,0.609,0.95,0.459,0.6,0.841,0.9,0.691,0.6
230,2,1.0,1.0,0.85,0.85,0.95,0.95,0.8,0.85
231,,0.95,0.95,0.8,0.8,0.9,0.9,0.75,0.8
232,,0.9,0.9,0.75,0.75,0.85,0.85,0.7,0.75
233,,0.85,0.85,0.7,0.7,0.8,0.8,0.65,0.7
234,,0.8,0.8,0.65,0.65,0.75,0.75,0.6,0.65
235,,0.75,0.75,0.6,0.6,0.7,0.7,0.55,0.6
236,,0.7,0.7,0.55,0.55,0.65,0.65,0.5,0.55
237,,0.65,0.65,0.5,0.5,0.6,0.6,0.45,0.5
238,,0.6,0.6,0.45,0.45,0.55,0.55,0.4,0.45
239,,0.55,0.55,0.4,0.4,0.5,0.5,0.35,0.4
240,,0.5,0.5,0.35,0.35,0.45,0.45,0.3,0.35
241,,0.45,0.45,0.3,0.3,0.4,0.4,0.25,0.3
242,,0.4,0.4,0.25,0.25,0.35,0.35,0.2,0.25
243,,0.35,0.35,0.2,0.2,0.3,0.3,0.15,0.2
244,,0.3,0.3,0.15,0.15,0.25,0.25,0.1,0.15
245,,0.25,0.25,0.1,0.1,0.2,0.2,0.05,0.1
246,,0.2,0.2,0.05,0.05,0.15,0.15,0.0,0.05
247,,0.15,0.15,0.0,0.0,0.1,0.1,-0.05,0.0
248,7,0.4,0.259,0.05,0.109,0.35,0.491,0.95,0.391
249,7,0.65,0.368,0.1,0.218,0.6,0.882,1.0,0.782
250,,0.6,0.318,0.05,0.168,0.55,0.832,0.95,0.732
251,,0.55,0.268,0.0,0.118,0.5,0.782,0.9,0.682
252,,0.5,0.218,-0.05,0.068,0.45,0.732,0.85,0.632
253,3,0.75,0.609,0.95,0.459,0.7,0.841,0.9,0.741
254,3,1.0,1.0,1.0,0.85,0.95,0.95,0.95,0.85
255,,0.95,0.95,0.95,0.8,0.9,0.9,0.9,0.8
256,,0.9,0.9,0.9,0.75,0.85,0.85,0.85,0.75
257,,0.85,0.85,0.85,0.7,0.8,0.8,0.8,0.7
258,,0.8,0.8,0.8,0.65,0.75,0.75,0.75,0.65
259,,0.75,0.75,0.75,0.6,0.7,0.7,0.7,0.6
260,,0.7,0.7,0.7,0.55,0.65,0.65,0.65,0.55
261,,0.65,0.65,0.65,0.5,0.6,0.6,0.6,0.5
262,,0.6,0.6,0.6,0.45,0.55,0.55,0.55,0.45
263,,0.55,0.55,0.55,0.4,0.5,0.5,0.5,0.4
264,,0.5,0.5,0.5,0.35,0.45,0.45,0.45,0.35
265,,0.45,0.45,0.45,0.3,0.4,0.4,0.4,0.3
266,,0.4,0.4,0.4,0.25,0.35,0.35,0.35,0.25
267,,0.35,0.35,0.35,0.2,0.3,0.3,0.3,0.2
268,,0.3,0.3,0.3,0.15,0.25,0.25,0.25,0.15
269,,0.25,0.25,0.25,0.1,0.2,0.2,0.2,0.1
270,,0.2,0.2,0.2,0.05,0.15,0.15,0.15,0.05
271,,0.15,0.15,0.15,0.0,0.1,0.1,0.1,0.0
272,,0.1,0.1,0.1,-0.05,0.05,0.05,0.05,-0.05
273,4,0.209,0.35,0.491,0.95,0.441,0.3,0.159,0.0
274,4,0.318,0.6,0.882,1.0,0.832,0.55,0.268,0.05
275,,0.268,0.55,0.832,0.95,0.782,0.5,0.218,0.0
276,,0.218,0.5,0.782,0.9,0.732,0.45,0.168,-0.05
277,8,0.609,0.75,0.891,0.95,0.841,0.7,0.559,0.95
278,8,1.0,1.0,1.0,1.0,0.95,0.95,0.95,1.0
279,,0.95,0.95,0.95,0.95,0.9,0.9,0.9,0.95
280,,0.9,0.9,0.9,0.9,0.85,0.85,0.85,0.9
281,,0.85,0.85,0.85,0.85,0.8,0.8,0.8,0.85
282,,0.8,0.8,0.8,0.8,0.75,0.75,0.75,0.8
283,,0.75,0.75,0.75,0.75,0.7,0.7,0.7,0.75
284,,0.7,0.7,0.7,0.7,0.65,0.65,0.65,0.7
285,,0.65,0.65,0.65,0.65,0.6,0.6,0.6,0.65
286,,0.6,0.6,0.6,0.6,0.55,0.55,0.55,0.6
287,,0.55,0.55,0.55,0.55,0.5,0.5,0.5,0.55
288,,0.5,0.5,0.5,0.5,0.45,0.45,0.45,0.5
289,,0.45,0.45,0.45,0.45,0.4,0.4,0.4,0.45
290,,0.4,0.4,0.4,0.4,0.35,0.35,0.35,0.4
291,,0.35,0.35,0.35,0.35,0.3,0.3,0.3,0.35
292,,0.3,0.3,0.3,0.3,0.25,0.25,0.25,0.3
293,,0.25,0.25,0.25,0.25,0.2,0.2,0.2,0.25
294,,0.2,0.2,0.2,0.2,0.15,0.15,0.15,0.2
295,,0.15,0.15,0.15,0.15,0.1,0.1,0.1,0.15
296,,0.1,0.1,0.1,0.1,0.05,0.05,0.05,0.1
297,,0.05,0.05,0.05,0.05,0.0,0.0,0.0,0.05
298,,0.0,0.0,0.0,0.0,-0.05,-0.05,-0.05,0.0
299,6,0.109,0.05,0.109,0.25,0.341,0.95,0.341,0.25
300,6,0.218,0.1,0.218,0.5,0.732,1.0,0.732,0.5
301,,0.168,0.05,0.168,0.45,0.682,0.95,0.682,0.45
302,,0.118,0.0,0.118,0.4,0.632,0.9,0.632,0.4
303,,0.068,-0.05,0.068,0.35,0.582,0.85,0.582,0.35
304,2,0.459,0.95,0.459,0.6,0.691,0.9,0.691,0.6
305,2,0.85,1.0,0.85,0.85,0.8,0.95,0.8,0.85
306,,0.8,0.95,0.8,0.8,0.75,0.9,0.75,0.8
307,,0.75,0.9,0.75,0.75,0.7,0.85,0.7,0.75
308,,0.7,0.85,0.7,0.7,0.65,0.8,0.65,0.7
309,,0.65,0.8,0.65,0.65,0.6,0.75,0.6,0.65
310,,0.6,0.75,0.6,0.6,0.55,0.7,0.55,0.6
311,,0.55,0.7,0.55,0.55,0.5,0.65,0.5,0.55
312,,0.5,0.65,0.5,0.5,0.45,0.6,0.45,0.5
313,,0.45,0.6,0.45,0.45,0.4,0.55,0.4,0.45
314,,0.4,0.55,0.4,0.4,0.35,0.5,0.35,0.4
315,,0.35,0.5,0.35,0.35,0.3,0.45,0.3,0.35
316,,0.3,0.45,0.3,0.3,0.25,0.4,0.25,0.3
317,,0.25,0.4,0.25,0.25,0.2,0.35,0.2,0.25
318,,0.2,0.35,0.2,0.2,0.15,0.3,0.15,0.2
319,,0.15,0.3,0.15,0.15,0.1,0.25,0.1,0.15
320,,0.1,0.25,0.1,0.1,0.05,0.2,0.05,0.1
321,,0.05,0.2,0.05,0.05,0.0,0.15,0.0,0.05
322,,0.0,0.15,0.0,0.0,-0.05,0.1,-0.05,0.0
323,7,0.25,0.259,0.05,0.109,0.2,0.491,0.95,0.391
324,7,0.5,0.368,0.1,0.218,0.45,0.882,1.0,0.782
325,,0.45,0.318,0.05,0.168,0.4,0.832,0.95,0.732
326,,0.4,0.268,0.0,0.118,0.35,0.782,0.9,0.682
327,,0.35,0.218,-0.05,0.068,0.3,0.732,0.85,0.632
328,3,0.6,0.609,0.95,0.459,0.55,0.841,0.9,0.741
329,3,0.85,1.0,1.0,0.85,0.8,0.95,0.95,0.85
330,,0.8,0.95,0.95,0.8,0.75,0.9,0.9,0.8
331,,0.75,0.9,0.9,0.75,0.7,0.85,0.85,0.75
332,,0.7,0.85,0.85,0.7,0.65,0.8,0.8,0.7
333,,0.65,0.8,0.8,0.65,0.6,0.75,0.75,0.65
334,,0.6,0.75,0.75,0.6,0.55,0.7,0.7,0.6
335,,0.55,0.7,0.7,0.55,0.5,0.65,0.65,0.55
336,,0.5,0.65,0.65,0.5,0.45,0.6,0.6,0.5
337,,0.45,0.6,0.6,0.45,0.4,0.55,0.55,0.45
338,,0.4,0.55,0.55,0.4,0.35,0.5,0.5,0.4
339,,0.35,0.5,0.5,0.35,0.3,0.45,0.45,0.35
340,,0.3,0.45,0.45,0.3,0.25,0.4,0.4,0.3
341,,0.25,0.4,0.4,0.25,0.2,0.35,0.35,0.25
342,,0.2,0.35,0.35,0.2,0.15,0.3,0.3,0.2
343,,0.15,0.3,0.3,0.15,0.1,0.25,0.25,0.15
344,,0.1,0.25,0.25,0.1,0.05,0.2,0.2,0.1
345,,0.05,0.2,0.2,0.05,0.0,0.15,0.15,0.05
346,,0.0,0.15,0.15,0.0,-0.05,0.1,0.1,0.0
347,5,0.05,0.259,0.4,0.391,0.95,0.491,0.35,0.109
348,5,0.1,0.368,0.65,0.782,1.0,0.882,0.6,0.218
349,,0.05,0.318,0.6,0.732,0.95,0.832,0.55,0.168
350,,0.0,0.268,0.55,0.682,0.9,0.782,0.5,0.118
351,,-0.05,0.218,0.5,0.632,0.85,0.732,0.45,0.068
352,1,0.95,0.609,0.75,0.741,0.9,0.841,0.7,0.459
353,1,1.0,1.0,1.0,0.85,0.95,0.95,0.95,0.85
354,,0.95,0.95,0.95,0.8,0.9,0.9,0.9,0.8
355,,0.9,0.9,0.9,0.75,0.85,0.85,0.85,0.75
356,,0.85,0.85,0.85,0.7,0.8,0.8,0.8,0.7
357,,0.8,0.8,0.8,0.65,0.75,0.75,0.75,0.65
358,,0.75,0.75,0.75,0.6,0.7,0.7,0.7,0.6
359,,0.7,0.7,0.7,0.55,0.65,0.65,0.65,0.55
360,,0.65,0.65,0.65,0.5,0.6,0.6,0.6,0.5
361,,0.6,0.6,0.6,0.45,0.55,0.55,0.55,0.45
362,,0.55,0.55,0.55,0.4,0.5,0.5,0.5,0.4
363,,0.5,0.5,0.5,0.35,0.45,0.45,0.45,0.35
364,,0.45,0.45,0.45,0.3,0.4,0.4,0.4,0.3
365,,0.4,0.4,0.4,0.25,0.35,0.35,0.35,0.25
366,,0.35,0.35,0.35,0.2,0.3,0.3,0.3,0.2
367,,0.3,0.3,0.3,0.15,0.25,0.25,0.25,0.15
368,,0.25,0.25,0.25,0.1,0.2,0.2,0.2,0.1
369,,0.2,0.2,0.2,0.05,0.15,0.15,0.15,0.05
370,,0.15,0.15,0.15,0.0,0.1,0.1,0.1,0.0
371,,0.1,0.1,0.1,-0.05,0.05,0.05,0.05,-0.05
372,8,0.491,0.35,0.209,0.0,0.159,0.3,0.441,0.95
373,8,0.882,0.6,0.318,0.05,0.268,0.55,0.832,1.0
374,,0.832,0.55,0.268,0.0,0.218,0.5,0.782,0.95
375,,0.782,0.5,0.218,-0.05,0.168,0.45,0.732,0.9
376,4,0.891,0.75,0.609,0.95,0.559,0.7,0.841,0.95
377,4,1.0,1.0,1.0,1.0,0.95,0.95,0.95,1.0
378,,0.95,0.95,0.95,0.95,0.9,0.9,0.9,0.95
379,,0.9,0.9,0.9,0.9,0.85,0.85,0.85,0.9
380,,0.85,0.85,0.85,0.85,0.8,0.8,0.8,0.85
381,,0.8,0.8,0.8,0.8,0.75,0.75,0.75,0.8
382,,0.75,0.75,0.75,0.75,0.7,0.7,0.7,0.75
383,,0.7,0.7,0.7,0.7,0.65,0.65,0.65,0.7
384,,0.65,0.65,0.65,0.65,0.6,0.6,0.6,0.65
385,,0.6,0.6,0.6,0.6,0.55,0.55,0.55,0.6
386,,0.55,0.55,0.55,0.55,0.5,0.5,0.5,0.55
387,,0.5,0.5,0.5,0.5,0.45,0.45,0.45,0.5
388,,0.45,0.45,0.45,0.45,0.4,0.4,0.4,0.45
389,,0.4,0.4,0.4,0.4,0.35,0.35,0.35,0.4
390,,0.35,0.35,0.35,0.35,0.3,0.3,0.3,0.35
391,,0.3,0.3,0.3,0.3,0.25,0.25,0.25,0.3
392,,0.25,0.25,0.25,0.25,0.2,0.2,0.2,0.25
393,,0.2,0.2,0.2,0.2,0.15,0.15,0.15,0.2
394,,0.15,0.15,0.15,0.15,0.1,0.1,0.1,0.15
395,,0.1,0.1,0.1,0.1,0.05,0.05,0.05,0.1
396,,0.05,0.05,0.05,0.05,0.0,0.0,0.0,0.05
397,,0.0,0.0,0.0,0.0,-0.05,-0.05,-0.05,0.0
398,5,0.05,0.109,0.25,0.391,0.95,0.341,0.2,0.109
399,5,0.1,0.218,0.5,0.782,1.0,0.732,0.45,0.218
400,,0.05,0.168,0.45,0.732,0.95,0.682,0.4,0.168
401,,0.0,0.118,0.4,0.682,0.9,0.632,0.35,0.118
402,,-0.05,0.068,0.35,0.632,0.85,0.582,0.3,0.068
403,1,0.95,0.459,0.6,0.741,0.9,0.691,0.55,0.459
404,1,1.0,0.85,0.85,0.85,0.95,0.8,0.8,0.85
405,,0.95,0.8,0.8,0.8,0.9,0.75,0.75,0.8
406,,0.9,0.75,0.75,0.75,0.85,0.7,0.7,0.75
407,,0.85,0.7,0.7,0.7,0.8,0.65,0.65,0.7
408,,0.8,0.65,0.65,0.65,0.75,0.6,0.6,0.65
409,,0.75,0.6,0.6,0.6,0.7,0.55,0.55,0.6
410,,0.7,0.55,0.55,0.55,0.65,0.5,0.5,0.55
411,,0.65,0.5,0.5,0.5,0.6,0.45,0.45,0.5
412,,0.6,0.45,0.45,0.45,0.55,0.4,0.4,0.45
413,,0.55,0.4,0.4,0.4,0.5,0.35,0.35,0.4
414,,0.5,0.35,0.35,0.35,0.45,0.3,0.3,0.35
415,,0.45,0.3,0.3,0.3,0.4,0.25,0.25,0.3
416,,0.4,0.25,0.25,0.25,0.35,0.2,0.2,0.25
417,,0.35,0.2,0.2,0.2,0.3,0.15,0.15,0.2
418,,0.3,0.15,0.15,0.15,0.25,0.1,0.1,0.15
419,,0.25,0.1,0.1,0.1,0.2,0.05,0.05,0.1
420,,0.2,0.05,0.05,0.05,0.15,0.0,0.0,0.05
421,,0.15,0.0,0.0,0.0,0.1,-0.05,-0.05,0.0
422,7,0.4,0.109,0.05,0.109,0.35,0.341,0.95,0.391
423,7,0.65,0.218,0.1,0.218,0.6,0.732,1.0,0.782
424,,0.6,0.168,0.05,0.168,0.55,0.682,0.95,0.732
425,,0.55,0.118,0.0,0.118,0.5,0.632,0.9,0.682
426,,0.5,0.068,-0.05,0.068,0.45,0.582,0.85,0.632
427,3,0.75,0.459,0.95,0.459,0.7,0.691,0.9,0.741
428,3,1.0,0.85,1.0,0.85,0.95,0.8,0.95,0.85
429,,0.95,0.8,0.95,0.8,0.9,0.75,0.9,0.8
430,,0.9,0.75,0.9,0.75,0.85,0.7,0.85,0.75
431,,0.85,0.7,0.85,0.7,0.8,0.65,0.8,0.7
432,,0.8,0.65,0.8,0.65,0.75,0.6,0.75,0.65
433,,0.75,0.6,0.75,0.6,0.7,0.55,0.7,0.6
434,,0.7,0.55,0.7,0.55,0.65,0.5,0.65,0.55
435,,0.65,0.5,0.65,0.5,0.6,0.45,0.6,0.5
436,,0.6,0.45,0.6,0.45,0.55,0.4,0.55,0.45
437,,0.55,0.4,0.55,0.4,0.5,0.35,0.5,0.4
438,,0.5,0.35,0.5,0.35,0.45,0.3,0.45,0.35
439,,0.45,0.3,0.45,0.3,0.4,0.25,0.4,0.3
440,,0.4,0.25,0.4,0.25,0.35,0.2,0.35,0.25
441,,0.35,0.2,0.35,0.2,0.3,0.15,0.3,0.2
442,,0.3,0.15,0.3,0.15,0.25,0.1,0.25,0.15
443,,0.25,0.1,0.25,0.1,0.2,0.05,0.2,0.1
444,,0.2,0.05,0.2,0.05,0.15,0.0,0.15,0.05
445,,0.15,0.0,0.15,0.0,0.1,-0.05,0.1,0.0
446,6,0.259,0.05,0.259,0.25,0.491,0.95,0.491,0.25
447,6,0.368,0.1,0.368,0.5,0.882,1.0,0.882,0.5
448,,0.318,0.05,0.318,0.45,0.832,0.95,0.832,0.45
449,,0.268,0.0,0.268,0.4,0.782,0.9,0.782,0.4
450,,0.218,-0.05,0.218,0.35,0.732,0.85,0.732,0.35
451,2,0.609,0.95,0.609,0.6,0.841,0.9,0.841,0.6
452,2,1.0,1.0,1.0,0.85,0.95,0.95,0.95,0.85
453,,0.95,0.95,0.95,0.8,0.9,0.9,0.9,0.8
454,,0.9,0.9,0.9,0.75,0.85,0.85,0.85,0.75
455,,0.85,0.85,0.85,0.7,0.8,0.8,0.8,0.7
456,,0.8,0.8,0.8,0.65,0.75,0.75,0.75,0.65
457,,0.75,0.75,0.75,0.6,0.7,0.7,0.7,0.6
458,,0.7,0.7,0.7,0.55,0.65,0.65,0.65,0.55
459,,0.65,0.65,0.65,0.5,0.6,0.6,0.6,0.5
460,,0.6,0.6,0.6,0.45,0.55,0.55,0.55,0.45
461,,0.55,0.55,0.55,0.4,0.5,0.5,0.5,0.4
462,,0.5,0.5,0.5,0.35,0.45,0.45,0.45,0.35
463,,0.45,0.45,0.45,0.3,0.4,0.4,0.4,0.3
464,,0.4,0.4,0.4,0.25,0.35,0.35,0.35,0.25
465,,0.35,0.35,0.35,0.2,0.3,0.3,0.3,0.2
466,,0.3,0.3,0.3,0.15,0.25,0.25,0.25,0.15
467,,0.25,0.25,0.25,0.1,0.2,0.2,0.2,0.1
468,,0.2,0.2,0.2,0.05,0.15,0.15,0.15,0.05
469,,0.15,0.15,0.15,0.0,0.1,0.1,0.1,0.0
470,,0.1,0.1,0.1,-0.05,0.05,0.05,0.05,-0.05
471,8,0.491,0.35,0.209,0.0,0.159,0.3,0.441,0.95
472,8,0.882,0.6,0.318,0.05,0.268,0.55,0.832,1.0
473,,0.832,0.55,0.268,0.0,0.218,0.5,0.782,0.95
474,,0.782,0.5,0.218,-0.05,0.168,0.45,0.732,0.9
475,4,0.891,0.75,0.609,0.95,0.559,0.7,0.841,0.95
476,4,1.0,1.0,1.0,1.0,0.95,0.95,0.95,1.0
477,,0.95,0.95,0.95,0.95,0.9,0.9,0.9,0.95
478,,0.9,0.9,0.9,0.9,0.85,0.85,0.85,0.9
479,,0.85,0.85,0.85,0.85,0.8,0.8,0.8,0.85
480,,0.8,0.8,0.8,0.8,0.75,0.75,0.75,0.8
481,,0.75,0.75,0.75,0.75,0.7,0.7,0.7,0.75
482,,0.7,0.7,0.7,0.7,0.65,0.65,0.65,0.7
483,,0.65,0.65,0.65,0.65,0.6,0.6,0.6,0.65
484,,0.6,0.6,0.6,0.6,0.55,0.55,0.55,0.6
485,,0.55,0.55,0.55,0.55,0.5,0.5,0.5,0.55
486,,0.5,0.5,0.5,0.5,0.45,0.45,0.45,0.5
487,,0.45,0.45,0.45,0.45,0.4,0.4,0.4,0.45
488,,0.4,0.4,0.4,0.4,0.35,0.35,0.35,0.4
489,,0.35,0.35,0.35,0.35,0.3,0.3,0.3,0.35
490,,0.3,0.3,0.3,0.3,0.25,0.25,0.25,0.3
491,,0.25,0.25,0.25,0.25,0.2,0.2,0.2,0.25
492,,0.2,0.2,0.2,0.2,0.15,0.15,0.15,0.2
493,,0.15,0.15,0.15,0.15,0.1,0.1,0.1,0.15
494,,0.1,0.1,0.1,0.1,0.05,0.05,0.05,0.1
495,,0.05,0.05,0.05,0.05,0.0,0.0,0.0,0.05
496,,0.0,0.0,0.0,0.0,-0.05,-0.05,-0.05,0.0
497,6,0.109,0.05,0.109,0.25,0.341,0.95,0.341,0.25
498,6,0.218,0.1,0.218,0.5,0.732,1.0,0.732,0.5
499,,0.168,0.05,0.168,0.45,0.682,0.95,0.682,0.45
500,,0.118,0.0,0.118,0.4,0.632,0.9,0.632,0.4
501,,0.068,-0.05,0.068,0.35,0.582,0.85,0.582,0.35
502,2,0.459,0.95,0.459,0.6,0.691,0.9,0.691,0.6
503,2,0.85,1.0,0.85,0.85,0.8,0.95,0.8,0.85
504,,0.8,0.95,0.8,0.8,0.75,0.9,0.75,0.8
505,,0.75,0.9,0.75,0.75,0.7,0.85,0.7,0.75
506,,0.7,0.85,0.7,0.7,0.65,0.8,0.65,0.7
507,,0.65,0.8,0.65,0.65,0.6,0.75,0.6,0.65
508,,0.6,0.75,0.6,0.6,0.55,0.7,0.55,0.6
509,,0.55,0.7,0.55,0.55,0.5,0.65,0.5,0.55
510,,0.5,0.65,0.5,0.5,0.45,0.6,0.45,0.5
511,,0.45,0.6,0.45,0.45,0.4,0.55,0.4,0.45
512,,0.4,0.55,0.4,0.4,0.35,0.5,0.35,0.4
513,,0.35,0.5,0.35,0.35,0.3,0.45,0.3,0.35
514,,0.3,0.45,0.3,0.3,0.25,0.4,0.25,0.3
515,,0.25,0.4,0.25,0.25,0.2,0.35,0.2,0.25
516,,0.2,0.35,0.2,0.2,0.15,0.3,0.15,0.2
517,,0.15,0.3,0.15,0.15,0.1,0.25,0.1,0.15
518,,0.1,0.25,0.1,0.1,0.05,0.2,0.05,0.1
519,,0.05,0.2,0.05,0.05,0.0,0.15,0.0,0.05
520,,0.0,0.15,0.0,0.0,-0.05,0.1,-0.05,0.0
521,7,0.25,0.259,0.05,0.109,0.2,0.491,0.95,0.391
522,7,0.5,0.368,0.1,0.218,0.45,0.882,1.0,0.782
523,,0.45,0.318,0.05,0.168,0.4,0.832,0.95,0.732
524,,0.4,0.268,0.0,0.118,0.35,0.782,0.9,0.682
525,,0.35,0.218,-0.05,0.068,0.3,0.732,0.85,0.632
526,3,0.6,0.609,0.95,0.459,0.55,0.841,0.9,0.741
527,3,0.85,1.0,1.0,0.85,0.8,0.95,0.95,0.85
528,,0.8,0.95,0.95,0.8,0.75,0.9,0.9,0.8
529,,0.75,0.9,0.9,0.75,0.7,0.85,0.85,0.75
530,,0.7,0.85,0.85,0.7,0.65,0.8,0.8,0.7
531,,0.65,0.8,0.8,0.65,0.6,0.75,0.75,0.65
532,,0.6,0.75,0.75,0.6,0.55,0.7,0.7,0.6
533,,0.55,0.7,0.7,0.55,0.5,0.65,0.65,0.55
534,,0.5,0.65,0.65,0.5,0.45,0.6,0.6,0.5
535,,0.45,0.6,0.6,0.45,0.4,0.55,0.55,0.45
536,,0.4,0.55,0.55,0.4,0.35,0.5,0.5,0.4
537,,0.35,0.5,0.5,0.35,0.3,0.45,0.45,0.35
538,,0.3,0.45,0.45,0.3,0.25,0.4,0.4,0.3
539,,0.25,0.4,0.4,0.25,0.2,0.35,0.35,0.25
540,,0.2,0.35,0.35,0.2,0.15,0.3,0.3,0.2
541,,0.15,0.3,0.3,0.15,0.1,0.25,0.25,0.15
542,,0.1,0.25,0.25,0.1,0.05,0.2,0.2,0.1
543,,0.05,0.2,0.2,0.05,0.0,0.15,0.15,0.05
544,,0.0,0.15,0.15,0.0,-0.05,0.1,0.1,0.0
545,5,0.05,0.259,0.4,0.391,0.95,0.491,0.35,0.109
546,5,0.1,0.368,0.65,0.782,1.0,0.882,0.6,0.218
547,,0.05,0.318,0.6,0.732,0.95,0.832,0.55,0.168
548,,0.0,0.268,0.55,0.682,0.9,0.782,0.5,0.118
549,,-0.05,0.218,0.5,0.632,0.85,0.732,0.45,0.068
550,1,0.95,0.609,0.75,0.741,0.9,0.841,0.7,0.459
551,1,1.0,1.0,1.0,0.85,0.95,0.95,0.95,0.85
552,,0.95,0.95,0.95,0.8,0.9,0.9,0.9,0.8
553,,0.9,0.9,0.9,0.75,0.85,0.85,0.85,0.75
554,,0.85,0.85,0.85,0.7,0.8,0.8,0.8,0.7
555,,0.8,0.8,0.8,0.65,0.75,0.75,0.75,0.65
556,,0.75,0.75,0.75,0.6,0.7,0.7,0.7,0.6
557,,0.7,0.7,0.7,0.55,0.65,0.65,0.65,0.55
558,,0.65,0.65,0.65,0.5,0.6,0.6,0.6,0.5
559,,0.6,0.6,0.6,0.45,0.55,0.55,0.55,0.45
560,,0.55,0.55,0.55,0.4,0.5,0.5,0.5,0.4
561,,0.5,0.5,0.5,0.35,0.45,0.45,0.45,0.35
562,,0.45,0.45,0.45,0.3,0.4,0.4,0.4,0.3
563,,0.4,0.4,0.4,0.25,0.35,0.35,0.35,0.25
564,,0.35,0.35,0.35,0.2,0.3,0.3,0.3,0.2
565,,0.3,0.3,0.3,0.15,0.25,0.25,0.25,0.15
566,,0.25,0.25,0.25,0.1,0.2,0.2,0.2,0.1
567,,0.2,0.2,0.2,0.05,0.15,0.15,0.15,0.05
568,,0.15,0.15,0.15,0.0,0.1,0.1,0.1,0.0
569,,0.1,0.1,0.1,-0.05,0.05,0.05,0.05,-0.05
570,8,0.491,0.35,0.209,0.0,0.159,0.3,0.441,0.95
571,8,0.882,0.6,0.318,0.05,0.268,0.55,0.832,1.0
572,,0.832,0.55,0.268,0.0,0.218,0.5,0.782,0.95
573,,0.782,0.5,0.218,-0.05,0.168,0.45,0.732,0.9
574,4,0.891,0.75,0.609,0.95,0.559,0.7,0.841,0.95
575,4,1.0,1.0,1.0,1.0,0.95,0.95,0.95,1.0
576,,0.95,0.95,0.95,0.95,0.9,0.9,0.9,0.95
577,,0.9,0.9,0.9,0.9,0.85,0.85,0.85,0.9
578,,0.85,0.85,0.85,0.85,0.8,0.8,0.8,0.85
579,,0.8,0.8,0.8,0.8,0.75,0.75,0.75,0.8
580,,0.75,0.75,0.75,0.75,0.7,0.7,0.7,0.75
581,,0.7,0.7,0.7,0.7,0.65,0.65,0.65,0.7
582,,0.65,0.65,0.65,0.65,0.6,0.6,0.6,0.65
583,,0.6,0.6,0.6,0.6,0.55,0.55,0.55,0.6
584,,0.55,0.55,0.55,0.55,0.5,0.5,0.5,0.55
585,,0.5,0.5,0.5,0.5,0.45,0.45,0.45,0.5
586,,0.45,0.45,0.45,0.45,0.4,0.4,0.4,0.45
587,,0.4,0.4,0.4,0.4,0.35,0.35,0.35,0.4
588,,0.35,0.35,0.35,0.35,0.3,0.3,0.3,0.35
589,,0.3,0.3,0.3,0.3,0.25,0.25,0.25,0.3
590,,0.25,0.25,0.25,0.25,0.2,0.2,0.2,0.25
591,,0.2,0.2,0.2,0.2,0.15,0.15,0.15,0.2
592,,0.15,0.15,0.15,0.15,0.1,0.1,0.1,0.15
593,,0.1,0.1,0.1,0.1,0.05,0.05,0.05,0.1
594,,0.05,0.05,0.05,0.05,0.0,0.0,0.0,0.05
595,,0.0,0.0,0.0,0.0,-0.05,-0.05,-0.05,0.0
596,5,0.05,0.109,0.25,0.391,0.95,0.341,0.2,0.109
597,5,0.1,0.218,0.5,0.782,1.0,0.732,0.45,0.218
598,,0.05,0.168,0.45,0.732,0.95,0.682,0.4,0.168
599,,0.0,0.118,0.4,0.682,0.9,0.632,0.35,0.118
600,,-0.05,0.068,0.35,0.632,0.85,0.582,0.3,0.068
601,1,0.95,0.459,0.6,0.741,0.9,0.691,0.55,0.459
602,1,1.0,0.85,0.85,0.85,0.95,0.8,0.8,0.85
603,,0.95,0.8,0.8,0.8,0.9,0.75,0.75,0.8
604,,0.9,0.75,0.75,0.75,0.85,0.7,0.7,0.75
605,,0.85,0.7,0.7,0.7,0.8,0.65,0.65,0.7
606,,0.8,0.65,0.65,0.65,0.75,0.6,0.6,0.65
607,,0.75,0.6,0.6,0.6,0.7,0.55,0.55,0.6
608,,0.7,0.55,0.55,0.55,0.65,0.5,0.5,0.55
609,,0.65,0.5,0.5,0.5,0.6,0.45,0.45,0.5
610,,0.6,0.45,0.45,0.45,0.55,0.4,0.4,0.45
611,,0.55,0.4,0.4,0.4,0.5,0.35,0.35,0.4
612,,0.5,0.35,0.35,0.35,0.45,0.3,0.3,0.35
613,,0.45,0.3,0.3,0.3,0.4,0.25,0.25,0.3
614,,0.4,0.25,0.25,0.25,0.35,0.2,0.2,0.25
615,,0.35,0.2,0.2,0.2,0.3,0.15,0.15,0.2
616,,0.3,0.15,0.15,0.15,0.25,0.1,0.1,0.15
617,,0.25,0.1,0.1,0.1,0.2,0.05,0.05,0.1
618,,0.2,0.05,0.05,0.05,0.15,0.0,0.0,0.05
619,,0.15,0.0,0.0,0.0,0.1,-0.05,-0.05,0.0
620,6,0.259,0.05,0.109,0.25,0.491,0.95,0.341,0.25
621,6,0.368,0.1,0.218,0.5,0.882,1.0,0.732,0.5
622,,0.318,0.05,0.168,0.45,0.832,0.95,0.682,0.45
623,,0.268,0.0,0.118,0.4,0.782,0.9,0.632,0.4
624,,0.218,-0.05,0.068,0.35,0.732,0.85,0.582,0.35
625,2,0.609,0.95,0.459,0.6,0.841,0.9,0.691,0.6
626,2,1.0,1.0,0.85,0.85,0.95,0.95,0.8,0.85
627,,0.95,0.95,0.8,0.8,0.9,0.9,0.75,0.8
628,,0.9,0.9,0.75,0.75,0.85,0.85,0.7,0.75
629,,0.85,0.85,0.7,0.7,0.8,0.8,0.65,0.7
630,,0.8,0.8,0.65,0.65,0.75,0.75,0.6,0.65
631,,0.75,0.75,0.6,0.6,0.7,0.7,0.55,0.6
632,,0.7,0.7,0.55,0.55,0.65,0.65,0.5,0.55
633,,0.65,0.65,0.5,0.5,0.6,0.6,0.45,0.5
634,,0.6,0.6,0.45,0.45,0.55,0.55,0.4,0.45
635,,0.55,0.55,0.4,0.4,0.5,0.5,0.35,0.4
636,,0.5,0.5,0.35,0.35,0.45,0.45,0.3,0.35
637,,0.45,0.45,0.3,0.3,0.4,0.4,0.25,0.3
638,,0.4,0.4,0.25,0.25,0.35,0.35,0.2,0.25
639,,0.35,0.35,0.2,0.2,0.3,0.3,0.15,0.2
640,,0.3,0.3,0.15,0.15,0.25,0.25,0.1,0.15
641,,0.25,0.25,0.1,0.1,0.2,0.2,0.05,0.1
642,,0.2,0.2,0.05,0.05,0.15,0.15,0.0,0.05
643,,0.15,0.15,0.0,0.0,0.1,0.1,-0.05,0.0
644,7,0.4,0.259,0.05,0.109,0.35,0.491,0.95,0.391
645,7,0.65,0.368,0.1,0.218,0.6,0.882,1.0,0.782
646,,0.6,0.318,0.05,0.168,0.55,0.832,0.95,0.732
647,,0.55,0.268,0.0,0.118,0.5,0.782,0.9,0.682
648,,0.5,0.218,-0.05,0.068,0.45,0.732,0.85,0.632
649,3,0.75,0.609,0.95,0.459,0.7,0.841,0.9,0.741
650,3,1.0,1.0,1.0,0.85,0.95,0.95,0.95,0.85
651,,0.95,0.95,0.95,0.8,0.9,0.9,0.9,0.8
652,,0.9,0.9,0.9,0.75,0.85,0.85,0.85,0.75
653,,0.85,0.85,0.85,0.7,0.8,0.8,0.8,0.7
654,,0.8,0.8,0.8,0.65,0.75,0.75,0.75,0.65
655,,0.75,0.75,0.75,0.6,0.7,0.7,0.7,0.6
656,,0.7,0.7,0.7,0.55,0.65,0.65,0.65,0.55
657,,0.65,0.65,0.65,0.5,0.6,0.6,0.6,0.5
658,,0.6,0.6,0.6,0.45,0.55,0.55,0.55,0.45
659,,0.55,0.55,0.55,0.4,0.5,0.5,0.5,0.4
660,,0.5,0.5,0.5,0.35,0.45,0.45,0.45,0.35
661,,0.45,0.45,0.45,0.3,0.4,0.4,0.4,0.3
662,,0.4,0.4,0.4,0.25,0.35,0.35,0.35,0.25
663,,0.35,0.35,0.35,0.2,0.3,0.3,0.3,0.2
664,,0.3,0.3,0.3,0.15,0.25,0.25,0.25,0.15
665,,0.25,0.25,0.25,0.1,0.2,0.2,0.2,0.1
666,,0.2,0.2,0.2,0.05,0.15,0.15,0.15,0.05
667,,0.15,0.15,0.15,0.0,0.1,0.1,0.1,0.0
668,,0.1,0.1,0.1,-0.05,0.05,0.05,0.05,-0.05
669,8,0.491,0.35,0.209,0.0,0.159,0.3,0.441,0.95
670,8,0.882,0.6,0.318,0.05,0.268,0.55,0.832,1.0
671,,0.832,0.55,0.268,0.0,0.218,0.5,0.782,0.95
672,,0.782,0.5,0.218,-0.05,0.168,0.45,0.732,0.9
673,4,0.891,0.75,0.609,0.95,0.559,0.7,0.841,0.95
674,4,1.0,1.0,1.0,1.0,0.95,0.95,0.95,1.0
675,,0.95,0.95,0.95,0.95,0.9,0.9,0.9,0.95
676,,0.9,0.9,0.9,0.9,0.85,0.85,0.85,0.9
677,,0.85,0.85,0.85,0.85,0.8,0.8,0.8,0.85
678,,0.8,0.8,0.8,0.8,0.75,0.75,0.75,0.8
679,,0.75,0.75,0.75,0.75,0.7,0.7,0.7,0.75
680,,0.7,0.7,0.7,0.7,0.65,0.65,0.65,0.7
681,,0.65,0.65,0.65,0.65,0.6,0.6,0.6,0.65
682,,0.6,0.6,0.6,0.6,0.55,0.55,0.55,0.6
683,,0.55,0.55,0.55,0.55,0.5,0.5,0.5,0.55
684,,0.5,0.5,0.5,0.5,0.45,0.45,0.45,0.5
685,,0.45,0.45,0.45,0.45,0.4,0.4,0.4,0.45
686,,0.4,0.4,0.4,0.4,0.35,0.35,0.35,0.4
687,,0.35,0.35,0.35,0.35,0.3,0.3,0.3,0.35
688,,0.3,0.3,0.3,0.3,0.25,0.25,0.25,0.3
689,,0.25,0.25,0.25,0.25,0.2,0.2,0.2,0.25
690,,0.2,0.2,0.2,0.2,0.15,0.15,0.15,0.2
691,,0.15,0.15,0.15,0.15,0.1,0.1,0.1,0.15
692,,0.1,0.1,0.1,0.1,0.05,0.05,0.05,0.1
693,,0.05,0.05,0.05,0.05,0.0,0.0,0.0,0.05
694,,0.0,0.0,0.0,0.0,-0.05,-0.05,-0.05,0.0
695,5,0.05,0.109,0.25,0.391,0.95,0.341,0.2,0.109
696,5,0.1,0.218,0.5,0.782,1.0,0.732,0.45,0.218
697,,0.05,0.168,0.45,0.732,0.95,0.682,0.4,0.168
698,,0.0,0.118,0.4,0.682,0.9,0.632,0.35,0.118
699,,-0.05,0.068,0.35,0.632,0.85,0.582,0.3,0.068
700,1,0.95,0.459,0.6,0.741,0.9,0.691,0.55,0.459
701,1,1.0,0.85,0.85,0.85,0.95,0.8,0.8,0.85
702,,0.95,0.8,0.8,0.8,0.9,0.75,0.75,0.8
703,,0.9,0.75,0.75,0.75,0.85,0.7,0.7,0.75
704,,0.85,0.7,0.7,0.7,0.8,0.65,0.65,0.7
705,,0.8,0.65,0.65,0.65,0.75,0.6,0.6,0.65
706,,0.75,0.6,0.6,0.6,0.7,0.55,0.55,0.6
707,,0.7,0.55,0.55,0.55,0.65,0.5,0.5,0.55
708,,0.65,0.5,0.5,0.5,0.6,0.45,0.45,0.5
709,,0.6,0.45,0.45,0.45,0.55,0.4,0.4,0.45
710,,0.55,0.4,0.4,0.4,0.5,0.35,0.35,0.4
711,,0.5,0.35,0.35,0.35,0.45,0.3,0.3,0.35
712,,0.45,0.3,0.3,0.3,0.4,0.25,0.25,0.3
713,,0.4,0.25,0.25,0.25,0.35,0.2,0.2,0.25
714,,0.35,0.2,0.2,0.2,0.3,0.15,0.15,0.2
715,,0.3,0.15,0.15,0.15,0.25,0.1,0.1,0.15
716,,0.25,0.1,0.1,0.1,0.2,0.05,0.05,0.1
717,,0.2,0.05,0.05,0.05,0.15,0.0,0.0,0.05
718,,0.15,0.0,0.0,0.0,0.1,-0.05,-0.05,0.0
719,7,0.4,0.109,0.05,0.109,0.35,0.341,0.95,0.391
720,7,0.65,0.218,0.1,0.218,0.6,0.732,1.0,0.782
721,,0.6,0.168,0.05,0.168,0.55,0.682,0.95,0.732
722,,0.55,0.118,0.0,0.118,0.5,0.632,0.9,0.682
723,,0.5,0.068,-0.05,0.068,0.45,0.582,0.85,0.632
724,3,0.75,0.459,0.95,0.459,0.7,0.691,0.9,0.741
725,3,1.0,0.85,1.0,0.85,0.95,0.8,0.95,0.85
726,,0.95,0.8,0.95,0.8,0.9,0.75,0.9,0.8
727,,0.9,0.75,0.9,0.75,0.85,0.7,0.85,0.75
728,,0.85,0.7,0.85,0.7,0.8,0.65,0.8,0.7
729,,0.8,0.65,0.8,0.65,0.75,0.6,0.75,0.65
730,,0.75,0.6,0.75,0.6,0.7,0.55,0.7,0.6
731,,0.7,0.55,0.7,0.55,0.65,0.5,0.65,0.55
732,,0.65,0.5,0.65,0.5,0.6,0.45,0.6,0.5
733,,0.6,0.45,0.6,0.45,0.55,0.4,0.55,0.45
734,,0.55,0.4,0.55,0.4,0.5,0.35,0.5,0.4
735,,0.5,0.35,0.5,0.35,0.45,0.3,0.45,0.35
736,,0.45,0.3,0.45,0.3,0.4,0.25,0.4,0.3
737,,0.4,0.25,0.4,0.25,0.35,0.2,0.35,0.25
738,,0.35,0.2,0.35,0.2,0.3,0.15,0.3,0.2
739,,0.3,0.15,0.3,0.15,0.25,0.1,0.25,0.15
740,,0.25,0.1,0.25,0.1,0.2,0.05,0.2,0.1
741,,0.2,0.05,0.2,0.05,0.15,0.0,0.15,0.05
742,,0.15,0.0,0.15,0.0,0.1,-0.05,0.1,0.0
743,6,0.259,0.05,0.259,0.25,0.491,0.95,0.491,0.25
744,6,0.368,0.1,0.368,0.5,0.882,1.0,0.882,0.5
745,,0.318,0.05,0.318,0.45,0.832,0.95,0.832,0.45
746,,0.268,0.0,0.268,0.4,0.782,0.9,0.782,0.4
747,,0.218,-0.05,0.218,0.35,0.732,0.85,0.732,0.35
748,2,0.609,0.95,0.609,0.6,0.841,0.9,0.841,0.6
749,2,1.0,1.0,1.0,0.85,0.95,0.95,0.95,0.85
750,,0.95,0.95,0.95,0.8,0.9,0.9,0.9,0.8
751,,0.9,0.9,0.9,0.75,0.85,0.85,0.85,0.75
752,,0.85,0.85,0.85,0.7,0.8,0.8,0.8,0.7
753,,0.8,0.8,0.8,0.65,0.75,0.75,0.75,0.65
754,,0.75,0.75,0.75,0.6,0.7,0.7,0.7,0.6
755,,0.7,0.7,0.7,0.55,0.65,0.65,0.65,0.55
756,,0.65,0.65,0.65,0.5,0.6,0.6,0.6,0.5
757,,0.6,0.6,0.6,0.45,0.55,0.55,0.55,0.45
758,,0.55,0.55,0.55,0.4,0.5,0.5,0.5,0.4
759,,0.5,0.5,0.5,0.35,0.45,0.45,0.45,0.35
760,,0.45,0.45,0.45,0.3,0.4,0.4,0.4,0.3
761,,0.4,0.4,0.4,0.25,0.35,0.35,0.35,0.25
762,,0.35,0.35,0.35,0.2,0.3,0.3,0.3,0.2
763,,0.3,0.3,0.3,0.15,0.25,0.25,0.25,0.15
764,,0.25,0.25,0.25,0.1,0.2,0.2,0.2,0.1
765,,0.2,0.2,0.2,0.05,0.15,0.15,0.15,0.05
766,,0.15,0.15,0.15,0.0,0.1,0.1,0.1,0.0
767,,0.1,0.1,0.1,-0.05,0.05,0.05,0.05,-0.05
768,8,0.491,0.35,0.209,0.0,0.159,0.3,0.441,0.95
769,8,0.882,0.6,0.318,0.05,0.268,0.55,0.832,1.0
770,,0.832,0.55,0.268,0.0,0.218,0.5,0.782,0.95
771,,0.782,0.5,0.218,-0.05,0.168,0.45,0.732,0.9
772,4,0.891,0.75,0.609,0.95,0.559,0.7,0.841,0.95
773,4,1.0,1.0,1.0,1.0,0.95,0.95,0.95,1.0
774,,0.95,0.95,0.95,0.95,0.9,0.9,0.9,0.95
775,,0.9,0.9,0.9,0.9,0.85,0.85,0.85,0.9
776,,0.85,0.85,0.85,0.85,0.8,0.8,0.8,0.85
777,,0.8,0.8,0.8,0.8,0.75,0.75,0.75,0.8
778,,0.75,0.75,0.75,0.75,0.7,0.7,0.7,0.75
779,,0.7,0.7,0.7,0.7,0.65,0.65,0.65,0.7
780,,0.65,0.65,0.65,0.65,0.6,0.6,0.6,0.65
781,,0.6,0.6,0.6,0.6,0.55,0.55,0.55,0.6
782,,0.55,0.55,0.55,0.55,0.5,0.5,0.5,0.55
783,,0.5,0.5,0.5,0.5,0.45,0.45,0.45,0.5
784,,0.45,0.45,0.45,0.45,0.4,0.4,0.4,0.45
785,,0.4,0.4,0.4,0.4,0.35,0.35,0.35,0.4
786,,0.35,0.35,0.35,0.35,0.3,0.3,0.3,0.35
787,,0.3,0.3,0.3,0.3,0.25,0.25,0.25,0.3
788,,0.25,0.25,0.25,0.25,0.2,0.2,0.2,0.25
789,,0.2,0.2,0.2,0.2,0.15,0.15,0.15,0.2
790,,0.15,0.15,0.15,0.15,0.1,0.1,0.1,0.15
791,,0.1,0.1,0.1,0.1,0.05,0.05,0.05,0.1
792,,0.05,0.05,0.05,0.05,0.0,0.0,0.0,0.05
793,,0.0,0.0,0.0,0.0,-0.05,-0.05,-0.05,0.0
794,5,0.05,0.109,0.25,0.391,0.95,0.341,0.2,0.109
795,5,0.1,0.218,0.5,0.782,1.0,0.732,0.45,0.218
796,,0.05,0.168,0.45,0.732,0.95,0.682,0.4,0.168
797,,0.0,0.118,0.4,0.682,0.9,0.632,0.35,0.118
798,,-0.05,0.068,0.35,0.632,0.85,0.582,0.3,0.068
799,1,0.95,0.459,0.6,0.741,0.9,0.691,0.55,0.459
800,1,1.0,0.85,0.85,0.85,0.95,0.8,0.8,0.85
801,,0.95,0.8,0.8,0.8,0.9,0.75,0.75,0.8
802,,0.9,0.75,0.75,0.75,0.85,0.7,0.7,0.75
803,,0.85,0.7,0.7,0.7,0.8,0.65,0.65,0.7
804,,0.8,0.65,0.65,0.65,0.75,0.6,0.6,0.65
805,,0.75,0.6,0.6,0.6,0.7,0.55,0.55,0.6
806,,0.7,0.55,0.55,0.55,0.65,0.5,0.5,0.55
807,,0.65,0.5,0.5,0.5,0.6,0.45,0.45,0.5
808,,0.6,0.45,0.45,0.45,0.55,0.4,0.4,0.45
809,,0.55,0.4,0.4,0.4,0.5,0.35,0.35,0.4
810,,0.5,0.35,0.35,0.35,0.45,0.3,0.3,0.35
811,,0.45,0.3,0.3,0.3,0.4,0.25,0.25,0.3
812,,0.4,0.25,0.25,0.25,0.35,0.2,0.2,0.25
813,,0.35,0.2,0.2,0.2,0.3,0.15,0.15,0.2
814,,0.3,0.15,0.15,0.15,0.25,0.1,0.1,0.15
815,,0.25,0.1,0.1,0.1,0.2,0.05,0.05,0.1
816,,0.2,0.05,0.05,0.05,0.15,0.0,0.0,0.05
817,,0.15,0.0,0.0,0.0,0.1,-0.05,-0.05,0.0
818,6,0.259,0.05,0.109,0.25,0.491,0.95,0.341,0.25
819,6,0.368,0.1,0.218,0.5,0.882,1.0,0.732,0.5
820,,0.318,0.05,0.168,0.45,0.832,0.95,0.682,0.45
821,,0.268,0.0,0.118,0.4,0.782,0.9,0.632,0.4
822,,0.218,-0.05,0.068,0.35,0.732,0.85,0.582,0.35
823,2,0.609,0.95,0.459,0.6,0.841,0.9,0.691,0.6
824,2,1.0,1.0,0.85,0.85,0.95,0.95,0.8,0.85
825,,0.95,0.95,0.8,0.8,0.9,0.9,0.75,0.8
826,,0.9,0.9,0.75,0.75,0.85,0.85,0.7,0.75
827,,0.85,0.85,0.7,0.7,0.8,0.8,0.65,0.7
828,,0.8,0.8,0.65,0.65,0.75,0.75,0.6,0.65
829,,0.75,0.75,0.6,0.6,0.7,0.7,0.55,0.6
830,,0.7,0.7,0.55,0.55,0.65,0.65,0.5,0.55
831,,0.65,0.65,0.5,0.5,0.6,0.6,0.45,0.5
832,,0.6,0.6,0.45,0.45,0.55,0.55,0.4,0.45
833,,0.55,0.55,0.4,0.4,0.5,0.5,0.35,0.4
834,,0.5,0.5,0.35,0.35,0.45,0.45,0.3,0.35
835,,0.45,0.45,0.3,0.3,0.4,0.4,0.25,0.3
836,,0.4,0.4,0.25,0.25,0.35,0.35,0.2,0.25
837,,0.35,0.35,0.2,0.2,0.3,0.3,0.15,0.2
838,,0.3,0.3,0.15,0.15,0.25,0.25,0.1,0.15
839,,0.25,0.25,0.1,0.1,0.2,0.2,0.05,0.1
840,,0.2,0.2,0.05,0.05,0.15,0.15,0.0,0.05
841,,0.15,0.15,0.0,0.0,0.1,0.1,-0.05,0.0
842,7,0.4,0.259,0.05,0.109,0.35,0.491,0.95,0.391
843,7,0.65,0.368,0.1,0.218,0.6,0.882,1.0,0.782
844,,0.6,0.318,0.05,0.168,0.55,0.832,0.95,0.732
845,,0.55,0.268,0.0,0.118,0.5,0.782,0.9,0.682
846,,0.5,0.218,-0.05,0.068,0.45,0.732,0.85,0.632
847,3,0.75,0.609,0.95,0.459,0.7,0.841,0.9,0.741
848,3,1.0,1.0,1.0,0.85,0.95,0.95,0.95,0.85
849,,0.95,0.95,0.95,0.8,0.9,0.9,0.9,0.8
850,,0.9,0.9,0.9,0.75,0.85,0.85,0.85,0.75
851,,0.85,0.85,0.85,0.7,0.8,0.8,0.8,0.7
852,,0.8,0.8,0.8,0.65,0.75,0.75,0.75,0.65
853,,0.75,0.75,0.75,0.6,0.7,0.7,0.7,0.6
854,,0.7,0.7,0.7,0.55,0.65,0.65,0.65,0.55
855,,0.65,0.65,0.65,0.5,0.6,0.6,0.6,0.5
856,,0.6,0.6,0.6,0.45,0.55,0.55,0.55,0.45
857,,0.55,0.55,0.55,0.4,0.5,0.5,0.5,0.4
858,,0.5,0.5,0.5,0.35,0.45,0.45,0.45,0.35
859,,0.45,0.45,0.45,0.3,0.4,0.4,0.4,0.3
860,,0.4,0.4,0.4,0.25,0.35,0.35,0.35,0.25
861,,0.35,0.35,0.35,0.2,0.3,0.3,0.3,0.2
862,,0.3,0.3,0.3,0.15,0.25,0.25,0.25,0.15
863,,0.25,0.25,0.25,0.1,0.2,0.2,0.2,0.1
864,,0.2,0.2,0.2,0.05,0.15,0.15,0.15,0.05
865,,0.15,0.15,0.15,0.0,0.1,0.1,0.1,0.0
866,,0.1,0.1,0.1,-0.05,0.05,0.05,0.05,-0.05
867,8,0.491,0.35,0.209,0.0,0.159,0.3,0.441,0.95
868,8,0.882,0.6,0.318,0.05,0.268,0.55,0.832,1.0
869,,0.832,0.55,0.268,0.0,0.218,0.5,0.782,0.95
870,,0.782,0.5,0.218,-0.05,0.168,0.45,0.732,0.9
871,4,0.891,0.75,0.609,0.95,0.559,0.7,0.841,0.95
872,4,1.0,1.0,1.0,1.0,0.95,0.95,0.95,1.0
873,,0.95,0.95,0.95,0.95,0.9,0.9,0.9,0.95
874,,0.9,0.9,0.9,0.9,0.85,0.85,0.85,0.9
875,,0.85,0.85,0.85,0.85,0.8,0.8,0.8,0.85
876,,0.8,0.8,0.8,0.8,0.75,0.75,0.75,0.8
877,,0.75,0.75,0.75,0.75,0.7,0.7,0.7,0.75
878,,0.7,0.7,0.7,0.7,0.65,0.65,0.65,0.7
879,,0.65,0.65,0.65,0.65,0.6,0.6,0.6,0.65
880,,0.6,0.6,0.6,0.6,0.55,0.55,0.55,0.6
881,,0.55,0.55,0.55,0.55,0.5,0.5,0.5,0.55
882,,0.5,0.5,0.5,0.5,0.45,0.45,0.45,0.5
883,,0.45,0.45,0.45,0.45,0.4,0.4,0.4,0.45
884,,0.4,0.4,0.4,0.4,0.35,0.35,0.35,0.4
885,,0.35,0.35,0.35,0.35,0.3,0.3,0.3,0.35
886,,0.3,0.3,0.3,0.3,0.25,0.25,0.25,0.3
887,,0.25,0.25,0.25,0.25,0.2,0.2,0.2,0.25
888,,0.2,0.2,0.2,0.2,0.15,0.15,0.15,0.2
889,,0.15,0.15,0.15,0.15,0.1,0.1,0.1,0.15
890,,0.1,0.1,0.1,0.1,0.05,0.05,0.05,0.1
891,,0.05,0.05,0.05,0.05,0.0,0.0,0.0,0.05
892,,0.0,0.0,0.0,0.0,-0.05,-0.05,-0.05,0.0
893,6,0.109,0.05,0.109,0.25,0.341,0.95,0.341,0.25
894,6,0.218,0.1,0.218,0.5,0.732,1.0,0.732,0.5
895,,0.168,0.05,0.168,0.45,0.682,0.95,0.682,0.45
896,,0.118,0.0,0.118,0.4,0.632,0.9,0.632,0.4
897,,0.068,-0.05,0.068,0.35,0.582,0.85,0.582,0.35
898,2,0.459,0.95,0.459,0.6,0.691,0.9,0.691,0.6
899,2,0.85,1.0,0.85,0.85,0.8,0.95,0.8,0.85
900,,0.8,0.95,0.8,0.8,0.75,0.9,0.75,0.8
901,,0.75,0.9,0.75,0.75,0.7,0.85,0.7,0.75
902,,0.7,0.85,0.7,0.7,0.65,0.8,0.65,0.7
903,,0.65,0.8,0.65,0.65,0.6,0.75,0.6,0.65
904,,0.6,0.75,0.6,0.6,0.55,0.7,0.55,0.6
905,,0.55,0.7,0.55,0.55,0.5,0.65,0.5,0.55
906,,0.5,0.65,0.5,0.5,0.45,0.6,0.45,0.5
907,,0.45,0.6,0.45,0.45,0.4,0.55,0.4,0.45
908,,0.4,0.55,0.4,0.4,0.35,0.5,0.35,0.4
909,,0.35,0.5,0.35,0.35,0.3,0.45,0.3,0.35
910,,0.3,0.45,0.3,0.3,0.25,0.4,0.25,0.3
911,,0.25,0.4,0.25,0.25,0.2,0.35,0.2,0.25
912,,0.2,0.35,0.2,0.2,0.15,0.3,0.15,0.2
913,,0.15,0.3,0.15,0.15,0.1,0.25,0.1,0.15
914,,0.1,0.25,0.1,0.1,0.05,0.2,0.05,0.1
915,,0.05,0.2,0.05,0.05,0.0,0.15,0.0,0.05
916,,0.0,0.15,0.0,0.0,-0.05,0.1,-0.05,0.0
917,7,0.25,0.259,0.05,0.109,0.2,0.491,0.95,0.391
918,7,0.5,0.368,0.1,0.218,0.45,0.882,1.0,0.782
919,,0.45,0.318,0.05,0.168,0.4,0.832,0.95,0.732
920,,0.4,0.268,0.0,0.118,0.35,0.782,0.9,0.682
921,,0.35,0.218,-0.05,0.068,0.3,0.732,0.85,0.632
922,3,0.6,0.609,0.95,0.459,0.55,0.841,0.9,0.741
923,3,0.85,1.0,1.0,0.85,0.8,0.95,0.95,0.85
924,,0.8,0.95,0.95,0.8,0.75,0.9,0.9,0.8
925,,0.75,0.9,0.9,0.75,0.7,0.85,0.85,0.75
926,,0.7,0.85,0.85,0.7,0.65,0.8,0.8,0.7
927,,0.65,0.8,0.8,0.65,0.6,0.75,0.75,0.65
928,,0.6,0.75,0.75,0.6,0.55,0.7,0.7,0.6
929,,0.55,0.7,0.7,0.55,0.5,0.65,0.65,0.55
930,,0.5,0.65,0.65,0.5,0.45,0.6,0.6,0.5
931,,0.45,0.6,0.6,0.45,0.4,0.55,0.55,0.45
932,,0.4,0.55,0.55,0.4,0.35,0.5,0.5,0.4
933,,0.35,0.5,0.5,0.35,0.3,0.45,0.45,0.35
934,,0.3,0.45,0.45,0.3,0.25,0.4,0.4,0.3
935,,0.25,0.4,0.4,0.25,0.2,0.35,0.35,0.25
936,,0.2,0.35,0.35,0.2,0.15,0.3,0.3,0.2
937,,0.15,0.3,0.3,0.15,0.1,0.25,0.25,0.15
938,,0.1,0.25,0.25,0.1,0.05,0.2,0.2,0.1
939,,0.05,0.2,0.2,0.05,0.0,0.15,0.15,0.05
940,,0.0,0.15,0.15,0.0,-0.05,0.1,0.1,0.0
941,5,0.05,0.259,0.4,0.391,0.95,0.491,0.35,0.109
942,5,0.1,0.368,0.65,0.782,1.0,0.882,0.6,0.218
943,,0.05,0.318,0.6,0.732,0.95,0.832,0.55,0.168
944,,0.0,0.268,0.55,0.682,0.9,0.782,0.5,0.118
945,,-0.05,0.218,0.5,0.632,0.85,0.732,0.45,0.068
946,1,0.95,0.609,0.75,0.741,0.9,0.841,0.7,0.459
947,1,1.0,1.0,1.0,0.85,0.95,0.95,0.95,0.85
948,,0.95,0.95,0.95,0.8,0.9,0.9,0.9,0.8
949,,0.9,0.9,0.9,0.75,0.85,0.85,0.85,0.75
950,,0.85,0.85,0.85,0.7,0.8,0.8,0.8,0.7
951,,0.8,0.8,0.8,0.65,0.75,0.75,0.75,0.65
952,,0.75,0.75,0.75,0.6,0.7,0.7,0.7,0.6
953,,0.7,0.7,0.7,0.55,0.65,0.65,0.65,0.55
954,,0.65,0.65,0.65,0.5,0.6,0.6,0.6,0.5
955,,0.6,0.6,0.6,0.45,0.55,0.55,0.55,0.45
956,,0.55,0.55,0.55,0.4,0.5,0.5,0.5,0.4
957,,0.5,0.5,0.5,0.35,0.45,0.45,0.45,0.35
958,,0.45,0.45,0.45,0.3,0.4,0.4,0.4,0.3
959,,0.4,0.4,0.4,0.25,0.35,0.35,0.35,0.25
960,,0.35,0.35,0.35,0.2,0.3,0.3,0.3,0.2
961,,0.3,0.3,0.3,0.15,0.25,0.25,0.25,0.15
962,,0.25,0.25,0.25,0.1,0.2,0.2,0.2,0.1
963,,0.2,0.2,0.2,0.05,0.15,0.15,0.15,0.05
964,,0.15,0.15,0.15,0.0,0.1,0.1,0.1,0.0
965,,0.1,0.1,0.1,-0.05,0.05,0.05,0.05,-0.05
966,4,0.209,0.35,0.491,0.95,0.441,0.3,0.159,0.0
967,4,0.318,0.6,0.882,1.0,0.832,0.55,0.268,0.05
968,,0.268,0.55,0.832,0.95,0.782,0.5,0.218,0.0
969,,0.218,0.5,0.782,0.9,0.732,0.45,0.168,-0.05
970,8,0.609,0.75,0.891,0.95,0.841,0.7,0.559,0.95
971,8,1.0,1.0,1.0,1.0,0.95,0.95,0.95,1.0
972,,0.95,0.95,0.95,0.95,0.9,0.9,0.9,0.95
973,,0.9,0.9,0.9,0.9,0.85,0.85,0.85,0.9
974,,0.85,0.85,0.85,0.85,0.8,0.8,0.8,0.85
975,,0.8,0.8,0.8,0.8,0.75,0.75,0.75,0.8
976,,0.75,0.75,0.75,0.75,0.7,0.7,0.7,0.75
977,,0.7,0.7,0.7,0.7,0.65,0.65,0.65,0.7
978,,0.65,0.65,0.65,0.65,0.6,0.6,0.6,0.65
979,,0.6,0.6,0.6,0.6,0.55,0.55,0.55,0.6
980,,0.55,0.55,0.55,0.55,0.5,0.5,0.5,0.55
981,,0.5,0.5,0.5,0.5,0.45,0.45,0.45,0.5
982,,0.45,0.45,0.45,0.45,0.4,0.4,0.4,0.45
983,,0.4,0.4,0.4,0.4,0.35,0.35,0.35,0.4
984,,0.35,0.35,0.35,0.35,0.3,0.3,0.3,0.35
985,,0.3,0.3,0.3,0.3,0.25,0.25,0.25,0.3
986,,0.25,0.25,0.25,0.25,0.2,0.2,0.2,0.25
987,,0.2,0.2,0.2,0.2,0.15,0.15,0.15,0.2
988,,0.15,0.15,0.15,0.15,0.1,0.1,0.1,0.15
989,,0.1,0.1,0.1,0.1,0.05,0.05,0.05,0.1
990,,0.05,0.05,0.05,0.05,0.0,0.0,0.0,0.05
991,,0.0,0.0,0.0,0.0,-0.05,-0.05,-0.05,0.0
992,6,0.109,0.05,0.109,0.25,0.341,0.95,0.341,0.25
993,6,0.218,0.1,0.218,0.5,0.732,1.0,0.732,0.5
994,,0.168,0.05,0.168,0.45,0.682,0.95,0.682,0.45
995,,0.118,0.0,0.118,0.4,0.632,0.9,0.632,0.4
996,,0.068,-0.05,0.068,0.35,0.582,0.85,0.582,0.35
997,2,0.459,0.95,0.459,0.6,0.691,0.9,0.691,0.6
998,2,0.85,1.0,0.85,0.85,0.8,0.95,0.8,0.85
999,,0.8,0.95,0.8,0.8,0.75,0.9,0.75,0.8
