step,active_motive,motive_1,motive_2,motive_3,motive_4,motive_5,motive_6,motive_7,motive_8
0,,0.37454,0.95071,0.73199,0.59866,0.15602,0.15599,0.05808,0.86618
1,,0.22454,0.83607,0.63199,0.48402,0.00602,-0.02937,-0.14192,0.68082
2,7,0.07454,0.72143,0.53199,0.36938,-0.14398,-0.21473,1.0,0.49546
3,6,-0.07546,0.60679,0.43199,0.25474,-0.29398,1.0,0.8,0.3101
4,5,-0.22546,0.49215,0.33199,0.1401,1.0,0.81464,0.6,0.12474
5,1,1.0,0.57751,0.23199,0.02546,0.85,0.62928,0.4,-0.06062
6,8,0.85,0.46287,0.13199,-0.08918,0.7,0.44392,0.2,1.0
7,4,0.7,0.34823,0.03199,1.0,0.55,0.25856,0.0,0.81464
8,,0.55,0.23359,-0.06801,0.88536,0.4,0.0732,-0.2,0.62928
9,7,0.4,0.11895,-0.16801,0.77072,0.25,-0.11216,1.0,0.44392
10,3,0.25,0.00431,1.0,0.65608,0.1,-0.29752,0.8,0.25856
11,6,0.1,-0.11033,0.9,0.54144,-0.05,1.0,0.6,0.0732
12,2,-0.05,1.0,0.8,0.4268,-0.2,0.81464,0.4,-0.11216
13,5,-0.2,0.88536,0.7,0.31216,1.0,0.62928,0.2,-0.29752
14,8,-0.35,0.77072,0.6,0.19752,0.85,0.44392,0.0,1.0
15,1,1.0,0.85608,0.5,0.08288,0.7,0.25856,-0.2,0.81464
16,7,0.85,0.74144,0.4,-0.03176,0.55,0.0732,1.0,0.62928
17,4,0.7,0.6268,0.3,1.0,0.4,-0.11216,0.8,0.44392
18,6,0.55,0.51216,0.2,0.88536,0.25,1.0,0.6,0.25856
19,,0.4,0.39752,0.1,0.77072,0.1,0.81464,0.4,0.0732
20,,0.25,0.28288,0.0,0.65608,-0.05,0.62928,0.2,-0.11216
21,8,0.1,0.16824,-0.1,0.54144,-0.2,0.44392,0.0,1.0
22,5,-0.05,0.0536,-0.2,0.4268,1.0,0.25856,-0.2,0.81464
23,7,-0.2,-0.06104,-0.3,0.31216,0.85,0.0732,1.0,0.62928
24,3,-0.35,-0.17568,1.0,0.19752,0.7,-0.11216,0.8,0.44392
25,1,1.0,-0.09032,0.9,0.08288,0.55,-0.29752,0.6,0.25856
26,6,0.85,-0.20496,0.8,-0.03176,0.4,1.0,0.4,0.0732
27,2,0.7,1.0,0.7,-0.1464,0.25,0.81464,0.2,-0.11216
28,4,0.55,0.88536,0.6,1.0,0.1,0.62928,0.0,-0.29752
29,8,0.4,0.77072,0.5,0.88536,-0.05,0.44392,-0.2,1.0
30,7,0.25,0.65608,0.4,0.77072,-0.2,0.25856,1.0,0.81464
31,5,0.1,0.54144,0.3,0.65608,1.0,0.0732,0.8,0.62928
32,,-0.05,0.4268,0.2,0.54144,0.85,-0.11216,0.6,0.44392
33,6,-0.2,0.31216,0.1,0.4268,0.7,1.0,0.4,0.25856
34,1,1.0,0.39752,0.0,0.31216,0.55,0.81464,0.2,0.0732
35,,0.85,0.28288,-0.1,0.19752,0.4,0.62928,0.0,-0.11216
36,8,0.7,0.16824,-0.2,0.08288,0.25,0.44392,-0.2,1.0
37,7,0.55,0.0536,-0.3,-0.03176,0.1,0.25856,1.0,0.81464
38,3,0.4,-0.06104,1.0,-0.1464,-0.05,0.0732,0.8,0.62928
39,4,0.25,-0.17568,0.9,1.0,-0.2,-0.11216,0.6,0.44392
40,5,0.1,-0.29032,0.8,0.88536,1.0,-0.29752,0.4,0.25856
41,6,-0.05,-0.40496,0.7,0.77072,0.85,1.0,0.2,0.0732
42,2,-0.2,1.0,0.6,0.65608,0.7,0.81464,0.0,-0.11216
43,1,1.0,1.0,0.5,0.54144,0.55,0.62928,-0.2,-0.29752
44,8,0.85,0.88536,0.4,0.4268,0.4,0.44392,-0.4,1.0
45,7,0.7,0.77072,0.3,0.31216,0.25,0.25856,1.0,0.81464
46,,0.55,0.65608,0.2,0.19752,0.1,0.0732,0.8,0.62928
47,,0.4,0.54144,0.1,0.08288,-0.05,-0.11216,0.6,0.44392
48,6,0.25,0.4268,0.0,-0.03176,-0.2,1.0,0.4,0.25856
49,5,0.1,0.31216,-0.1,-0.1464,1.0,0.81464,0.2,0.0732
50,4,-0.05,0.19752,-0.2,1.0,0.85,0.62928,0.0,-0.11216
51,3,-0.2,0.08288,1.0,0.88536,0.7,0.44392,-0.2,-0.29752
52,8,-0.35,-0.03176,0.9,0.77072,0.55,0.25856,-0.4,1.0
53,7,-0.5,-0.1464,0.8,0.65608,0.4,0.0732,1.0,0.81464
54,1,1.0,-0.06104,0.7,0.54144,0.25,-0.11216,0.8,0.62928
55,6,0.85,-0.17568,0.6,0.4268,0.1,1.0,0.6,0.44392
56,2,0.7,1.0,0.5,0.31216,-0.05,0.81464,0.4,0.25856
57,5,0.55,0.88536,0.4,0.19752,1.0,0.62928,0.2,0.0732
58,,0.4,0.77072,0.3,0.08288,0.85,0.44392,0.0,-0.11216
59,8,0.25,0.65608,0.2,-0.03176,0.7,0.25856,-0.2,1.0
60,7,0.1,0.54144,0.1,-0.1464,0.55,0.0732,1.0,0.81464
61,4,-0.05,0.4268,0.0,1.0,0.4,-0.11216,0.8,0.62928
62,6,-0.2,0.31216,-0.1,0.88536,0.25,1.0,0.6,0.44392
63,1,1.0,0.39752,-0.2,0.77072,0.1,0.81464,0.4,0.25856
64,3,0.85,0.28288,1.0,0.65608,-0.05,0.62928,0.2,0.0732
65,5,0.7,0.16824,0.9,0.54144,1.0,0.44392,0.0,-0.11216
66,8,0.55,0.0536,0.8,0.4268,0.85,0.25856,-0.2,1.0
67,7,0.4,-0.06104,0.7,0.31216,0.7,0.0732,1.0,0.81464
68,2,0.25,1.0,0.6,0.19752,0.55,-0.11216,0.8,0.62928
69,6,0.1,0.88536,0.5,0.08288,0.4,1.0,0.6,0.44392
70,,-0.05,0.77072,0.4,-0.03176,0.25,0.81464,0.4,0.25856
71,1,1.0,0.85608,0.3,-0.1464,0.1,0.62928,0.2,0.0732
72,4,0.85,0.74144,0.2,1.0,-0.05,0.44392,0.0,-0.11216
73,8,0.7,0.6268,0.1,0.88536,-0.2,0.25856,-0.2,1.0
74,7,0.55,0.51216,0.0,0.77072,-0.35,0.0732,1.0,0.81464
75,5,0.4,0.39752,-0.1,0.65608,1.0,-0.11216,0.8,0.62928
76,6,0.25,0.28288,-0.2,0.54144,0.85,1.0,0.6,0.44392
77,3,0.1,0.16824,1.0,0.4268,0.7,0.81464,0.4,0.25856
78,,-0.05,0.0536,0.9,0.31216,0.55,0.62928,0.2,0.0732
79,1,1.0,0.13896,0.8,0.19752,0.4,0.44392,0.0,-0.11216
80,8,0.85,0.02432,0.7,0.08288,0.25,0.25856,-0.2,1.0
81,7,0.7,-0.09032,0.6,-0.03176,0.1,0.0732,1.0,0.81464
82,2,0.55,1.0,0.5,-0.1464,-0.05,-0.11216,0.8,0.62928
83,4,0.4,0.88536,0.4,1.0,-0.2,-0.29752,0.6,0.44392
84,6,0.25,0.77072,0.3,0.88536,-0.35,1.0,0.4,0.25856
85,5,0.1,0.65608,0.2,0.77072,1.0,0.81464,0.2,0.0732
86,,-0.05,0.54144,0.1,0.65608,0.85,0.62928,0.0,-0.11216
87,8,-0.2,0.4268,0.0,0.54144,0.7,0.44392,-0.2,1.0
88,1,1.0,0.51216,-0.1,0.4268,0.55,0.25856,-0.4,0.81464
89,7,0.85,0.39752,-0.2,0.31216,0.4,0.0732,1.0,0.62928
90,3,0.7,0.28288,1.0,0.19752,0.25,-0.11216,0.8,0.44392
91,6,0.55,0.16824,0.9,0.08288,0.1,1.0,0.6,0.25856
92,,0.4,0.0536,0.8,-0.03176,-0.05,0.81464,0.4,0.0732
93,5,0.25,-0.06104,0.7,-0.1464,1.0,0.62928,0.2,-0.11216
94,4,0.1,-0.17568,0.6,1.0,0.85,0.44392,0.0,-0.29752
95,8,-0.05,-0.29032,0.5,0.88536,0.7,0.25856,-0.2,1.0
96,2,-0.2,1.0,0.4,0.77072,0.55,0.0732,-0.4,0.81464
97,7,-0.35,0.88536,0.3,0.65608,0.4,-0.11216,1.0,0.62928
98,1,1.0,0.97072,0.2,0.54144,0.25,-0.29752,0.8,0.44392
99,6,0.85,0.85608,0.1,0.4268,0.1,1.0,0.6,0.25856
100,,0.7,0.74144,0.0,0.31216,-0.05,0.81464,0.4,0.0732
101,5,0.55,0.6268,-0.1,0.19752,1.0,0.62928,0.2,-0.11216
102,8,0.4,0.51216,-0.2,0.08288,0.85,0.44392,0.0,1.0
103,3,0.25,0.39752,1.0,-0.03176,0.7,0.25856,-0.2,0.81464
104,7,0.1,0.28288,0.9,-0.1464,0.55,0.0732,1.0,0.62928
105,4,-0.05,0.16824,0.8,1.0,0.4,-0.11216,0.8,0.44392
106,6,-0.2,0.0536,0.7,0.88536,0.25,1.0,0.6,0.25856
107,1,1.0,0.13896,0.6,0.77072,0.1,0.81464,0.4,0.0732
108,,0.85,0.02432,0.5,0.65608,-0.05,0.62928,0.2,-0.11216
109,8,0.7,-0.09032,0.4,0.54144,-0.2,0.44392,0.0,1.0
110,5,0.55,-0.20496,0.3,0.4268,1.0,0.25856,-0.2,0.81464
111,2,0.4,1.0,0.2,0.31216,0.85,0.0732,-0.4,0.62928
112,7,0.25,0.88536,0.1,0.19752,0.7,-0.11216,1.0,0.44392
113,6,0.1,0.77072,0.0,0.08288,0.55,1.0,0.8,0.25856
114,,-0.05,0.65608,-0.1,-0.03176,0.4,0.81464,0.6,0.0732
115,3,-0.2,0.54144,1.0,-0.1464,0.25,0.62928,0.4,-0.11216
116,1,1.0,0.6268,0.9,-0.26104,0.1,0.44392,0.2,-0.29752
117,8,0.85,0.51216,0.8,-0.37568,-0.05,0.25856,0.0,1.0
118,4,0.7,0.39752,0.7,1.0,-0.2,0.0732,-0.2,0.81464
119,7,0.55,0.28288,0.6,0.88536,-0.35,-0.11216,1.0,0.62928
120,5,0.4,0.16824,0.5,0.77072,1.0,-0.29752,0.8,0.44392
121,6,0.25,0.0536,0.4,0.65608,0.85,1.0,0.6,0.25856
122,,0.1,-0.06104,0.3,0.54144,0.7,0.81464,0.4,0.0732
123,2,-0.05,1.0,0.2,0.4268,0.55,0.62928,0.2,-0.11216
124,8,-0.2,0.88536,0.1,0.31216,0.4,0.44392,0.0,1.0
125,1,1.0,0.97072,0.0,0.19752,0.25,0.25856,-0.2,0.81464
126,7,0.85,0.85608,-0.1,0.08288,0.1,0.0732,1.0,0.62928
127,3,0.7,0.74144,1.0,-0.03176,-0.05,-0.11216,0.8,0.44392
128,6,0.55,0.6268,0.9,-0.1464,-0.2,1.0,0.6,0.25856
129,5,0.4,0.51216,0.8,-0.26104,1.0,0.81464,0.4,0.0732
130,4,0.25,0.39752,0.7,1.0,0.85,0.62928,0.2,-0.11216
131,8,0.1,0.28288,0.6,0.88536,0.7,0.44392,0.0,1.0
132,,-0.05,0.16824,0.5,0.77072,0.55,0.25856,-0.2,0.81464
133,7,-0.2,0.0536,0.4,0.65608,0.4,0.0732,1.0,0.62928
134,1,1.0,0.13896,0.3,0.54144,0.25,-0.11216,0.8,0.44392
135,6,0.85,0.02432,0.2,0.4268,0.1,1.0,0.6,0.25856
136,,0.7,-0.09032,0.1,0.31216,-0.05,0.81464,0.4,0.0732
137,2,0.55,1.0,0.0,0.19752,-0.2,0.62928,0.2,-0.11216
138,5,0.4,0.88536,-0.1,0.08288,1.0,0.44392,0.0,-0.29752
139,8,0.25,0.77072,-0.2,-0.03176,0.85,0.25856,-0.2,1.0
140,3,0.1,0.65608,1.0,-0.1464,0.7,0.0732,-0.4,0.81464
141,7,-0.05,0.54144,0.9,-0.26104,0.55,-0.11216,1.0,0.62928
142,4,-0.2,0.4268,0.8,1.0,0.4,-0.29752,0.8,0.44392
143,6,-0.35,0.31216,0.7,0.88536,0.25,1.0,0.6,0.25856
144,1,1.0,0.39752,0.6,0.77072,0.1,0.81464,0.4,0.0732
145,,0.85,0.28288,0.5,0.65608,-0.05,0.62928,0.2,-0.11216
146,8,0.7,0.16824,0.4,0.54144,-0.2,0.44392,0.0,1.0
147,5,0.55,0.0536,0.3,0.4268,1.0,0.25856,-0.2,0.81464
148,7,0.4,-0.06104,0.2,0.31216,0.85,0.0732,1.0,0.62928
149,2,0.25,1.0,0.1,0.19752,0.7,-0.11216,0.8,0.44392
150,6,0.1,0.88536,0.0,0.08288,0.55,1.0,0.6,0.25856
151,,-0.05,0.77072,-0.1,-0.03176,0.4,0.81464,0.4,0.0732
152,3,-0.2,0.65608,1.0,-0.1464,0.25,0.62928,0.2,-0.11216
153,1,1.0,0.74144,0.9,-0.26104,0.1,0.44392,0.0,-0.29752
154,8,0.85,0.6268,0.8,-0.37568,-0.05,0.25856,-0.2,1.0
155,4,0.7,0.51216,0.7,1.0,-0.2,0.0732,-0.4,0.81464
156,7,0.55,0.39752,0.6,0.88536,-0.35,-0.11216,1.0,0.62928
157,5,0.4,0.28288,0.5,0.77072,1.0,-0.29752,0.8,0.44392
158,6,0.25,0.16824,0.4,0.65608,0.85,1.0,0.6,0.25856
159,,0.1,0.0536,0.3,0.54144,0.7,0.81464,0.4,0.0732
160,,-0.05,-0.06104,0.2,0.4268,0.55,0.62928,0.2,-0.11216
161,8,-0.2,-0.17568,0.1,0.31216,0.4,0.44392,0.0,1.0
162,1,1.0,-0.09032,0.0,0.19752,0.25,0.25856,-0.2,0.81464
163,7,0.85,-0.20496,-0.1,0.08288,0.1,0.0732,1.0,0.62928
164,2,0.7,1.0,-0.2,-0.03176,-0.05,-0.11216,0.8,0.44392
165,3,0.55,0.88536,1.0,-0.1464,-0.2,-0.29752,0.6,0.25856
166,6,0.4,0.77072,0.9,-0.26104,-0.35,1.0,0.4,0.0732
167,5,0.25,0.65608,0.8,-0.37568,1.0,0.81464,0.2,-0.11216
168,4,0.1,0.54144,0.7,1.0,0.85,0.62928,0.0,-0.29752
169,8,-0.05,0.4268,0.6,0.88536,0.7,0.44392,-0.2,1.0
170,7,-0.2,0.31216,0.5,0.77072,0.55,0.25856,1.0,0.81464
171,1,1.0,0.39752,0.4,0.65608,0.4,0.0732,0.8,0.62928
172,,0.85,0.28288,0.3,0.54144,0.25,-0.11216,0.6,0.44392
173,6,0.7,0.16824,0.2,0.4268,0.1,1.0,0.4,0.25856
174,,0.55,0.0536,0.1,0.31216,-0.05,0.81464,0.2,0.0732
175,5,0.4,-0.06104,0.0,0.19752,1.0,0.62928,0.0,-0.11216
176,8,0.25,-0.17568,-0.1,0.08288,0.85,0.44392,-0.2,1.0
177,7,0.1,-0.29032,-0.2,-0.03176,0.7,0.25856,1.0,0.81464
178,2,-0.05,1.0,-0.3,-0.1464,0.55,0.0732,0.8,0.62928
179,3,-0.2,0.88536,1.0,-0.26104,0.4,-0.11216,0.6,0.44392
180,4,-0.35,0.77072,0.9,1.0,0.25,-0.29752,0.4,0.25856
181,1,1.0,0.85608,0.8,0.88536,0.1,-0.48288,0.2,0.0732
182,6,0.85,0.74144,0.7,0.77072,-0.05,1.0,0.0,-0.11216
183,8,0.7,0.6268,0.6,0.65608,-0.2,0.81464,-0.2,1.0
184,7,0.55,0.51216,0.5,0.54144,-0.35,0.62928,1.0,0.81464
185,5,0.4,0.39752,0.4,0.4268,1.0,0.44392,0.8,0.62928
186,,0.25,0.28288,0.3,0.31216,0.85,0.25856,0.6,0.44392
187,,0.1,0.16824,0.2,0.19752,0.7,0.0732,0.4,0.25856
188,,-0.05,0.0536,0.1,0.08288,0.55,-0.11216,0.2,0.0732
189,6,-0.2,-0.06104,0.0,-0.03176,0.4,1.0,0.0,-0.11216
190,1,1.0,0.02432,-0.1,-0.1464,0.25,0.81464,-0.2,-0.29752
191,8,0.85,-0.09032,-0.2,-0.26104,0.1,0.62928,-0.4,1.0
192,7,0.7,-0.20496,-0.3,-0.37568,-0.05,0.44392,1.0,0.81464
193,4,0.55,-0.3196,-0.4,1.0,-0.2,0.25856,0.8,0.62928
194,3,0.4,-0.43424,1.0,0.88536,-0.35,0.0732,0.6,0.44392
195,2,0.25,1.0,0.9,0.77072,-0.5,-0.11216,0.4,0.25856
196,5,0.1,0.88536,0.8,0.65608,1.0,-0.29752,0.2,0.0732
197,6,-0.05,0.77072,0.7,0.54144,0.85,1.0,0.0,-0.11216
198,8,-0.2,0.65608,0.6,0.4268,0.7,0.81464,-0.2,1.0
199,7,-0.35,0.54144,0.5,0.31216,0.55,0.62928,1.0,0.81464
200,1,1.0,0.6268,0.4,0.19752,0.4,0.44392,0.8,0.62928
201,,0.85,0.51216,0.3,0.08288,0.25,0.25856,0.6,0.44392
202,,0.7,0.39752,0.2,-0.03176,0.1,0.0732,0.4,0.25856
203,4,0.55,0.28288,0.1,1.0,-0.05,-0.11216,0.2,0.0732
204,6,0.4,0.16824,0.0,0.88536,-0.2,1.0,0.0,-0.11216
205,5,0.25,0.0536,-0.1,0.77072,1.0,0.81464,-0.2,-0.29752
206,8,0.1,-0.06104,-0.2,0.65608,0.85,0.62928,-0.4,1.0
207,7,-0.05,-0.17568,-0.3,0.54144,0.7,0.44392,1.0,0.81464
208,3,-0.2,-0.29032,1.0,0.4268,0.55,0.25856,0.8,0.62928
209,2,-0.35,1.0,0.9,0.31216,0.4,0.0732,0.6,0.44392
210,1,1.0,1.0,0.8,0.19752,0.25,-0.11216,0.4,0.25856
211,6,0.85,0.88536,0.7,0.08288,0.1,1.0,0.2,0.0732
212,,0.7,0.77072,0.6,-0.03176,-0.05,0.81464,0.0,-0.11216
213,8,0.55,0.65608,0.5,-0.1464,-0.2,0.62928,-0.2,1.0
214,7,0.4,0.54144,0.4,-0.26104,-0.35,0.44392,1.0,0.81464
215,5,0.25,0.4268,0.3,-0.37568,1.0,0.25856,0.8,0.62928
216,4,0.1,0.31216,0.2,1.0,0.85,0.0732,0.6,0.44392
217,,-0.05,0.19752,0.1,0.88536,0.7,-0.11216,0.4,0.25856
218,6,-0.2,0.08288,0.0,0.77072,0.55,1.0,0.2,0.0732
219,1,1.0,0.16824,-0.1,0.65608,0.4,0.81464,0.0,-0.11216
220,8,0.85,0.0536,-0.2,0.54144,0.25,0.62928,-0.2,1.0
221,7,0.7,-0.06104,-0.3,0.4268,0.1,0.44392,1.0,0.81464
222,3,0.55,-0.17568,1.0,0.31216,-0.05,0.25856,0.8,0.62928
223,2,0.4,1.0,0.9,0.19752,-0.2,0.0732,0.6,0.44392
224,5,0.25,0.88536,0.8,0.08288,1.0,-0.11216,0.4,0.25856
225,6,0.1,0.77072,0.7,-0.03176,0.85,1.0,0.2,0.0732
226,4,-0.05,0.65608,0.6,1.0,0.7,0.81464,0.0,-0.11216
227,8,-0.2,0.54144,0.5,0.88536,0.55,0.62928,-0.2,1.0
228,7,-0.35,0.4268,0.4,0.77072,0.4,0.44392,1.0,0.81464
229,1,1.0,0.51216,0.3,0.65608,0.25,0.25856,0.8,0.62928
230,,0.85,0.39752,0.2,0.54144,0.1,0.0732,0.6,0.44392
231,,0.7,0.28288,0.1,0.4268,-0.05,-0.11216,0.4,0.25856
232,6,0.55,0.16824,0.0,0.31216,-0.2,1.0,0.2,0.0732
233,5,0.4,0.0536,-0.1,0.19752,1.0,0.81464,0.0,-0.11216
234,8,0.25,-0.06104,-0.2,0.08288,0.85,0.62928,-0.2,1.0
235,7,0.1,-0.17568,-0.3,-0.03176,0.7,0.44392,1.0,0.81464
236,3,-0.05,-0.29032,1.0,-0.1464,0.55,0.25856,0.8,0.62928
237,2,-0.2,1.0,0.9,-0.26104,0.4,0.0732,0.6,0.44392
238,4,-0.35,0.88536,0.8,1.0,0.25,-0.11216,0.4,0.25856
239,1,1.0,0.97072,0.7,0.88536,0.1,-0.29752,0.2,0.0732
240,6,0.85,0.85608,0.6,0.77072,-0.05,1.0,0.0,-0.11216
241,8,0.7,0.74144,0.5,0.65608,-0.2,0.81464,-0.2,1.0
242,7,0.55,0.6268,0.4,0.54144,-0.35,0.62928,1.0,0.81464
243,5,0.4,0.51216,0.3,0.4268,1.0,0.44392,0.8,0.62928
244,,0.25,0.39752,0.2,0.31216,0.85,0.25856,0.6,0.44392
245,,0.1,0.28288,0.1,0.19752,0.7,0.0732,0.4,0.25856
246,,-0.05,0.16824,0.0,0.08288,0.55,-0.11216,0.2,0.0732
247,6,-0.2,0.0536,-0.1,-0.03176,0.4,1.0,0.0,-0.11216
248,1,1.0,0.13896,-0.2,-0.1464,0.25,0.81464,-0.2,-0.29752
249,8,0.85,0.02432,-0.3,-0.26104,0.1,0.62928,-0.4,1.0
250,7,0.7,-0.09032,-0.4,-0.37568,-0.05,0.44392,1.0,0.81464
251,3,0.55,-0.20496,1.0,-0.49032,-0.2,0.25856,0.8,0.62928
252,4,0.4,-0.3196,0.9,1.0,-0.35,0.0732,0.6,0.44392
253,5,0.25,-0.43424,0.8,0.88536,1.0,-0.11216,0.4,0.25856
254,2,0.1,1.0,0.7,0.77072,0.85,-0.29752,0.2,0.0732
255,6,-0.05,0.88536,0.6,0.65608,0.7,1.0,0.0,-0.11216
256,8,-0.2,0.77072,0.5,0.54144,0.55,0.81464,-0.2,1.0
257,7,-0.35,0.65608,0.4,0.4268,0.4,0.62928,1.0,0.81464
258,1,1.0,0.74144,0.3,0.31216,0.25,0.44392,0.8,0.62928
259,,0.85,0.6268,0.2,0.19752,0.1,0.25856,0.6,0.44392
260,,0.7,0.51216,0.1,0.08288,-0.05,0.0732,0.4,0.25856
261,5,0.55,0.39752,0.0,-0.03176,1.0,-0.11216,0.2,0.0732
262,6,0.4,0.28288,-0.1,-0.1464,0.85,1.0,0.0,-0.11216
263,4,0.25,0.16824,-0.2,1.0,0.7,0.81464,-0.2,-0.29752
264,8,0.1,0.0536,-0.3,0.88536,0.55,0.62928,-0.4,1.0
265,7,-0.05,-0.06104,-0.4,0.77072,0.4,0.44392,1.0,0.81464
266,3,-0.2,-0.17568,1.0,0.65608,0.25,0.25856,0.8,0.62928
267,1,1.0,-0.09032,0.9,0.54144,0.1,0.0732,0.6,0.44392
268,2,0.85,1.0,0.8,0.4268,-0.05,-0.11216,0.4,0.25856
269,6,0.7,0.88536,0.7,0.31216,-0.2,1.0,0.2,0.0732
270,5,0.55,0.77072,0.6,0.19752,1.0,0.81464,0.0,-0.11216
271,8,0.4,0.65608,0.5,0.08288,0.85,0.62928,-0.2,1.0
272,7,0.25,0.54144,0.4,-0.03176,0.7,0.44392,1.0,0.81464
273,4,0.1,0.4268,0.3,1.0,0.55,0.25856,0.8,0.62928
274,,-0.05,0.31216,0.2,0.88536,0.4,0.0732,0.6,0.44392
275,1,1.0,0.39752,0.1,0.77072,0.25,-0.11216,0.4,0.25856
276,6,0.85,0.28288,0.0,0.65608,0.1,1.0,0.2,0.0732
277,,0.7,0.16824,-0.1,0.54144,-0.05,0.81464,0.0,-0.11216
278,8,0.55,0.0536,-0.2,0.4268,-0.2,0.62928,-0.2,1.0
279,3,0.4,-0.06104,1.0,0.31216,-0.35,0.44392,-0.4,0.81464
280,7,0.25,-0.17568,0.9,0.19752,-0.5,0.25856,1.0,0.62928
281,5,0.1,-0.29032,0.8,0.08288,1.0,0.0732,0.8,0.44392
282,2,-0.05,1.0,0.7,-0.03176,0.85,-0.11216,0.6,0.25856
283,6,-0.2,0.88536,0.6,-0.1464,0.7,1.0,0.4,0.0732
284,1,1.0,0.97072,0.5,-0.26104,0.55,0.81464,0.2,-0.11216
285,4,0.85,0.85608,0.4,1.0,0.4,0.62928,0.0,-0.29752
286,8,0.7,0.74144,0.3,0.88536,0.25,0.44392,-0.2,1.0
287,7,0.55,0.6268,0.2,0.77072,0.1,0.25856,1.0,0.81464
288,,0.4,0.51216,0.1,0.65608,-0.05,0.0732,0.8,0.62928
289,5,0.25,0.39752,0.0,0.54144,1.0,-0.11216,0.6,0.44392
290,6,0.1,0.28288,-0.1,0.4268,0.85,1.0,0.4,0.25856
291,3,-0.05,0.16824,1.0,0.31216,0.7,0.81464,0.2,0.0732
292,1,1.0,0.2536,0.9,0.19752,0.55,0.62928,0.0,-0.11216
293,8,0.85,0.13896,0.8,0.08288,0.4,0.44392,-0.2,1.0
294,7,0.7,0.02432,0.7,-0.03176,0.25,0.25856,1.0,0.81464
295,4,0.55,-0.09032,0.6,1.0,0.1,0.0732,0.8,0.62928
296,2,0.4,1.0,0.5,0.88536,-0.05,-0.11216,0.6,0.44392
297,6,0.25,0.88536,0.4,0.77072,-0.2,1.0,0.4,0.25856
298,5,0.1,0.77072,0.3,0.65608,1.0,0.81464,0.2,0.0732
299,,-0.05,0.65608,0.2,0.54144,0.85,0.62928,0.0,-0.11216
300,8,-0.2,0.54144,0.1,0.4268,0.7,0.44392,-0.2,1.0
301,1,1.0,0.6268,0.0,0.31216,0.55,0.25856,-0.4,0.81464
302,7,0.85,0.51216,-0.1,0.19752,0.4,0.0732,1.0,0.62928
303,3,0.7,0.39752,1.0,0.08288,0.25,-0.11216,0.8,0.44392
304,6,0.55,0.28288,0.9,-0.03176,0.1,1.0,0.6,0.25856
305,4,0.4,0.16824,0.8,1.0,-0.05,0.81464,0.4,0.0732
306,5,0.25,0.0536,0.7,0.88536,1.0,0.62928,0.2,-0.11216
307,8,0.1,-0.06104,0.6,0.77072,0.85,0.44392,0.0,1.0
308,2,-0.05,1.0,0.5,0.65608,0.7,0.25856,-0.2,0.81464
309,7,-0.2,0.88536,0.4,0.54144,0.55,0.0732,1.0,0.62928
310,1,1.0,0.97072,0.3,0.4268,0.4,-0.11216,0.8,0.44392
311,6,0.85,0.85608,0.2,0.31216,0.25,1.0,0.6,0.25856
312,,0.7,0.74144,0.1,0.19752,0.1,0.81464,0.4,0.0732
313,,0.55,0.6268,0.0,0.08288,-0.05,0.62928,0.2,-0.11216
314,8,0.4,0.51216,-0.1,-0.03176,-0.2,0.44392,0.0,1.0
315,5,0.25,0.39752,-0.2,-0.1464,1.0,0.25856,-0.2,0.81464
316,7,0.1,0.28288,-0.3,-0.26104,0.85,0.0732,1.0,0.62928
317,3,-0.05,0.16824,1.0,-0.37568,0.7,-0.11216,0.8,0.44392
318,4,-0.2,0.0536,0.9,1.0,0.55,-0.29752,0.6,0.25856
319,6,-0.35,-0.06104,0.8,0.88536,0.4,1.0,0.4,0.0732
320,1,1.0,0.02432,0.7,0.77072,0.25,0.81464,0.2,-0.11216
321,8,0.85,-0.09032,0.6,0.65608,0.1,0.62928,0.0,1.0
322,2,0.7,1.0,0.5,0.54144,-0.05,0.44392,-0.2,0.81464
323,7,0.55,0.88536,0.4,0.4268,-0.2,0.25856,1.0,0.62928
324,5,0.4,0.77072,0.3,0.31216,1.0,0.0732,0.8,0.44392
325,,0.25,0.65608,0.2,0.19752,0.85,-0.11216,0.6,0.25856
326,6,0.1,0.54144,0.1,0.08288,0.7,1.0,0.4,0.0732
327,,-0.05,0.4268,0.0,-0.03176,0.55,0.81464,0.2,-0.11216
328,8,-0.2,0.31216,-0.1,-0.1464,0.4,0.62928,0.0,1.0
329,1,1.0,0.39752,-0.2,-0.26104,0.25,0.44392,-0.2,0.81464
330,4,0.85,0.28288,-0.3,1.0,0.1,0.25856,-0.4,0.62928
331,7,0.7,0.16824,-0.4,0.88536,-0.05,0.0732,1.0,0.44392
332,3,0.55,0.0536,1.0,0.77072,-0.2,-0.11216,0.8,0.25856
333,5,0.4,-0.06104,0.9,0.65608,1.0,-0.29752,0.6,0.0732
334,6,0.25,-0.17568,0.8,0.54144,0.85,1.0,0.4,-0.11216
335,2,0.1,1.0,0.7,0.4268,0.7,0.81464,0.2,-0.29752
336,8,-0.05,0.88536,0.6,0.31216,0.55,0.62928,0.0,1.0
337,1,1.0,0.97072,0.5,0.19752,0.4,0.44392,-0.2,0.81464
338,7,0.85,0.85608,0.4,0.08288,0.25,0.25856,1.0,0.62928
339,,0.7,0.74144,0.3,-0.03176,0.1,0.0732,0.8,0.44392
340,4,0.55,0.6268,0.2,1.0,-0.05,-0.11216,0.6,0.25856
341,6,0.4,0.51216,0.1,0.88536,-0.2,1.0,0.4,0.0732
342,5,0.25,0.39752,0.0,0.77072,1.0,0.81464,0.2,-0.11216
343,8,0.1,0.28288,-0.1,0.65608,0.85,0.62928,0.0,1.0
344,3,-0.05,0.16824,1.0,0.54144,0.7,0.44392,-0.2,0.81464
345,7,-0.2,0.0536,0.9,0.4268,0.55,0.25856,1.0,0.62928
346,1,1.0,0.13896,0.8,0.31216,0.4,0.0732,0.8,0.44392
347,,0.85,0.02432,0.7,0.19752,0.25,-0.11216,0.6,0.25856
348,6,0.7,-0.09032,0.6,0.08288,0.1,1.0,0.4,0.0732
349,2,0.55,1.0,0.5,-0.03176,-0.05,0.81464,0.2,-0.11216
350,8,0.4,0.88536,0.4,-0.1464,-0.2,0.62928,0.0,1.0
351,5,0.25,0.77072,0.3,-0.26104,1.0,0.44392,-0.2,0.81464
352,4,0.1,0.65608,0.2,1.0,0.85,0.25856,-0.4,0.62928
353,7,-0.05,0.54144,0.1,0.88536,0.7,0.0732,1.0,0.44392
354,1,1.0,0.6268,0.0,0.77072,0.55,-0.11216,0.8,0.25856
355,6,0.85,0.51216,-0.1,0.65608,0.4,1.0,0.6,0.0732
356,3,0.7,0.39752,1.0,0.54144,0.25,0.81464,0.4,-0.11216
357,8,0.55,0.28288,0.9,0.4268,0.1,0.62928,0.2,1.0
358,,0.4,0.16824,0.8,0.31216,-0.05,0.44392,0.0,0.81464
359,5,0.25,0.0536,0.7,0.19752,1.0,0.25856,-0.2,0.62928
360,7,0.1,-0.06104,0.6,0.08288,0.85,0.0732,1.0,0.44392
361,2,-0.05,1.0,0.5,-0.03176,0.7,-0.11216,0.8,0.25856
362,6,-0.2,0.88536,0.4,-0.1464,0.55,1.0,0.6,0.0732
363,1,1.0,0.97072,0.3,-0.26104,0.4,0.81464,0.4,-0.11216
364,4,0.85,0.85608,0.2,1.0,0.25,0.62928,0.2,-0.29752
365,8,0.7,0.74144,0.1,0.88536,0.1,0.44392,0.0,1.0
366,,0.55,0.6268,0.0,0.77072,-0.05,0.25856,-0.2,0.81464
367,7,0.4,0.51216,-0.1,0.65608,-0.2,0.0732,1.0,0.62928
368,5,0.25,0.39752,-0.2,0.54144,1.0,-0.11216,0.8,0.44392
369,3,0.1,0.28288,1.0,0.4268,0.85,-0.29752,0.6,0.25856
370,6,-0.05,0.16824,0.9,0.31216,0.7,1.0,0.4,0.0732
371,1,1.0,0.2536,0.8,0.19752,0.55,0.81464,0.2,-0.11216
372,8,0.85,0.13896,0.7,0.08288,0.4,0.62928,0.0,1.0
373,,0.7,0.02432,0.6,-0.03176,0.25,0.44392,-0.2,0.81464
374,7,0.55,-0.09032,0.5,-0.1464,0.1,0.25856,1.0,0.62928
375,4,0.4,-0.20496,0.4,1.0,-0.05,0.0732,0.8,0.44392
376,2,0.25,1.0,0.3,0.88536,-0.2,-0.11216,0.6,0.25856
377,5,0.1,0.88536,0.2,0.77072,1.0,-0.29752,0.4,0.0732
378,6,-0.05,0.77072,0.1,0.65608,0.85,1.0,0.2,-0.11216
379,8,-0.2,0.65608,0.0,0.54144,0.7,0.81464,0.0,1.0
380,1,1.0,0.74144,-0.1,0.4268,0.55,0.62928,-0.2,0.81464
381,7,0.85,0.6268,-0.2,0.31216,0.4,0.44392,1.0,0.62928
382,3,0.7,0.51216,1.0,0.19752,0.25,0.25856,0.8,0.44392
383,,0.55,0.39752,0.9,0.08288,0.1,0.0732,0.6,0.25856
384,,0.4,0.28288,0.8,-0.03176,-0.05,-0.11216,0.4,0.0732
385,6,0.25,0.16824,0.7,-0.1464,-0.2,1.0,0.2,-0.11216
386,5,0.1,0.0536,0.6,-0.26104,1.0,0.81464,0.0,-0.29752
387,8,-0.05,-0.06104,0.5,-0.37568,0.85,0.62928,-0.2,1.0
388,4,-0.2,-0.17568,0.4,1.0,0.7,0.44392,-0.4,0.81464
389,7,-0.35,-0.29032,0.3,0.88536,0.55,0.25856,1.0,0.62928
390,1,1.0,-0.20496,0.2,0.77072,0.4,0.0732,0.8,0.44392
391,2,0.85,1.0,0.1,0.65608,0.25,-0.11216,0.6,0.25856
392,6,0.7,0.88536,0.0,0.54144,0.1,1.0,0.4,0.0732
393,,0.55,0.77072,-0.1,0.4268,-0.05,0.81464,0.2,-0.11216
394,8,0.4,0.65608,-0.2,0.31216,-0.2,0.62928,0.0,1.0
395,5,0.25,0.54144,-0.3,0.19752,1.0,0.44392,-0.2,0.81464
396,3,0.1,0.4268,1.0,0.08288,0.85,0.25856,-0.4,0.62928
397,7,-0.05,0.31216,0.9,-0.03176,0.7,0.0732,1.0,0.44392
398,1,1.0,0.39752,0.8,-0.1464,0.55,-0.11216,0.8,0.25856
399,4,0.85,0.28288,0.7,1.0,0.4,-0.29752,0.6,0.0732
400,6,0.7,0.16824,0.6,0.88536,0.25,1.0,0.4,-0.11216
401,8,0.55,0.0536,0.5,0.77072,0.1,0.81464,0.2,1.0
402,,0.4,-0.06104,0.4,0.65608,-0.05,0.62928,0.0,0.81464
403,2,0.25,1.0,0.3,0.54144,-0.2,0.44392,-0.2,0.62928
404,7,0.1,0.88536,0.2,0.4268,-0.35,0.25856,1.0,0.44392
405,5,-0.05,0.77072,0.1,0.31216,1.0,0.0732,0.8,0.25856
406,1,1.0,0.85608,0.0,0.19752,0.85,-0.11216,0.6,0.0732
407,6,0.85,0.74144,-0.1,0.08288,0.7,1.0,0.4,-0.11216
408,8,0.7,0.6268,-0.2,-0.03176,0.55,0.81464,0.2,1.0
409,3,0.55,0.51216,1.0,-0.1464,0.4,0.62928,0.0,0.81464
410,4,0.4,0.39752,0.9,1.0,0.25,0.44392,-0.2,0.62928
411,7,0.25,0.28288,0.8,0.88536,0.1,0.25856,1.0,0.44392
412,,0.1,0.16824,0.7,0.77072,-0.05,0.0732,0.8,0.25856
413,5,-0.05,0.0536,0.6,0.65608,1.0,-0.11216,0.6,0.0732
414,6,-0.2,-0.06104,0.5,0.54144,0.85,1.0,0.4,-0.11216
415,1,1.0,0.02432,0.4,0.4268,0.7,0.81464,0.2,-0.29752
416,8,0.85,-0.09032,0.3,0.31216,0.55,0.62928,0.0,1.0
417,2,0.7,1.0,0.2,0.19752,0.4,0.44392,-0.2,0.81464
418,7,0.55,0.88536,0.1,0.08288,0.25,0.25856,1.0,0.62928
419,,0.4,0.77072,0.0,-0.03176,0.1,0.0732,0.8,0.44392
420,4,0.25,0.65608,-0.1,1.0,-0.05,-0.11216,0.6,0.25856
421,6,0.1,0.54144,-0.2,0.88536,-0.2,1.0,0.4,0.0732
422,3,-0.05,0.4268,1.0,0.77072,-0.35,0.81464,0.2,-0.11216
423,5,-0.2,0.31216,0.9,0.65608,1.0,0.62928,0.0,-0.29752
424,8,-0.35,0.19752,0.8,0.54144,0.85,0.44392,-0.2,1.0
425,1,1.0,0.28288,0.7,0.4268,0.7,0.25856,-0.4,0.81464
426,7,0.85,0.16824,0.6,0.31216,0.55,0.0732,1.0,0.62928
427,,0.7,0.0536,0.5,0.19752,0.4,-0.11216,0.8,0.44392
428,6,0.55,-0.06104,0.4,0.08288,0.25,1.0,0.6,0.25856
429,2,0.4,1.0,0.3,-0.03176,0.1,0.81464,0.4,0.0732
430,4,0.25,0.88536,0.2,1.0,-0.05,0.62928,0.2,-0.11216
431,8,0.1,0.77072,0.1,0.88536,-0.2,0.44392,0.0,1.0
432,5,-0.05,0.65608,0.0,0.77072,1.0,0.25856,-0.2,0.81464
433,7,-0.2,0.54144,-0.1,0.65608,0.85,0.0732,1.0,0.62928
434,1,1.0,0.6268,-0.2,0.54144,0.7,-0.11216,0.8,0.44392
435,3,0.85,0.51216,1.0,0.4268,0.55,-0.29752,0.6,0.25856
436,6,0.7,0.39752,0.9,0.31216,0.4,1.0,0.4,0.0732
437,,0.55,0.28288,0.8,0.19752,0.25,0.81464,0.2,-0.11216
438,8,0.4,0.16824,0.7,0.08288,0.1,0.62928,0.0,1.0
439,,0.25,0.0536,0.6,-0.03176,-0.05,0.44392,-0.2,0.81464
440,7,0.1,-0.06104,0.5,-0.1464,-0.2,0.25856,1.0,0.62928
441,5,-0.05,-0.17568,0.4,-0.26104,1.0,0.0732,0.8,0.44392
442,4,-0.2,-0.29032,0.3,1.0,0.85,-0.11216,0.6,0.25856
443,2,-0.35,1.0,0.2,0.88536,0.7,-0.29752,0.4,0.0732
444,1,1.0,1.0,0.1,0.77072,0.55,-0.48288,0.2,-0.11216
445,6,0.85,0.88536,0.0,0.65608,0.4,1.0,0.0,-0.29752
446,8,0.7,0.77072,-0.1,0.54144,0.25,0.81464,-0.2,1.0
447,7,0.55,0.65608,-0.2,0.4268,0.1,0.62928,1.0,0.81464
448,3,0.4,0.54144,1.0,0.31216,-0.05,0.44392,0.8,0.62928
449,5,0.25,0.4268,0.9,0.19752,1.0,0.25856,0.6,0.44392
450,,0.1,0.31216,0.8,0.08288,0.85,0.0732,0.4,0.25856
451,,-0.05,0.19752,0.7,-0.03176,0.7,-0.11216,0.2,0.0732
452,6,-0.2,0.08288,0.6,-0.1464,0.55,1.0,0.0,-0.11216
453,1,1.0,0.16824,0.5,-0.26104,0.4,0.81464,-0.2,-0.29752
454,8,0.85,0.0536,0.4,-0.37568,0.25,0.62928,-0.4,1.0
455,7,0.7,-0.06104,0.3,-0.49032,0.1,0.44392,1.0,0.81464
456,4,0.55,-0.17568,0.2,1.0,-0.05,0.25856,0.8,0.62928
457,2,0.4,1.0,0.1,0.88536,-0.2,0.0732,0.6,0.44392
458,5,0.25,0.88536,0.0,0.77072,1.0,-0.11216,0.4,0.25856
459,6,0.1,0.77072,-0.1,0.65608,0.85,1.0,0.2,0.0732
460,3,-0.05,0.65608,1.0,0.54144,0.7,0.81464,0.0,-0.11216
461,8,-0.2,0.54144,0.9,0.4268,0.55,0.62928,-0.2,1.0
462,7,-0.35,0.4268,0.8,0.31216,0.4,0.44392,1.0,0.81464
463,1,1.0,0.51216,0.7,0.19752,0.25,0.25856,0.8,0.62928
464,,0.85,0.39752,0.6,0.08288,0.1,0.0732,0.6,0.44392
465,,0.7,0.28288,0.5,-0.03176,-0.05,-0.11216,0.4,0.25856
466,6,0.55,0.16824,0.4,-0.1464,-0.2,1.0,0.2,0.0732
467,5,0.4,0.0536,0.3,-0.26104,1.0,0.81464,0.0,-0.11216
468,4,0.25,-0.06104,0.2,1.0,0.85,0.62928,-0.2,-0.29752
469,8,0.1,-0.17568,0.1,0.88536,0.7,0.44392,-0.4,1.0
470,7,-0.05,-0.29032,0.0,0.77072,0.55,0.25856,1.0,0.81464
471,2,-0.2,1.0,-0.1,0.65608,0.4,0.0732,0.8,0.62928
472,1,1.0,1.0,-0.2,0.54144,0.25,-0.11216,0.6,0.44392
473,3,0.85,0.88536,1.0,0.4268,0.1,-0.29752,0.4,0.25856
474,6,0.7,0.77072,0.9,0.31216,-0.05,1.0,0.2,0.0732
475,5,0.55,0.65608,0.8,0.19752,1.0,0.81464,0.0,-0.11216
476,8,0.4,0.54144,0.7,0.08288,0.85,0.62928,-0.2,1.0
477,7,0.25,0.4268,0.6,-0.03176,0.7,0.44392,1.0,0.81464
478,4,0.1,0.31216,0.5,1.0,0.55,0.25856,0.8,0.62928
479,,-0.05,0.19752,0.4,0.88536,0.4,0.0732,0.6,0.44392
480,1,1.0,0.28288,0.3,0.77072,0.25,-0.11216,0.4,0.25856
481,6,0.85,0.16824,0.2,0.65608,0.1,1.0,0.2,0.0732
482,,0.7,0.0536,0.1,0.54144,-0.05,0.81464,0.0,-0.11216
483,8,0.55,-0.06104,0.0,0.4268,-0.2,0.62928,-0.2,1.0
484,5,0.4,-0.17568,-0.1,0.31216,1.0,0.44392,-0.4,0.81464
485,7,0.25,-0.29032,-0.2,0.19752,0.85,0.25856,1.0,0.62928
486,2,0.1,1.0,-0.3,0.08288,0.7,0.0732,0.8,0.44392
487,3,-0.05,0.88536,1.0,-0.03176,0.55,-0.11216,0.6,0.25856
488,6,-0.2,0.77072,0.9,-0.1464,0.4,1.0,0.4,0.0732
489,1,1.0,0.85608,0.8,-0.26104,0.25,0.81464,0.2,-0.11216
490,4,0.85,0.74144,0.7,1.0,0.1,0.62928,0.0,-0.29752
491,8,0.7,0.6268,0.6,0.88536,-0.05,0.44392,-0.2,1.0
492,7,0.55,0.51216,0.5,0.77072,-0.2,0.25856,1.0,0.81464
493,5,0.4,0.39752,0.4,0.65608,1.0,0.0732,0.8,0.62928
494,,0.25,0.28288,0.3,0.54144,0.85,-0.11216,0.6,0.44392
495,6,0.1,0.16824,0.2,0.4268,0.7,1.0,0.4,0.25856
496,,-0.05,0.0536,0.1,0.31216,0.55,0.81464,0.2,0.0732
497,1,1.0,0.13896,0.0,0.19752,0.4,0.62928,0.0,-0.11216
498,8,0.85,0.02432,-0.1,0.08288,0.25,0.44392,-0.2,1.0
499,7,0.7,-0.09032,-0.2,-0.03176,0.1,0.25856,1.0,0.81464
500,3,0.55,-0.20496,1.0,-0.1464,-0.05,0.0732,0.8,0.62928
501,2,0.4,1.0,0.9,-0.26104,-0.2,-0.11216,0.6,0.44392
502,4,0.25,0.88536,0.8,1.0,-0.35,-0.29752,0.4,0.25856
503,5,0.1,0.77072,0.7,0.88536,1.0,-0.48288,0.2,0.0732
504,6,-0.05,0.65608,0.6,0.77072,0.85,1.0,0.0,-0.11216
505,8,-0.2,0.54144,0.5,0.65608,0.7,0.81464,-0.2,1.0
506,1,1.0,0.6268,0.4,0.54144,0.55,0.62928,-0.4,0.81464
507,7,0.85,0.51216,0.3,0.4268,0.4,0.44392,1.0,0.62928
508,,0.7,0.39752,0.2,0.31216,0.25,0.25856,0.8,0.44392
509,,0.55,0.28288,0.1,0.19752,0.1,0.0732,0.6,0.25856
510,,0.4,0.16824,0.0,0.08288,-0.05,-0.11216,0.4,0.0732
511,6,0.25,0.0536,-0.1,-0.03176,-0.2,1.0,0.2,-0.11216
512,5,0.1,-0.06104,-0.2,-0.1464,1.0,0.81464,0.0,-0.29752
513,8,-0.05,-0.17568,-0.3,-0.26104,0.85,0.62928,-0.2,1.0
514,3,-0.2,-0.29032,1.0,-0.37568,0.7,0.44392,-0.4,0.81464
515,7,-0.35,-0.40496,0.9,-0.49032,0.55,0.25856,1.0,0.62928
516,4,-0.5,-0.5196,0.8,1.0,0.4,0.0732,0.8,0.44392
517,2,-0.65,1.0,0.7,0.88536,0.25,-0.11216,0.6,0.25856
518,1,1.0,1.0,0.6,0.77072,0.1,-0.29752,0.4,0.0732
519,6,0.85,0.88536,0.5,0.65608,-0.05,1.0,0.2,-0.11216
520,8,0.7,0.77072,0.4,0.54144,-0.2,0.81464,0.0,1.0
521,5,0.55,0.65608,0.3,0.4268,1.0,0.62928,-0.2,0.81464
522,7,0.4,0.54144,0.2,0.31216,0.85,0.44392,1.0,0.62928
523,,0.25,0.4268,0.1,0.19752,0.7,0.25856,0.8,0.44392
524,,0.1,0.31216,0.0,0.08288,0.55,0.0732,0.6,0.25856
525,,-0.05,0.19752,-0.1,-0.03176,0.4,-0.11216,0.4,0.0732
526,6,-0.2,0.08288,-0.2,-0.1464,0.25,1.0,0.2,-0.11216
527,1,1.0,0.16824,-0.3,-0.26104,0.1,0.81464,0.0,-0.29752
528,3,0.85,0.0536,1.0,-0.37568,-0.05,0.62928,-0.2,-0.48288
529,8,0.7,-0.06104,0.9,-0.49032,-0.2,0.44392,-0.4,1.0
530,4,0.55,-0.17568,0.8,1.0,-0.35,0.25856,-0.6,0.81464
531,7,0.4,-0.29032,0.7,0.88536,-0.5,0.0732,1.0,0.62928
532,5,0.25,-0.40496,0.6,0.77072,1.0,-0.11216,0.8,0.44392
533,2,0.1,1.0,0.5,0.65608,0.85,-0.29752,0.6,0.25856
534,6,-0.05,0.88536,0.4,0.54144,0.7,1.0,0.4,0.0732
535,1,1.0,0.97072,0.3,0.4268,0.55,0.81464,0.2,-0.11216
536,8,0.85,0.85608,0.2,0.31216,0.4,0.62928,0.0,1.0
537,,0.7,0.74144,0.1,0.19752,0.25,0.44392,-0.2,0.81464
538,7,0.55,0.6268,0.0,0.08288,0.1,0.25856,1.0,0.62928
539,,0.4,0.51216,-0.1,-0.03176,-0.05,0.0732,0.8,0.44392
540,3,0.25,0.39752,1.0,-0.1464,-0.2,-0.11216,0.6,0.25856
541,5,0.1,0.28288,0.9,-0.26104,1.0,-0.29752,0.4,0.0732
542,6,-0.05,0.16824,0.8,-0.37568,0.85,1.0,0.2,-0.11216
543,4,-0.2,0.0536,0.7,1.0,0.7,0.81464,0.0,-0.29752
544,8,-0.35,-0.06104,0.6,0.88536,0.55,0.62928,-0.2,1.0
545,1,1.0,0.02432,0.5,0.77072,0.4,0.44392,-0.4,0.81464
546,7,0.85,-0.09032,0.4,0.65608,0.25,0.25856,1.0,0.62928
547,2,0.7,1.0,0.3,0.54144,0.1,0.0732,0.8,0.44392
548,,0.55,0.88536,0.2,0.4268,-0.05,-0.11216,0.6,0.25856
549,6,0.4,0.77072,0.1,0.31216,-0.2,1.0,0.4,0.0732
550,5,0.25,0.65608,0.0,0.19752,1.0,0.81464,0.2,-0.11216
551,8,0.1,0.54144,-0.1,0.08288,0.85,0.62928,0.0,1.0
552,3,-0.05,0.4268,1.0,-0.03176,0.7,0.44392,-0.2,0.81464
553,7,-0.2,0.31216,0.9,-0.1464,0.55,0.25856,1.0,0.62928
554,1,1.0,0.39752,0.8,-0.26104,0.4,0.0732,0.8,0.44392
555,4,0.85,0.28288,0.7,1.0,0.25,-0.11216,0.6,0.25856
556,6,0.7,0.16824,0.6,0.88536,0.1,1.0,0.4,0.0732
557,,0.55,0.0536,0.5,0.77072,-0.05,0.81464,0.2,-0.11216
558,8,0.4,-0.06104,0.4,0.65608,-0.2,0.62928,0.0,1.0
559,5,0.25,-0.17568,0.3,0.54144,1.0,0.44392,-0.2,0.81464
560,7,0.1,-0.29032,0.2,0.4268,0.85,0.25856,1.0,0.62928
561,2,-0.05,1.0,0.1,0.31216,0.7,0.0732,0.8,0.44392
562,1,1.0,1.0,0.0,0.19752,0.55,-0.11216,0.6,0.25856
563,6,0.85,0.88536,-0.1,0.08288,0.4,1.0,0.4,0.0732
564,3,0.7,0.77072,1.0,-0.03176,0.25,0.81464,0.2,-0.11216
565,8,0.55,0.65608,0.9,-0.1464,0.1,0.62928,0.0,1.0
566,4,0.4,0.54144,0.8,1.0,-0.05,0.44392,-0.2,0.81464
567,7,0.25,0.4268,0.7,0.88536,-0.2,0.25856,1.0,0.62928
568,5,0.1,0.31216,0.6,0.77072,1.0,0.0732,0.8,0.44392
569,,-0.05,0.19752,0.5,0.65608,0.85,-0.11216,0.6,0.25856
570,6,-0.2,0.08288,0.4,0.54144,0.7,1.0,0.4,0.0732
571,1,1.0,0.16824,0.3,0.4268,0.55,0.81464,0.2,-0.11216
572,8,0.85,0.0536,0.2,0.31216,0.4,0.62928,0.0,1.0
573,,0.7,-0.06104,0.1,0.19752,0.25,0.44392,-0.2,0.81464
574,7,0.55,-0.17568,0.0,0.08288,0.1,0.25856,1.0,0.62928
575,2,0.4,1.0,-0.1,-0.03176,-0.05,0.0732,0.8,0.44392
576,3,0.25,0.88536,1.0,-0.1464,-0.2,-0.11216,0.6,0.25856
577,5,0.1,0.77072,0.9,-0.26104,1.0,-0.29752,0.4,0.0732
578,6,-0.05,0.65608,0.8,-0.37568,0.85,1.0,0.2,-0.11216
579,4,-0.2,0.54144,0.7,1.0,0.7,0.81464,0.0,-0.29752
580,8,-0.35,0.4268,0.6,0.88536,0.55,0.62928,-0.2,1.0
581,1,1.0,0.51216,0.5,0.77072,0.4,0.44392,-0.4,0.81464
582,7,0.85,0.39752,0.4,0.65608,0.25,0.25856,1.0,0.62928
583,,0.7,0.28288,0.3,0.54144,0.1,0.0732,0.8,0.44392
584,,0.55,0.16824,0.2,0.4268,-0.05,-0.11216,0.6,0.25856
585,6,0.4,0.0536,0.1,0.31216,-0.2,1.0,0.4,0.0732
586,5,0.25,-0.06104,0.0,0.19752,1.0,0.81464,0.2,-0.11216
587,8,0.1,-0.17568,-0.1,0.08288,0.85,0.62928,0.0,1.0
588,2,-0.05,1.0,-0.2,-0.03176,0.7,0.44392,-0.2,0.81464
589,3,-0.2,0.88536,1.0,-0.1464,0.55,0.25856,-0.4,0.62928
590,7,-0.35,0.77072,0.9,-0.26104,0.4,0.0732,1.0,0.44392
591,1,1.0,0.85608,0.8,-0.37568,0.25,-0.11216,0.8,0.25856
592,4,0.85,0.74144,0.7,1.0,0.1,-0.29752,0.6,0.0732
593,6,0.7,0.6268,0.6,0.88536,-0.05,1.0,0.4,-0.11216
594,8,0.55,0.51216,0.5,0.77072,-0.2,0.81464,0.2,1.0
595,5,0.4,0.39752,0.4,0.65608,1.0,0.62928,0.0,0.81464
596,,0.25,0.28288,0.3,0.54144,0.85,0.44392,-0.2,0.62928
597,7,0.1,0.16824,0.2,0.4268,0.7,0.25856,1.0,0.44392
598,,-0.05,0.0536,0.1,0.31216,0.55,0.0732,0.8,0.25856
599,1,1.0,0.13896,0.0,0.19752,0.4,-0.11216,0.6,0.0732
600,6,0.85,0.02432,-0.1,0.08288,0.25,1.0,0.4,-0.11216
601,8,0.7,-0.09032,-0.2,-0.03176,0.1,0.81464,0.2,1.0
602,3,0.55,-0.20496,1.0,-0.1464,-0.05,0.62928,0.0,0.81464
603,2,0.4,1.0,0.9,-0.26104,-0.2,0.44392,-0.2,0.62928
604,4,0.25,0.88536,0.8,1.0,-0.35,0.25856,-0.4,0.44392
605,7,0.1,0.77072,0.7,0.88536,-0.5,0.0732,1.0,0.25856
606,5,-0.05,0.65608,0.6,0.77072,1.0,-0.11216,0.8,0.0732
607,6,-0.2,0.54144,0.5,0.65608,0.85,1.0,0.6,-0.11216
608,1,1.0,0.6268,0.4,0.54144,0.7,0.81464,0.4,-0.29752
609,8,0.85,0.51216,0.3,0.4268,0.55,0.62928,0.2,1.0
610,,0.7,0.39752,0.2,0.31216,0.4,0.44392,0.0,0.81464
611,,0.55,0.28288,0.1,0.19752,0.25,0.25856,-0.2,0.62928
612,7,0.4,0.16824,0.0,0.08288,0.1,0.0732,1.0,0.44392
613,,0.25,0.0536,-0.1,-0.03176,-0.05,-0.11216,0.8,0.25856
614,6,0.1,-0.06104,-0.2,-0.1464,-0.2,1.0,0.6,0.0732
615,3,-0.05,-0.17568,1.0,-0.26104,-0.35,0.81464,0.4,-0.11216
616,5,-0.2,-0.29032,0.9,-0.37568,1.0,0.62928,0.2,-0.29752
617,4,-0.35,-0.40496,0.8,1.0,0.85,0.44392,0.0,-0.48288
618,8,-0.5,-0.5196,0.7,0.88536,0.7,0.25856,-0.2,1.0
619,2,-0.65,1.0,0.6,0.77072,0.55,0.0732,-0.4,0.81464
620,1,1.0,1.0,0.5,0.65608,0.4,-0.11216,-0.6,0.62928
621,7,0.85,0.88536,0.4,0.54144,0.25,-0.29752,1.0,0.44392
622,6,0.7,0.77072,0.3,0.4268,0.1,1.0,0.8,0.25856
623,,0.55,0.65608,0.2,0.31216,-0.05,0.81464,0.6,0.0732
624,5,0.4,0.54144,0.1,0.19752,1.0,0.62928,0.4,-0.11216
625,8,0.25,0.4268,0.0,0.08288,0.85,0.44392,0.2,1.0
626,,0.1,0.31216,-0.1,-0.03176,0.7,0.25856,0.0,0.81464
627,3,-0.05,0.19752,1.0,-0.1464,0.55,0.0732,-0.2,0.62928
628,7,-0.2,0.08288,0.9,-0.26104,0.4,-0.11216,1.0,0.44392
629,4,-0.35,-0.03176,0.8,1.0,0.25,-0.29752,0.8,0.25856
630,1,1.0,0.0536,0.7,0.88536,0.1,-0.48288,0.6,0.0732
631,6,0.85,-0.06104,0.6,0.77072,-0.05,1.0,0.4,-0.11216
632,8,0.7,-0.17568,0.5,0.65608,-0.2,0.81464,0.2,1.0
633,5,0.55,-0.29032,0.4,0.54144,1.0,0.62928,0.0,0.81464
634,2,0.4,1.0,0.3,0.4268,0.85,0.44392,-0.2,0.62928
635,7,0.25,0.88536,0.2,0.31216,0.7,0.25856,1.0,0.44392
636,,0.1,0.77072,0.1,0.19752,0.55,0.0732,0.8,0.25856
637,,-0.05,0.65608,0.0,0.08288,0.4,-0.11216,0.6,0.0732
638,6,-0.2,0.54144,-0.1,-0.03176,0.25,1.0,0.4,-0.11216
639,1,1.0,0.6268,-0.2,-0.1464,0.1,0.81464,0.2,-0.29752
640,8,0.85,0.51216,-0.3,-0.26104,-0.05,0.62928,0.0,1.0
641,3,0.7,0.39752,1.0,-0.37568,-0.2,0.44392,-0.2,0.81464
642,4,0.55,0.28288,0.9,1.0,-0.35,0.25856,-0.4,0.62928
643,7,0.4,0.16824,0.8,0.88536,-0.5,0.0732,1.0,0.44392
644,5,0.25,0.0536,0.7,0.77072,1.0,-0.11216,0.8,0.25856
645,6,0.1,-0.06104,0.6,0.65608,0.85,1.0,0.6,0.0732
646,2,-0.05,1.0,0.5,0.54144,0.7,0.81464,0.4,-0.11216
647,8,-0.2,0.88536,0.4,0.4268,0.55,0.62928,0.2,1.0
648,1,1.0,0.97072,0.3,0.31216,0.4,0.44392,0.0,0.81464
649,,0.85,0.85608,0.2,0.19752,0.25,0.25856,-0.2,0.62928
650,7,0.7,0.74144,0.1,0.08288,0.1,0.0732,1.0,0.44392
651,,0.55,0.6268,0.0,-0.03176,-0.05,-0.11216,0.8,0.25856
652,6,0.4,0.51216,-0.1,-0.1464,-0.2,1.0,0.6,0.0732
653,5,0.25,0.39752,-0.2,-0.26104,1.0,0.81464,0.4,-0.11216
654,4,0.1,0.28288,-0.3,1.0,0.85,0.62928,0.2,-0.29752
655,3,-0.05,0.16824,1.0,0.88536,0.7,0.44392,0.0,-0.48288
656,8,-0.2,0.0536,0.9,0.77072,0.55,0.25856,-0.2,1.0
657,7,-0.35,-0.06104,0.8,0.65608,0.4,0.0732,1.0,0.81464
658,1,1.0,0.02432,0.7,0.54144,0.25,-0.11216,0.8,0.62928
659,6,0.85,-0.09032,0.6,0.4268,0.1,1.0,0.6,0.44392
660,2,0.7,1.0,0.5,0.31216,-0.05,0.81464,0.4,0.25856
661,5,0.55,0.88536,0.4,0.19752,1.0,0.62928,0.2,0.0732
662,,0.4,0.77072,0.3,0.08288,0.85,0.44392,0.0,-0.11216
663,8,0.25,0.65608,0.2,-0.03176,0.7,0.25856,-0.2,1.0
664,7,0.1,0.54144,0.1,-0.1464,0.55,0.0732,1.0,0.81464
665,4,-0.05,0.4268,0.0,1.0,0.4,-0.11216,0.8,0.62928
666,6,-0.2,0.31216,-0.1,0.88536,0.25,1.0,0.6,0.44392
667,1,1.0,0.39752,-0.2,0.77072,0.1,0.81464,0.4,0.25856
668,3,0.85,0.28288,1.0,0.65608,-0.05,0.62928,0.2,0.0732
669,5,0.7,0.16824,0.9,0.54144,1.0,0.44392,0.0,-0.11216
670,8,0.55,0.0536,0.8,0.4268,0.85,0.25856,-0.2,1.0
671,7,0.4,-0.06104,0.7,0.31216,0.7,0.0732,1.0,0.81464
672,2,0.25,1.0,0.6,0.19752,0.55,-0.11216,0.8,0.62928
673,6,0.1,0.88536,0.5,0.08288,0.4,1.0,0.6,0.44392
674,,-0.05,0.77072,0.4,-0.03176,0.25,0.81464,0.4,0.25856
675,1,1.0,0.85608,0.3,-0.1464,0.1,0.62928,0.2,0.0732
676,4,0.85,0.74144,0.2,1.0,-0.05,0.44392,0.0,-0.11216
677,8,0.7,0.6268,0.1,0.88536,-0.2,0.25856,-0.2,1.0
678,7,0.55,0.51216,0.0,0.77072,-0.35,0.0732,1.0,0.81464
679,5,0.4,0.39752,-0.1,0.65608,1.0,-0.11216,0.8,0.62928
680,6,0.25,0.28288,-0.2,0.54144,0.85,1.0,0.6,0.44392
681,3,0.1,0.16824,1.0,0.4268,0.7,0.81464,0.4,0.25856
682,,-0.05,0.0536,0.9,0.31216,0.55,0.62928,0.2,0.0732
683,1,1.0,0.13896,0.8,0.19752,0.4,0.44392,0.0,-0.11216
684,8,0.85,0.02432,0.7,0.08288,0.25,0.25856,-0.2,1.0
685,7,0.7,-0.09032,0.6,-0.03176,0.1,0.0732,1.0,0.81464
686,2,0.55,1.0,0.5,-0.1464,-0.05,-0.11216,0.8,0.62928
687,4,0.4,0.88536,0.4,1.0,-0.2,-0.29752,0.6,0.44392
688,6,0.25,0.77072,0.3,0.88536,-0.35,1.0,0.4,0.25856
689,5,0.1,0.65608,0.2,0.77072,1.0,0.81464,0.2,0.0732
690,,-0.05,0.54144,0.1,0.65608,0.85,0.62928,0.0,-0.11216
691,8,-0.2,0.4268,0.0,0.54144,0.7,0.44392,-0.2,1.0
692,7,-0.35,0.31216,-0.1,0.4268,0.55,0.25856,1.0,0.81464
693,1,1.0,0.39752,-0.2,0.31216,0.4,0.0732,0.8,0.62928
694,3,0.85,0.28288,1.0,0.19752,0.25,-0.11216,0.6,0.44392
695,6,0.7,0.16824,0.9,0.08288,0.1,1.0,0.4,0.25856
696,,0.55,0.0536,0.8,-0.03176,-0.05,0.81464,0.2,0.0732
697,5,0.4,-0.06104,0.7,-0.1464,1.0,0.62928,0.0,-0.11216
698,4,0.25,-0.17568,0.6,1.0,0.85,0.44392,-0.2,-0.29752
699,8,0.1,-0.29032,0.5,0.88536,0.7,0.25856,-0.4,1.0
700,7,-0.05,-0.40496,0.4,0.77072,0.55,0.0732,1.0,0.81464
701,2,-0.2,1.0,0.3,0.65608,0.4,-0.11216,0.8,0.62928
702,1,1.0,1.0,0.2,0.54144,0.25,-0.29752,0.6,0.44392
703,6,0.85,0.88536,0.1,0.4268,0.1,1.0,0.4,0.25856
704,,0.7,0.77072,0.0,0.31216,-0.05,0.81464,0.2,0.0732
705,5,0.55,0.65608,-0.1,0.19752,1.0,0.62928,0.0,-0.11216
706,8,0.4,0.54144,-0.2,0.08288,0.85,0.44392,-0.2,1.0
707,7,0.25,0.4268,-0.3,-0.03176,0.7,0.25856,1.0,0.81464
708,3,0.1,0.31216,1.0,-0.1464,0.55,0.0732,0.8,0.62928
709,4,-0.05,0.19752,0.9,1.0,0.4,-0.11216,0.6,0.44392
710,6,-0.2,0.08288,0.8,0.88536,0.25,1.0,0.4,0.25856
711,1,1.0,0.16824,0.7,0.77072,0.1,0.81464,0.2,0.0732
712,,0.85,0.0536,0.6,0.65608,-0.05,0.62928,0.0,-0.11216
713,8,0.7,-0.06104,0.5,0.54144,-0.2,0.44392,-0.2,1.0
714,7,0.55,-0.17568,0.4,0.4268,-0.35,0.25856,1.0,0.81464
715,5,0.4,-0.29032,0.3,0.31216,1.0,0.0732,0.8,0.62928
716,2,0.25,1.0,0.2,0.19752,0.85,-0.11216,0.6,0.44392
717,6,0.1,0.88536,0.1,0.08288,0.7,1.0,0.4,0.25856
718,,-0.05,0.77072,0.0,-0.03176,0.55,0.81464,0.2,0.0732
719,1,1.0,0.85608,-0.1,-0.1464,0.4,0.62928,0.0,-0.11216
720,4,0.85,0.74144,-0.2,1.0,0.25,0.44392,-0.2,-0.29752
721,8,0.7,0.6268,-0.3,0.88536,0.1,0.25856,-0.4,1.0
722,7,0.55,0.51216,-0.4,0.77072,-0.05,0.0732,1.0,0.81464
723,3,0.4,0.39752,1.0,0.65608,-0.2,-0.11216,0.8,0.62928
724,5,0.25,0.28288,0.9,0.54144,1.0,-0.29752,0.6,0.44392
725,6,0.1,0.16824,0.8,0.4268,0.85,1.0,0.4,0.25856
726,,-0.05,0.0536,0.7,0.31216,0.7,0.81464,0.2,0.0732
727,1,1.0,0.13896,0.6,0.19752,0.55,0.62928,0.0,-0.11216
728,8,0.85,0.02432,0.5,0.08288,0.4,0.44392,-0.2,1.0
729,7,0.7,-0.09032,0.4,-0.03176,0.25,0.25856,1.0,0.81464
730,2,0.55,1.0,0.3,-0.1464,0.1,0.0732,0.8,0.62928
731,4,0.4,0.88536,0.2,1.0,-0.05,-0.11216,0.6,0.44392
732,6,0.25,0.77072,0.1,0.88536,-0.2,1.0,0.4,0.25856
733,5,0.1,0.65608,0.0,0.77072,1.0,0.81464,0.2,0.0732
734,,-0.05,0.54144,-0.1,0.65608,0.85,0.62928,0.0,-0.11216
735,8,-0.2,0.4268,-0.2,0.54144,0.7,0.44392,-0.2,1.0
736,7,-0.35,0.31216,-0.3,0.4268,0.55,0.25856,1.0,0.81464
737,1,1.0,0.39752,-0.4,0.31216,0.4,0.0732,0.8,0.62928
738,3,0.85,0.28288,1.0,0.19752,0.25,-0.11216,0.6,0.44392
739,6,0.7,0.16824,0.9,0.08288,0.1,1.0,0.4,0.25856
740,,0.55,0.0536,0.8,-0.03176,-0.05,0.81464,0.2,0.0732
741,5,0.4,-0.06104,0.7,-0.1464,1.0,0.62928,0.0,-0.11216
742,4,0.25,-0.17568,0.6,1.0,0.85,0.44392,-0.2,-0.29752
743,8,0.1,-0.29032,0.5,0.88536,0.7,0.25856,-0.4,1.0
744,7,-0.05,-0.40496,0.4,0.77072,0.55,0.0732,1.0,0.81464
745,2,-0.2,1.0,0.3,0.65608,0.4,-0.11216,0.8,0.62928
746,1,1.0,1.0,0.2,0.54144,0.25,-0.29752,0.6,0.44392
747,6,0.85,0.88536,0.1,0.4268,0.1,1.0,0.4,0.25856
748,,0.7,0.77072,0.0,0.31216,-0.05,0.81464,0.2,0.0732
749,5,0.55,0.65608,-0.1,0.19752,1.0,0.62928,0.0,-0.11216
750,8,0.4,0.54144,-0.2,0.08288,0.85,0.44392,-0.2,1.0
751,7,0.25,0.4268,-0.3,-0.03176,0.7,0.25856,1.0,0.81464
752,3,0.1,0.31216,1.0,-0.1464,0.55,0.0732,0.8,0.62928
753,4,-0.05,0.19752,0.9,1.0,0.4,-0.11216,0.6,0.44392
754,6,-0.2,0.08288,0.8,0.88536,0.25,1.0,0.4,0.25856
755,1,1.0,0.16824,0.7,0.77072,0.1,0.81464,0.2,0.0732
756,,0.85,0.0536,0.6,0.65608,-0.05,0.62928,0.0,-0.11216
757,8,0.7,-0.06104,0.5,0.54144,-0.2,0.44392,-0.2,1.0
758,7,0.55,-0.17568,0.4,0.4268,-0.35,0.25856,1.0,0.81464
759,5,0.4,-0.29032,0.3,0.31216,1.0,0.0732,0.8,0.62928
760,2,0.25,1.0,0.2,0.19752,0.85,-0.11216,0.6,0.44392
761,6,0.1,0.88536,0.1,0.08288,0.7,1.0,0.4,0.25856
762,,-0.05,0.77072,0.0,-0.03176,0.55,0.81464,0.2,0.0732
763,1,1.0,0.85608,-0.1,-0.1464,0.4,0.62928,0.0,-0.11216
764,4,0.85,0.74144,-0.2,1.0,0.25,0.44392,-0.2,-0.29752
765,8,0.7,0.6268,-0.3,0.88536,0.1,0.25856,-0.4,1.0
766,7,0.55,0.51216,-0.4,0.77072,-0.05,0.0732,1.0,0.81464
767,3,0.4,0.39752,1.0,0.65608,-0.2,-0.11216,0.8,0.62928
768,5,0.25,0.28288,0.9,0.54144,1.0,-0.29752,0.6,0.44392
769,6,0.1,0.16824,0.8,0.4268,0.85,1.0,0.4,0.25856
770,,-0.05,0.0536,0.7,0.31216,0.7,0.81464,0.2,0.0732
771,1,1.0,0.13896,0.6,0.19752,0.55,0.62928,0.0,-0.11216
772,8,0.85,0.02432,0.5,0.08288,0.4,0.44392,-0.2,1.0
773,7,0.7,-0.09032,0.4,-0.03176,0.25,0.25856,1.0,0.81464
774,2,0.55,1.0,0.3,-0.1464,0.1,0.0732,0.8,0.62928
775,4,0.4,0.88536,0.2,1.0,-0.05,-0.11216,0.6,0.44392
776,6,0.25,0.77072,0.1,0.88536,-0.2,1.0,0.4,0.25856
777,5,0.1,0.65608,0.0,0.77072,1.0,0.81464,0.2,0.0732
778,,-0.05,0.54144,-0.1,0.65608,0.85,0.62928,0.0,-0.11216
779,8,-0.2,0.4268,-0.2,0.54144,0.7,0.44392,-0.2,1.0
780,7,-0.35,0.31216,-0.3,0.4268,0.55,0.25856,1.0,0.81464
781,1,1.0,0.39752,-0.4,0.31216,0.4,0.0732,0.8,0.62928
782,3,0.85,0.28288,1.0,0.19752,0.25,-0.11216,0.6,0.44392
783,6,0.7,0.16824,0.9,0.08288,0.1,1.0,0.4,0.25856
784,,0.55,0.0536,0.8,-0.03176,-0.05,0.81464,0.2,0.0732
785,5,0.4,-0.06104,0.7,-0.1464,1.0,0.62928,0.0,-0.11216
786,4,0.25,-0.17568,0.6,1.0,0.85,0.44392,-0.2,-0.29752
787,8,0.1,-0.29032,0.5,0.88536,0.7,0.25856,-0.4,1.0
788,7,-0.05,-0.40496,0.4,0.77072,0.55,0.0732,1.0,0.81464
789,2,-0.2,1.0,0.3,0.65608,0.4,-0.11216,0.8,0.62928
790,1,1.0,1.0,0.2,0.54144,0.25,-0.29752,0.6,0.44392
791,6,0.85,0.88536,0.1,0.4268,0.1,1.0,0.4,0.25856
792,,0.7,0.77072,0.0,0.31216,-0.05,0.81464,0.2,0.0732
793,5,0.55,0.65608,-0.1,0.19752,1.0,0.62928,0.0,-0.11216
794,8,0.4,0.54144,-0.2,0.08288,0.85,0.44392,-0.2,1.0
795,7,0.25,0.4268,-0.3,-0.03176,0.7,0.25856,1.0,0.81464
796,3,0.1,0.31216,1.0,-0.1464,0.55,0.0732,0.8,0.62928
797,4,-0.05,0.19752,0.9,1.0,0.4,-0.11216,0.6,0.44392
798,6,-0.2,0.08288,0.8,0.88536,0.25,1.0,0.4,0.25856
799,1,1.0,0.16824,0.7,0.77072,0.1,0.81464,0.2,0.0732
800,,0.85,0.0536,0.6,0.65608,-0.05,0.62928,0.0,-0.11216
801,8,0.7,-0.06104,0.5,0.54144,-0.2,0.44392,-0.2,1.0
802,5,0.55,-0.17568,0.4,0.4268,1.0,0.25856,-0.4,0.81464
803,7,0.4,-0.29032,0.3,0.31216,0.85,0.0732,1.0,0.62928
804,2,0.25,1.0,0.2,0.19752,0.7,-0.11216,0.8,0.44392
805,6,0.1,0.88536,0.1,0.08288,0.55,1.0,0.6,0.25856
806,,-0.05,0.77072,0.0,-0.03176,0.4,0.81464,0.4,0.0732
807,1,1.0,0.85608,-0.1,-0.1464,0.25,0.62928,0.2,-0.11216
808,4,0.85,0.74144,-0.2,1.0,0.1,0.44392,0.0,-0.29752
809,8,0.7,0.6268,-0.3,0.88536,-0.05,0.25856,-0.2,1.0
810,3,0.55,0.51216,1.0,0.77072,-0.2,0.0732,-0.4,0.81464
811,7,0.4,0.39752,0.9,0.65608,-0.35,-0.11216,1.0,0.62928
812,5,0.25,0.28288,0.8,0.54144,1.0,-0.29752,0.8,0.44392
813,6,0.1,0.16824,0.7,0.4268,0.85,1.0,0.6,0.25856
814,,-0.05,0.0536,0.6,0.31216,0.7,0.81464,0.4,0.0732
815,1,1.0,0.13896,0.5,0.19752,0.55,0.62928,0.2,-0.11216
816,8,0.85,0.02432,0.4,0.08288,0.4,0.44392,0.0,1.0
817,,0.7,-0.09032,0.3,-0.03176,0.25,0.25856,-0.2,0.81464
818,7,0.55,-0.20496,0.2,-0.1464,0.1,0.0732,1.0,0.62928
819,2,0.4,1.0,0.1,-0.26104,-0.05,-0.11216,0.8,0.44392
820,4,0.25,0.88536,0.0,1.0,-0.2,-0.29752,0.6,0.25856
821,6,0.1,0.77072,-0.1,0.88536,-0.35,1.0,0.4,0.0732
822,5,-0.05,0.65608,-0.2,0.77072,1.0,0.81464,0.2,-0.11216
823,3,-0.2,0.54144,1.0,0.65608,0.85,0.62928,0.0,-0.29752
824,8,-0.35,0.4268,0.9,0.54144,0.7,0.44392,-0.2,1.0
825,1,1.0,0.51216,0.8,0.4268,0.55,0.25856,-0.4,0.81464
826,7,0.85,0.39752,0.7,0.31216,0.4,0.0732,1.0,0.62928
827,,0.7,0.28288,0.6,0.19752,0.25,-0.11216,0.8,0.44392
828,6,0.55,0.16824,0.5,0.08288,0.1,1.0,0.6,0.25856
829,,0.4,0.0536,0.4,-0.03176,-0.05,0.81464,0.4,0.0732
830,5,0.25,-0.06104,0.3,-0.1464,1.0,0.62928,0.2,-0.11216
831,4,0.1,-0.17568,0.2,1.0,0.85,0.44392,0.0,-0.29752
832,8,-0.05,-0.29032,0.1,0.88536,0.7,0.25856,-0.2,1.0
833,2,-0.2,1.0,0.0,0.77072,0.55,0.0732,-0.4,0.81464
834,7,-0.35,0.88536,-0.1,0.65608,0.4,-0.11216,1.0,0.62928
835,1,1.0,0.97072,-0.2,0.54144,0.25,-0.29752,0.8,0.44392
836,6,0.85,0.85608,-0.3,0.4268,0.1,1.0,0.6,0.25856
837,3,0.7,0.74144,1.0,0.31216,-0.05,0.81464,0.4,0.0732
838,5,0.55,0.6268,0.9,0.19752,1.0,0.62928,0.2,-0.11216
839,8,0.4,0.51216,0.8,0.08288,0.85,0.44392,0.0,1.0
840,,0.25,0.39752,0.7,-0.03176,0.7,0.25856,-0.2,0.81464
841,7,0.1,0.28288,0.6,-0.1464,0.55,0.0732,1.0,0.62928
842,4,-0.05,0.16824,0.5,1.0,0.4,-0.11216,0.8,0.44392
843,6,-0.2,0.0536,0.4,0.88536,0.25,1.0,0.6,0.25856
844,1,1.0,0.13896,0.3,0.77072,0.1,0.81464,0.4,0.0732
845,,0.85,0.02432,0.2,0.65608,-0.05,0.62928,0.2,-0.11216
846,8,0.7,-0.09032,0.1,0.54144,-0.2,0.44392,0.0,1.0
847,5,0.55,-0.20496,0.0,0.4268,1.0,0.25856,-0.2,0.81464
848,2,0.4,1.0,-0.1,0.31216,0.85,0.0732,-0.4,0.62928
849,7,0.25,0.88536,-0.2,0.19752,0.7,-0.11216,1.0,0.44392
850,3,0.1,0.77072,1.0,0.08288,0.55,-0.29752,0.8,0.25856
851,6,-0.05,0.65608,0.9,-0.03176,0.4,1.0,0.6,0.0732
852,1,1.0,0.74144,0.8,-0.1464,0.25,0.81464,0.4,-0.11216
853,4,0.85,0.6268,0.7,1.0,0.1,0.62928,0.2,-0.29752
854,8,0.7,0.51216,0.6,0.88536,-0.05,0.44392,0.0,1.0
855,5,0.55,0.39752,0.5,0.77072,1.0,0.25856,-0.2,0.81464
856,7,0.4,0.28288,0.4,0.65608,0.85,0.0732,1.0,0.62928
857,,0.25,0.16824,0.3,0.54144,0.7,-0.11216,0.8,0.44392
858,6,0.1,0.0536,0.2,0.4268,0.55,1.0,0.6,0.25856
859,,-0.05,-0.06104,0.1,0.31216,0.4,0.81464,0.4,0.0732
860,2,-0.2,1.0,0.0,0.19752,0.25,0.62928,0.2,-0.11216
861,1,1.0,1.0,-0.1,0.08288,0.1,0.44392,0.0,-0.29752
862,8,0.85,0.88536,-0.2,-0.03176,-0.05,0.25856,-0.2,1.0
863,7,0.7,0.77072,-0.3,-0.1464,-0.2,0.0732,1.0,0.81464
864,3,0.55,0.65608,1.0,-0.26104,-0.35,-0.11216,0.8,0.62928
865,5,0.4,0.54144,0.9,-0.37568,1.0,-0.29752,0.6,0.44392
866,4,0.25,0.4268,0.8,1.0,0.85,-0.48288,0.4,0.25856
867,6,0.1,0.31216,0.7,0.88536,0.7,1.0,0.2,0.0732
868,,-0.05,0.19752,0.6,0.77072,0.55,0.81464,0.0,-0.11216
869,8,-0.2,0.08288,0.5,0.65608,0.4,0.62928,-0.2,1.0
870,1,1.0,0.16824,0.4,0.54144,0.25,0.44392,-0.4,0.81464
871,7,0.85,0.0536,0.3,0.4268,0.1,0.25856,1.0,0.62928
872,,0.7,-0.06104,0.2,0.31216,-0.05,0.0732,0.8,0.44392
873,2,0.55,1.0,0.1,0.19752,-0.2,-0.11216,0.6,0.25856
874,5,0.4,0.88536,0.0,0.08288,1.0,-0.29752,0.4,0.0732
875,6,0.25,0.77072,-0.1,-0.03176,0.85,1.0,0.2,-0.11216
876,8,0.1,0.65608,-0.2,-0.1464,0.7,0.81464,0.0,1.0
877,3,-0.05,0.54144,1.0,-0.26104,0.55,0.62928,-0.2,0.81464
878,4,-0.2,0.4268,0.9,1.0,0.4,0.44392,-0.4,0.62928
879,7,-0.35,0.31216,0.8,0.88536,0.25,0.25856,1.0,0.44392
880,1,1.0,0.39752,0.7,0.77072,0.1,0.0732,0.8,0.25856
881,,0.85,0.28288,0.6,0.65608,-0.05,-0.11216,0.6,0.0732
882,6,0.7,0.16824,0.5,0.54144,-0.2,1.0,0.4,-0.11216
883,5,0.55,0.0536,0.4,0.4268,1.0,0.81464,0.2,-0.29752
884,8,0.4,-0.06104,0.3,0.31216,0.85,0.62928,0.0,1.0
885,2,0.25,1.0,0.2,0.19752,0.7,0.44392,-0.2,0.81464
886,7,0.1,0.88536,0.1,0.08288,0.55,0.25856,1.0,0.62928
887,,-0.05,0.77072,0.0,-0.03176,0.4,0.0732,0.8,0.44392
888,1,1.0,0.85608,-0.1,-0.1464,0.25,-0.11216,0.6,0.25856
889,4,0.85,0.74144,-0.2,1.0,0.1,-0.29752,0.4,0.0732
890,6,0.7,0.6268,-0.3,0.88536,-0.05,1.0,0.2,-0.11216
891,3,0.55,0.51216,1.0,0.77072,-0.2,0.81464,0.0,-0.29752
892,8,0.4,0.39752,0.9,0.65608,-0.35,0.62928,-0.2,1.0
893,5,0.25,0.28288,0.8,0.54144,1.0,0.44392,-0.4,0.81464
894,7,0.1,0.16824,0.7,0.4268,0.85,0.25856,1.0,0.62928
895,,-0.05,0.0536,0.6,0.31216,0.7,0.0732,0.8,0.44392
896,1,1.0,0.13896,0.5,0.19752,0.55,-0.11216,0.6,0.25856
897,6,0.85,0.02432,0.4,0.08288,0.4,1.0,0.4,0.0732
898,,0.7,-0.09032,0.3,-0.03176,0.25,0.81464,0.2,-0.11216
899,8,0.55,-0.20496,0.2,-0.1464,0.1,0.62928,0.0,1.0
900,2,0.4,1.0,0.1,-0.26104,-0.05,0.44392,-0.2,0.81464
901,4,0.25,0.88536,0.0,1.0,-0.2,0.25856,-0.4,0.62928
902,7,0.1,0.77072,-0.1,0.88536,-0.35,0.0732,1.0,0.44392
903,5,-0.05,0.65608,-0.2,0.77072,1.0,-0.11216,0.8,0.25856
904,3,-0.2,0.54144,1.0,0.65608,0.85,-0.29752,0.6,0.0732
905,6,-0.35,0.4268,0.9,0.54144,0.7,1.0,0.4,-0.11216
906,1,1.0,0.51216,0.8,0.4268,0.55,0.81464,0.2,-0.29752
907,8,0.85,0.39752,0.7,0.31216,0.4,0.62928,0.0,1.0
908,,0.7,0.28288,0.6,0.19752,0.25,0.44392,-0.2,0.81464
909,7,0.55,0.16824,0.5,0.08288,0.1,0.25856,1.0,0.62928
910,,0.4,0.0536,0.4,-0.03176,-0.05,0.0732,0.8,0.44392
911,5,0.25,-0.06104,0.3,-0.1464,1.0,-0.11216,0.6,0.25856
912,4,0.1,-0.17568,0.2,1.0,0.85,-0.29752,0.4,0.0732
913,6,-0.05,-0.29032,0.1,0.88536,0.7,1.0,0.2,-0.11216
914,2,-0.2,1.0,0.0,0.77072,0.55,0.81464,0.0,-0.29752
915,8,-0.35,0.88536,-0.1,0.65608,0.4,0.62928,-0.2,1.0
916,1,1.0,0.97072,-0.2,0.54144,0.25,0.44392,-0.4,0.81464
917,7,0.85,0.85608,-0.3,0.4268,0.1,0.25856,1.0,0.62928
918,3,0.7,0.74144,1.0,0.31216,-0.05,0.0732,0.8,0.44392
919,5,0.55,0.6268,0.9,0.19752,1.0,-0.11216,0.6,0.25856
920,6,0.4,0.51216,0.8,0.08288,0.85,1.0,0.4,0.0732
921,,0.25,0.39752,0.7,-0.03176,0.7,0.81464,0.2,-0.11216
922,8,0.1,0.28288,0.6,-0.1464,0.55,0.62928,0.0,1.0
923,4,-0.05,0.16824,0.5,1.0,0.4,0.44392,-0.2,0.81464
924,7,-0.2,0.0536,0.4,0.88536,0.25,0.25856,1.0,0.62928
925,1,1.0,0.13896,0.3,0.77072,0.1,0.0732,0.8,0.44392
926,,0.85,0.02432,0.2,0.65608,-0.05,-0.11216,0.6,0.25856
927,6,0.7,-0.09032,0.1,0.54144,-0.2,1.0,0.4,0.0732
928,5,0.55,-0.20496,0.0,0.4268,1.0,0.81464,0.2,-0.11216
929,2,0.4,1.0,-0.1,0.31216,0.85,0.62928,0.0,-0.29752
930,8,0.25,0.88536,-0.2,0.19752,0.7,0.44392,-0.2,1.0
931,7,0.1,0.77072,-0.3,0.08288,0.55,0.25856,1.0,0.81464
932,3,-0.05,0.65608,1.0,-0.03176,0.4,0.0732,0.8,0.62928
933,1,1.0,0.74144,0.9,-0.1464,0.25,-0.11216,0.6,0.44392
934,4,0.85,0.6268,0.8,1.0,0.1,-0.29752,0.4,0.25856
935,6,0.7,0.51216,0.7,0.88536,-0.05,1.0,0.2,0.0732
936,5,0.55,0.39752,0.6,0.77072,1.0,0.81464,0.0,-0.11216
937,8,0.4,0.28288,0.5,0.65608,0.85,0.62928,-0.2,1.0
938,7,0.25,0.16824,0.4,0.54144,0.7,0.44392,1.0,0.81464
939,,0.1,0.0536,0.3,0.4268,0.55,0.25856,0.8,0.62928
940,,-0.05,-0.06104,0.2,0.31216,0.4,0.0732,0.6,0.44392
941,2,-0.2,1.0,0.1,0.19752,0.25,-0.11216,0.4,0.25856
942,1,1.0,1.0,0.0,0.08288,0.1,-0.29752,0.2,0.0732
943,6,0.85,0.88536,-0.1,-0.03176,-0.05,1.0,0.0,-0.11216
944,8,0.7,0.77072,-0.2,-0.1464,-0.2,0.81464,-0.2,1.0
945,3,0.55,0.65608,1.0,-0.26104,-0.35,0.62928,-0.4,0.81464
946,7,0.4,0.54144,0.9,-0.37568,-0.5,0.44392,1.0,0.62928
947,5,0.25,0.4268,0.8,-0.49032,1.0,0.25856,0.8,0.44392
948,4,0.1,0.31216,0.7,1.0,0.85,0.0732,0.6,0.25856
949,,-0.05,0.19752,0.6,0.88536,0.7,-0.11216,0.4,0.0732
950,6,-0.2,0.08288,0.5,0.77072,0.55,1.0,0.2,-0.11216
951,1,1.0,0.16824,0.4,0.65608,0.4,0.81464,0.0,-0.29752
952,8,0.85,0.0536,0.3,0.54144,0.25,0.62928,-0.2,1.0
953,7,0.7,-0.06104,0.2,0.4268,0.1,0.44392,1.0,0.81464
954,2,0.55,1.0,0.1,0.31216,-0.05,0.25856,0.8,0.62928
955,5,0.4,0.88536,0.0,0.19752,1.0,0.0732,0.6,0.44392
956,,0.25,0.77072,-0.1,0.08288,0.85,-0.11216,0.4,0.25856
957,6,0.1,0.65608,-0.2,-0.03176,0.7,1.0,0.2,0.0732
958,3,-0.05,0.54144,1.0,-0.1464,0.55,0.81464,0.0,-0.11216
959,4,-0.2,0.4268,0.9,1.0,0.4,0.62928,-0.2,-0.29752
960,8,-0.35,0.31216,0.8,0.88536,0.25,0.44392,-0.4,1.0
961,7,-0.5,0.19752,0.7,0.77072,0.1,0.25856,1.0,0.81464
962,1,1.0,0.28288,0.6,0.65608,-0.05,0.0732,0.8,0.62928
963,5,0.85,0.16824,0.5,0.54144,1.0,-0.11216,0.6,0.44392
964,6,0.7,0.0536,0.4,0.4268,0.85,1.0,0.4,0.25856
965,,0.55,-0.06104,0.3,0.31216,0.7,0.81464,0.2,0.0732
966,2,0.4,1.0,0.2,0.19752,0.55,0.62928,0.0,-0.11216
967,8,0.25,0.88536,0.1,0.08288,0.4,0.44392,-0.2,1.0
968,7,0.1,0.77072,0.0,-0.03176,0.25,0.25856,1.0,0.81464
969,4,-0.05,0.65608,-0.1,1.0,0.1,0.0732,0.8,0.62928
970,3,-0.2,0.54144,1.0,0.88536,-0.05,-0.11216,0.6,0.44392
971,1,1.0,0.6268,0.9,0.77072,-0.2,-0.29752,0.4,0.25856
972,6,0.85,0.51216,0.8,0.65608,-0.35,1.0,0.2,0.0732
973,5,0.7,0.39752,0.7,0.54144,1.0,0.81464,0.0,-0.11216
974,8,0.55,0.28288,0.6,0.4268,0.85,0.62928,-0.2,1.0
975,7,0.4,0.16824,0.5,0.31216,0.7,0.44392,1.0,0.81464
976,,0.25,0.0536,0.4,0.19752,0.55,0.25856,0.8,0.62928
977,,0.1,-0.06104,0.3,0.08288,0.4,0.0732,0.6,0.44392
978,2,-0.05,1.0,0.2,-0.03176,0.25,-0.11216,0.4,0.25856
979,6,-0.2,0.88536,0.1,-0.1464,0.1,1.0,0.2,0.0732
980,1,1.0,0.97072,0.0,-0.26104,-0.05,0.81464,0.0,-0.11216
981,4,0.85,0.85608,-0.1,1.0,-0.2,0.62928,-0.2,-0.29752
982,8,0.7,0.74144,-0.2,0.88536,-0.35,0.44392,-0.4,1.0
983,7,0.55,0.6268,-0.3,0.77072,-0.5,0.25856,1.0,0.81464
984,5,0.4,0.51216,-0.4,0.65608,1.0,0.0732,0.8,0.62928
985,3,0.25,0.39752,1.0,0.54144,0.85,-0.11216,0.6,0.44392
986,6,0.1,0.28288,0.9,0.4268,0.7,1.0,0.4,0.25856
987,,-0.05,0.16824,0.8,0.31216,0.55,0.81464,0.2,0.0732
988,1,1.0,0.2536,0.7,0.19752,0.4,0.62928,0.0,-0.11216
989,8,0.85,0.13896,0.6,0.08288,0.25,0.44392,-0.2,1.0
990,7,0.7,0.02432,0.5,-0.03176,0.1,0.25856,1.0,0.81464
991,4,0.55,-0.09032,0.4,1.0,-0.05,0.0732,0.8,0.62928
992,2,0.4,1.0,0.3,0.88536,-0.2,-0.11216,0.6,0.44392
993,5,0.25,0.88536,0.2,0.77072,1.0,-0.29752,0.4,0.25856
994,6,0.1,0.77072,0.1,0.65608,0.85,1.0,0.2,0.0732
995,,-0.05,0.65608,0.0,0.54144,0.7,0.81464,0.0,-0.11216
996,8,-0.2,0.54144,-0.1,0.4268,0.55,0.62928,-0.2,1.0
997,1,1.0,0.6268,-0.2,0.31216,0.4,0.44392,-0.4,0.81464
998,7,0.85,0.51216,-0.3,0.19752,0.25,0.25856,1.0,0.62928
999,3,0.7,0.39752,1.0,0.08288,0.1,0.0732,0.8,0.44392
1000,,0.55,0.28288,0.9,-0.03176,-0.05,-0.11216,0.6,0.25856
1001,6,0.4,0.16824,0.8,-0.1464,-0.2,1.0,0.4,0.0732
1002,5,0.25,0.0536,0.7,-0.26104,1.0,0.81464,0.2,-0.11216
1003,4,0.1,-0.06104,0.6,1.0,0.85,0.62928,0.0,-0.29752
1004,8,-0.05,-0.17568,0.5,0.88536,0.7,0.44392,-0.2,1.0
1005,7,-0.2,-0.29032,0.4,0.77072,0.55,0.25856,1.0,0.81464
1006,2,-0.35,1.0,0.3,0.65608,0.4,0.0732,0.8,0.62928
1007,1,1.0,1.0,0.2,0.54144,0.25,-0.11216,0.6,0.44392
1008,6,0.85,0.88536,0.1,0.4268,0.1,1.0,0.4,0.25856
1009,,0.7,0.77072,0.0,0.31216,-0.05,0.81464,0.2,0.0732
1010,5,0.55,0.65608,-0.1,0.19752,1.0,0.62928,0.0,-0.11216
1011,8,0.4,0.54144,-0.2,0.08288,0.85,0.44392,-0.2,1.0
1012,3,0.25,0.4268,1.0,-0.03176,0.7,0.25856,-0.4,0.81464
1013,7,0.1,0.31216,0.9,-0.1464,0.55,0.0732,1.0,0.62928
1014,4,-0.05,0.19752,0.8,1.0,0.4,-0.11216,0.8,0.44392
1015,6,-0.2,0.08288,0.7,0.88536,0.25,1.0,0.6,0.25856
1016,1,1.0,0.16824,0.6,0.77072,0.1,0.81464,0.4,0.0732
1017,,0.85,0.0536,0.5,0.65608,-0.05,0.62928,0.2,-0.11216
1018,8,0.7,-0.06104,0.4,0.54144,-0.2,0.44392,0.0,1.0
1019,5,0.55,-0.17568,0.3,0.4268,1.0,0.25856,-0.2,0.81464
1020,7,0.4,-0.29032,0.2,0.31216,0.85,0.0732,1.0,0.62928
1021,2,0.25,1.0,0.1,0.19752,0.7,-0.11216,0.8,0.44392
1022,6,0.1,0.88536,0.0,0.08288,0.55,1.0,0.6,0.25856
1023,,-0.05,0.77072,-0.1,-0.03176,0.4,0.81464,0.4,0.0732
1024,3,-0.2,0.65608,1.0,-0.1464,0.25,0.62928,0.2,-0.11216
1025,1,1.0,0.74144,0.9,-0.26104,0.1,0.44392,0.0,-0.29752
1026,8,0.85,0.6268,0.8,-0.37568,-0.05,0.25856,-0.2,1.0
1027,4,0.7,0.51216,0.7,1.0,-0.2,0.0732,-0.4,0.81464
1028,7,0.55,0.39752,0.6,0.88536,-0.35,-0.11216,1.0,0.62928
1029,5,0.4,0.28288,0.5,0.77072,1.0,-0.29752,0.8,0.44392
1030,6,0.25,0.16824,0.4,0.65608,0.85,1.0,0.6,0.25856
1031,,0.1,0.0536,0.3,0.54144,0.7,0.81464,0.4,0.0732
1032,,-0.05,-0.06104,0.2,0.4268,0.55,0.62928,0.2,-0.11216
1033,8,-0.2,-0.17568,0.1,0.31216,0.4,0.44392,0.0,1.0
1034,1,1.0,-0.09032,0.0,0.19752,0.25,0.25856,-0.2,0.81464
1035,7,0.85,-0.20496,-0.1,0.08288,0.1,0.0732,1.0,0.62928
1036,2,0.7,1.0,-0.2,-0.03176,-0.05,-0.11216,0.8,0.44392
1037,3,0.55,0.88536,1.0,-0.1464,-0.2,-0.29752,0.6,0.25856
1038,6,0.4,0.77072,0.9,-0.26104,-0.35,1.0,0.4,0.0732
1039,5,0.25,0.65608,0.8,-0.37568,1.0,0.81464,0.2,-0.11216
1040,4,0.1,0.54144,0.7,1.0,0.85,0.62928,0.0,-0.29752
1041,8,-0.05,0.4268,0.6,0.88536,0.7,0.44392,-0.2,1.0
1042,7,-0.2,0.31216,0.5,0.77072,0.55,0.25856,1.0,0.81464
1043,1,1.0,0.39752,0.4,0.65608,0.4,0.0732,0.8,0.62928
1044,,0.85,0.28288,0.3,0.54144,0.25,-0.11216,0.6,0.44392
1045,6,0.7,0.16824,0.2,0.4268,0.1,1.0,0.4,0.25856
1046,,0.55,0.0536,0.1,0.31216,-0.05,0.81464,0.2,0.0732
1047,5,0.4,-0.06104,0.0,0.19752,1.0,0.62928,0.0,-0.11216
1048,8,0.25,-0.17568,-0.1,0.08288,0.85,0.44392,-0.2,1.0
1049,7,0.1,-0.29032,-0.2,-0.03176,0.7,0.25856,1.0,0.81464
1050,2,-0.05,1.0,-0.3,-0.1464,0.55,0.0732,0.8,0.62928
1051,3,-0.2,0.88536,1.0,-0.26104,0.4,-0.11216,0.6,0.44392
1052,4,-0.35,0.77072,0.9,1.0,0.25,-0.29752,0.4,0.25856
1053,1,1.0,0.85608,0.8,0.88536,0.1,-0.48288,0.2,0.0732
1054,6,0.85,0.74144,0.7,0.77072,-0.05,1.0,0.0,-0.11216
1055,8,0.7,0.6268,0.6,0.65608,-0.2,0.81464,-0.2,1.0
1056,5,0.55,0.51216,0.5,0.54144,1.0,0.62928,-0.4,0.81464
1057,7,0.4,0.39752,0.4,0.4268,0.85,0.44392,1.0,0.62928
1058,,0.25,0.28288,0.3,0.31216,0.7,0.25856,0.8,0.44392
1059,,0.1,0.16824,0.2,0.19752,0.55,0.0732,0.6,0.25856
1060,,-0.05,0.0536,0.1,0.08288,0.4,-0.11216,0.4,0.0732
1061,6,-0.2,-0.06104,0.0,-0.03176,0.25,1.0,0.2,-0.11216
1062,1,1.0,0.02432,-0.1,-0.1464,0.1,0.81464,0.0,-0.29752
1063,8,0.85,-0.09032,-0.2,-0.26104,-0.05,0.62928,-0.2,1.0
1064,4,0.7,-0.20496,-0.3,1.0,-0.2,0.44392,-0.4,0.81464
1065,7,0.55,-0.3196,-0.4,0.88536,-0.35,0.25856,1.0,0.62928
1066,3,0.4,-0.43424,1.0,0.77072,-0.5,0.0732,0.8,0.44392
1067,5,0.25,-0.54888,0.9,0.65608,1.0,-0.11216,0.6,0.25856
1068,2,0.1,1.0,0.8,0.54144,0.85,-0.29752,0.4,0.0732
1069,6,-0.05,0.88536,0.7,0.4268,0.7,1.0,0.2,-0.11216
1070,8,-0.2,0.77072,0.6,0.31216,0.55,0.81464,0.0,1.0
1071,1,1.0,0.85608,0.5,0.19752,0.4,0.62928,-0.2,0.81464
1072,7,0.85,0.74144,0.4,0.08288,0.25,0.44392,1.0,0.62928
1073,,0.7,0.6268,0.3,-0.03176,0.1,0.25856,0.8,0.44392
1074,4,0.55,0.51216,0.2,1.0,-0.05,0.0732,0.6,0.25856
1075,5,0.4,0.39752,0.1,0.88536,1.0,-0.11216,0.4,0.0732
1076,6,0.25,0.28288,0.0,0.77072,0.85,1.0,0.2,-0.11216
1077,8,0.1,0.16824,-0.1,0.65608,0.7,0.81464,0.0,1.0
1078,3,-0.05,0.0536,1.0,0.54144,0.55,0.62928,-0.2,0.81464
1079,7,-0.2,-0.06104,0.9,0.4268,0.4,0.44392,1.0,0.62928
1080,1,1.0,0.02432,0.8,0.31216,0.25,0.25856,0.8,0.44392
1081,,0.85,-0.09032,0.7,0.19752,0.1,0.0732,0.6,0.25856
1082,2,0.7,1.0,0.6,0.08288,-0.05,-0.11216,0.4,0.0732
1083,6,0.55,0.88536,0.5,-0.03176,-0.2,1.0,0.2,-0.11216
1084,5,0.4,0.77072,0.4,-0.1464,1.0,0.81464,0.0,-0.29752
1085,8,0.25,0.65608,0.3,-0.26104,0.85,0.62928,-0.2,1.0
1086,4,0.1,0.54144,0.2,1.0,0.7,0.44392,-0.4,0.81464
1087,7,-0.05,0.4268,0.1,0.88536,0.55,0.25856,1.0,0.62928
1088,1,1.0,0.51216,0.0,0.77072,0.4,0.0732,0.8,0.44392
1089,,0.85,0.39752,-0.1,0.65608,0.25,-0.11216,0.6,0.25856
1090,6,0.7,0.28288,-0.2,0.54144,0.1,1.0,0.4,0.0732
1091,3,0.55,0.16824,1.0,0.4268,-0.05,0.81464,0.2,-0.11216
1092,8,0.4,0.0536,0.9,0.31216,-0.2,0.62928,0.0,1.0
1093,5,0.25,-0.06104,0.8,0.19752,1.0,0.44392,-0.2,0.81464
1094,7,0.1,-0.17568,0.7,0.08288,0.85,0.25856,1.0,0.62928
1095,2,-0.05,1.0,0.6,-0.03176,0.7,0.0732,0.8,0.44392
1096,1,1.0,1.0,0.5,-0.1464,0.55,-0.11216,0.6,0.25856
1097,4,0.85,0.88536,0.4,1.0,0.4,-0.29752,0.4,0.0732
1098,6,0.7,0.77072,0.3,0.88536,0.25,1.0,0.2,-0.11216
1099,8,0.55,0.65608,0.2,0.77072,0.1,0.81464,0.0,1.0
1100,,0.4,0.54144,0.1,0.65608,-0.05,0.62928,-0.2,0.81464
1101,7,0.25,0.4268,0.0,0.54144,-0.2,0.44392,1.0,0.62928
1102,5,0.1,0.31216,-0.1,0.4268,1.0,0.25856,0.8,0.44392
1103,3,-0.05,0.19752,1.0,0.31216,0.85,0.0732,0.6,0.25856
1104,1,1.0,0.28288,0.9,0.19752,0.7,-0.11216,0.4,0.0732
1105,6,0.85,0.16824,0.8,0.08288,0.55,1.0,0.2,-0.11216
1106,8,0.7,0.0536,0.7,-0.03176,0.4,0.81464,0.0,1.0
1107,4,0.55,-0.06104,0.6,1.0,0.25,0.62928,-0.2,0.81464
1108,7,0.4,-0.17568,0.5,0.88536,0.1,0.44392,1.0,0.62928
1109,2,0.25,1.0,0.4,0.77072,-0.05,0.25856,0.8,0.44392
1110,5,0.1,0.88536,0.3,0.65608,1.0,0.0732,0.6,0.25856
1111,,-0.05,0.77072,0.2,0.54144,0.85,-0.11216,0.4,0.0732
1112,6,-0.2,0.65608,0.1,0.4268,0.7,1.0,0.2,-0.11216
1113,1,1.0,0.74144,0.0,0.31216,0.55,0.81464,0.0,-0.29752
1114,8,0.85,0.6268,-0.1,0.19752,0.4,0.62928,-0.2,1.0
1115,7,0.7,0.51216,-0.2,0.08288,0.25,0.44392,1.0,0.81464
1116,3,0.55,0.39752,1.0,-0.03176,0.1,0.25856,0.8,0.62928
1117,4,0.4,0.28288,0.9,1.0,-0.05,0.0732,0.6,0.44392
1118,5,0.25,0.16824,0.8,0.88536,1.0,-0.11216,0.4,0.25856
1119,6,0.1,0.0536,0.7,0.77072,0.85,1.0,0.2,0.0732
1120,,-0.05,-0.06104,0.6,0.65608,0.7,0.81464,0.0,-0.11216
1121,8,-0.2,-0.17568,0.5,0.54144,0.55,0.62928,-0.2,1.0
1122,1,1.0,-0.09032,0.4,0.4268,0.4,0.44392,-0.4,0.81464
1123,7,0.85,-0.20496,0.3,0.31216,0.25,0.25856,1.0,0.62928
1124,2,0.7,1.0,0.2,0.19752,0.1,0.0732,0.8,0.44392
1125,,0.55,0.88536,0.1,0.08288,-0.05,-0.11216,0.6,0.25856
1126,6,0.4,0.77072,0.0,-0.03176,-0.2,1.0,0.4,0.0732
1127,5,0.25,0.65608,-0.1,-0.1464,1.0,0.81464,0.2,-0.11216
1128,4,0.1,0.54144,-0.2,1.0,0.85,0.62928,0.0,-0.29752
1129,8,-0.05,0.4268,-0.3,0.88536,0.7,0.44392,-0.2,1.0
1130,3,-0.2,0.31216,1.0,0.77072,0.55,0.25856,-0.4,0.81464
1131,7,-0.35,0.19752,0.9,0.65608,0.4,0.0732,1.0,0.62928
1132,1,1.0,0.28288,0.8,0.54144,0.25,-0.11216,0.8,0.44392
1133,6,0.85,0.16824,0.7,0.4268,0.1,1.0,0.6,0.25856
1134,,0.7,0.0536,0.6,0.31216,-0.05,0.81464,0.4,0.0732
1135,5,0.55,-0.06104,0.5,0.19752,1.0,0.62928,0.2,-0.11216
1136,8,0.4,-0.17568,0.4,0.08288,0.85,0.44392,0.0,1.0
1137,2,0.25,1.0,0.3,-0.03176,0.7,0.25856,-0.2,0.81464
1138,7,0.1,0.88536,0.2,-0.1464,0.55,0.0732,1.0,0.62928
1139,4,-0.05,0.77072,0.1,1.0,0.4,-0.11216,0.8,0.44392
1140,6,-0.2,0.65608,0.0,0.88536,0.25,1.0,0.6,0.25856
1141,1,1.0,0.74144,-0.1,0.77072,0.1,0.81464,0.4,0.0732
1142,3,0.85,0.6268,1.0,0.65608,-0.05,0.62928,0.2,-0.11216
1143,8,0.7,0.51216,0.9,0.54144,-0.2,0.44392,0.0,1.0
1144,5,0.55,0.39752,0.8,0.4268,1.0,0.25856,-0.2,0.81464
1145,7,0.4,0.28288,0.7,0.31216,0.85,0.0732,1.0,0.62928
1146,,0.25,0.16824,0.6,0.19752,0.7,-0.11216,0.8,0.44392
1147,6,0.1,0.0536,0.5,0.08288,0.55,1.0,0.6,0.25856
1148,,-0.05,-0.06104,0.4,-0.03176,0.4,0.81464,0.4,0.0732
1149,2,-0.2,1.0,0.3,-0.1464,0.25,0.62928,0.2,-0.11216
1150,1,1.0,1.0,0.2,-0.26104,0.1,0.44392,0.0,-0.29752
1151,8,0.85,0.88536,0.1,-0.37568,-0.05,0.25856,-0.2,1.0
1152,4,0.7,0.77072,0.0,1.0,-0.2,0.0732,-0.4,0.81464
1153,7,0.55,0.65608,-0.1,0.88536,-0.35,-0.11216,1.0,0.62928
1154,5,0.4,0.54144,-0.2,0.77072,1.0,-0.29752,0.8,0.44392
1155,6,0.25,0.4268,-0.3,0.65608,0.85,1.0,0.6,0.25856
1156,3,0.1,0.31216,1.0,0.54144,0.7,0.81464,0.4,0.0732
1157,,-0.05,0.19752,0.9,0.4268,0.55,0.62928,0.2,-0.11216
1158,8,-0.2,0.08288,0.8,0.31216,0.4,0.44392,0.0,1.0
1159,1,1.0,0.16824,0.7,0.19752,0.25,0.25856,-0.2,0.81464
1160,7,0.85,0.0536,0.6,0.08288,0.1,0.0732,1.0,0.62928
1161,,0.7,-0.06104,0.5,-0.03176,-0.05,-0.11216,0.8,0.44392
1162,6,0.55,-0.17568,0.4,-0.1464,-0.2,1.0,0.6,0.25856
1163,5,0.4,-0.29032,0.3,-0.26104,1.0,0.81464,0.4,0.0732
1164,2,0.25,1.0,0.2,-0.37568,0.85,0.62928,0.2,-0.11216
