step,active_motive,motive_1,motive_2,motive_3,motive_4,motive_5,motive_6,motive_7,motive_8
0,,0.31655,0.16951,0.1746,0.36298,0.44856,0.44354,0.38994,0.32102
1,,0.30655,0.15951,0.1646,0.35298,0.43856,0.43354,0.37994,0.31102
2,,0.29655,0.14951,0.1546,0.34298,0.42856,0.42354,0.36994,0.30102
3,,0.28655,0.13951,0.1446,0.33298,0.41856,0.41354,0.35994,0.29102
4,,0.27655,0.12951,0.1346,0.32298,0.40856,0.40354,0.34994,0.28102
5,,0.26655,0.11951,0.1246,0.31298,0.39856,0.39354,0.33994,0.27102
6,,0.25655,0.10951,0.1146,0.30298,0.38856,0.38354,0.32994,0.26102
7,,0.24655,0.09951,0.1046,0.29298,0.37856,0.37354,0.31994,0.25102
8,,0.23655,0.08951,0.0946,0.28298,0.36856,0.36354,0.30994,0.24102
9,,0.22655,0.07951,0.0846,0.27298,0.35856,0.35354,0.29994,0.23102
10,,0.21655,0.06951,0.0746,0.26298,0.34856,0.34354,0.28994,0.22102
11,,0.20655,0.05951,0.0646,0.25298,0.33856,0.33354,0.27994,0.21102
12,,0.19655,0.04951,0.0546,0.24298,0.32856,0.32354,0.26994,0.20102
13,,0.18655,0.03951,0.0446,0.23298,0.31856,0.31354,0.25994,0.19102
14,,0.17655,0.02951,0.0346,0.22298,0.30856,0.30354,0.24994,0.18102
15,,0.16655,0.01951,0.0246,0.21298,0.29856,0.29354,0.23994,0.17102
16,,0.15655,0.00951,0.0146,0.20298,0.28856,0.28354,0.22994,0.16102
17,,0.14655,-0.00049,0.0046,0.19298,0.27856,0.27354,0.21994,0.15102
18,2,0.33655,0.99951,0.1946,0.38298,0.46856,0.46354,0.40994,0.34102
19,2,0.52655,1.0,0.3846,0.57298,0.65856,0.65354,0.59994,0.53102
20,,0.51655,0.99,0.3746,0.56298,0.64856,0.64354,0.58994,0.52102
21,,0.50655,0.98,0.3646,0.55298,0.63856,0.63354,0.57994,0.51102
22,,0.49655,0.97,0.3546,0.54298,0.62856,0.62354,0.56994,0.50102
23,,0.48655,0.96,0.3446,0.53298,0.61856,0.61354,0.55994,0.49102
24,,0.47655,0.95,0.3346,0.52298,0.60856,0.60354,0.54994,0.48102
25,,0.46655,0.94,0.3246,0.51298,0.59856,0.59354,0.53994,0.47102
26,,0.45655,0.93,0.3146,0.50298,0.58856,0.58354,0.52994,0.46102
27,,0.44655,0.92,0.3046,0.49298,0.57856,0.57354,0.51994,0.45102
28,,0.43655,0.91,0.2946,0.48298,0.56856,0.56354,0.50994,0.44102
29,,0.42655,0.9,0.2846,0.47298,0.55856,0.55354,0.49994,0.43102
30,,0.41655,0.89,0.2746,0.46298,0.54856,0.54354,0.48994,0.42102
31,,0.40655,0.88,0.2646,0.45298,0.53856,0.53354,0.47994,0.41102
32,,0.39655,0.87,0.2546,0.44298,0.52856,0.52354,0.46994,0.40102
33,,0.38655,0.86,0.2446,0.43298,0.51856,0.51354,0.45994,0.39102
34,,0.37655,0.85,0.2346,0.42298,0.50856,0.50354,0.44994,0.38102
35,,0.36655,0.84,0.2246,0.41298,0.49856,0.49354,0.43994,0.37102
36,,0.35655,0.83,0.2146,0.40298,0.48856,0.48354,0.42994,0.36102
37,,0.34655,0.82,0.2046,0.39298,0.47856,0.47354,0.41994,0.35102
38,,0.33655,0.81,0.1946,0.38298,0.46856,0.46354,0.40994,0.34102
39,,0.32655,0.8,0.1846,0.37298,0.45856,0.45354,0.39994,0.33102
40,,0.31655,0.79,0.1746,0.36298,0.44856,0.44354,0.38994,0.32102
41,,0.30655,0.78,0.1646,0.35298,0.43856,0.43354,0.37994,0.31102
42,,0.29655,0.77,0.1546,0.34298,0.42856,0.42354,0.36994,0.30102
43,,0.28655,0.76,0.1446,0.33298,0.41856,0.41354,0.35994,0.29102
44,,0.27655,0.75,0.1346,0.32298,0.40856,0.40354,0.34994,0.28102
45,,0.26655,0.74,0.1246,0.31298,0.39856,0.39354,0.33994,0.27102
46,,0.25655,0.73,0.1146,0.30298,0.38856,0.38354,0.32994,0.26102
47,,0.24655,0.72,0.1046,0.29298,0.37856,0.37354,0.31994,0.25102
48,,0.23655,0.71,0.0946,0.28298,0.36856,0.36354,0.30994,0.24102
49,,0.22655,0.7,0.0846,0.27298,0.35856,0.35354,0.29994,0.23102
50,,0.21655,0.69,0.0746,0.26298,0.34856,0.34354,0.28994,0.22102
51,,0.20655,0.68,0.0646,0.25298,0.33856,0.33354,0.27994,0.21102
52,,0.19655,0.67,0.0546,0.24298,0.32856,0.32354,0.26994,0.20102
53,,0.18655,0.66,0.0446,0.23298,0.31856,0.31354,0.25994,0.19102
54,,0.17655,0.65,0.0346,0.22298,0.30856,0.30354,0.24994,0.18102
55,,0.16655,0.64,0.0246,0.21298,0.29856,0.29354,0.23994,0.17102
56,,0.15655,0.63,0.0146,0.20298,0.28856,0.28354,0.22994,0.16102
57,,0.14655,0.62,0.0046,0.19298,0.27856,0.27354,0.21994,0.15102
58,,0.13655,0.61,-0.0054,0.18298,0.26856,0.26354,0.20994,0.14102
59,3,0.32655,0.8,0.9946,0.37298,0.45856,0.45354,0.39994,0.33102
60,3,0.51655,0.99,1.0,0.56298,0.64856,0.64354,0.58994,0.52102
61,,0.50655,0.98,0.99,0.55298,0.63856,0.63354,0.57994,0.51102
62,,0.49655,0.97,0.98,0.54298,0.62856,0.62354,0.56994,0.50102
63,,0.48655,0.96,0.97,0.53298,0.61856,0.61354,0.55994,0.49102
64,,0.47655,0.95,0.96,0.52298,0.60856,0.60354,0.54994,0.48102
65,,0.46655,0.94,0.95,0.51298,0.59856,0.59354,0.53994,0.47102
66,,0.45655,0.93,0.94,0.50298,0.58856,0.58354,0.52994,0.46102
67,,0.44655,0.92,0.93,0.49298,0.57856,0.57354,0.51994,0.45102
68,,0.43655,0.91,0.92,0.48298,0.56856,0.56354,0.50994,0.44102
69,,0.42655,0.9,0.91,0.47298,0.55856,0.55354,0.49994,0.43102
70,,0.41655,0.89,0.9,0.46298,0.54856,0.54354,0.48994,0.42102
71,,0.40655,0.88,0.89,0.45298,0.53856,0.53354,0.47994,0.41102
72,,0.39655,0.87,0.88,0.44298,0.52856,0.52354,0.46994,0.40102
73,,0.38655,0.86,0.87,0.43298,0.51856,0.51354,0.45994,0.39102
74,,0.37655,0.85,0.86,0.42298,0.50856,0.50354,0.44994,0.38102
75,,0.36655,0.84,0.85,0.41298,0.49856,0.49354,0.43994,0.37102
76,,0.35655,0.83,0.84,0.40298,0.48856,0.48354,0.42994,0.36102
77,,0.34655,0.82,0.83,0.39298,0.47856,0.47354,0.41994,0.35102
78,,0.33655,0.81,0.82,0.38298,0.46856,0.46354,0.40994,0.34102
79,,0.32655,0.8,0.81,0.37298,0.45856,0.45354,0.39994,0.33102
80,,0.31655,0.79,0.8,0.36298,0.44856,0.44354,0.38994,0.32102
81,,0.30655,0.78,0.79,0.35298,0.43856,0.43354,0.37994,0.31102
82,,0.29655,0.77,0.78,0.34298,0.42856,0.42354,0.36994,0.30102
83,,0.28655,0.76,0.77,0.33298,0.41856,0.41354,0.35994,0.29102
84,,0.27655,0.75,0.76,0.32298,0.40856,0.40354,0.34994,0.28102
85,,0.26655,0.74,0.75,0.31298,0.39856,0.39354,0.33994,0.27102
86,,0.25655,0.73,0.74,0.30298,0.38856,0.38354,0.32994,0.26102
87,,0.24655,0.72,0.73,0.29298,0.37856,0.37354,0.31994,0.25102
88,,0.23655,0.71,0.72,0.28298,0.36856,0.36354,0.30994,0.24102
89,,0.22655,0.7,0.71,0.27298,0.35856,0.35354,0.29994,0.23102
90,,0.21655,0.69,0.7,0.26298,0.34856,0.34354,0.28994,0.22102
91,,0.20655,0.68,0.69,0.25298,0.33856,0.33354,0.27994,0.21102
92,,0.19655,0.67,0.68,0.24298,0.32856,0.32354,0.26994,0.20102
93,,0.18655,0.66,0.67,0.23298,0.31856,0.31354,0.25994,0.19102
94,,0.17655,0.65,0.66,0.22298,0.30856,0.30354,0.24994,0.18102
95,,0.16655,0.64,0.65,0.21298,0.29856,0.29354,0.23994,0.17102
96,,0.15655,0.63,0.64,0.20298,0.28856,0.28354,0.22994,0.16102
97,,0.14655,0.62,0.63,0.19298,0.27856,0.27354,0.21994,0.15102
98,,0.13655,0.61,0.62,0.18298,0.26856,0.26354,0.20994,0.14102
99,,0.12655,0.6,0.61,0.17298,0.25856,0.25354,0.19994,0.13102
100,,0.11655,0.59,0.6,0.16298,0.24856,0.24354,0.18994,0.12102
101,,0.10655,0.58,0.59,0.15298,0.23856,0.23354,0.17994,0.11102
102,,0.09655,0.57,0.58,0.14298,0.22856,0.22354,0.16994,0.10102
103,,0.08655,0.56,0.57,0.13298,0.21856,0.21354,0.15994,0.09102
104,,0.07655,0.55,0.56,0.12298,0.20856,0.20354,0.14994,0.08102
105,,0.06655,0.54,0.55,0.11298,0.19856,0.19354,0.13994,0.07102
106,,0.05655,0.53,0.54,0.10298,0.18856,0.18354,0.12994,0.06102
107,,0.04655,0.52,0.53,0.09298,0.17856,0.17354,0.11994,0.05102
108,,0.03655,0.51,0.52,0.08298,0.16856,0.16354,0.10994,0.04102
109,,0.02655,0.5,0.51,0.07298,0.15856,0.15354,0.09994,0.03102
110,,0.01655,0.49,0.5,0.06298,0.14856,0.14354,0.08994,0.02102
111,,0.00655,0.48,0.49,0.05298,0.13856,0.13354,0.07994,0.01102
112,,-0.00345,0.47,0.48,0.04298,0.12856,0.12354,0.06994,0.00102
113,1,0.99655,0.66,0.67,0.23298,0.31856,0.31354,0.25994,0.19102
114,1,1.0,0.85,0.86,0.42298,0.50856,0.50354,0.44994,0.38102
115,,0.99,0.84,0.85,0.41298,0.49856,0.49354,0.43994,0.37102
116,,0.98,0.83,0.84,0.40298,0.48856,0.48354,0.42994,0.36102
117,,0.97,0.82,0.83,0.39298,0.47856,0.47354,0.41994,0.35102
118,,0.96,0.81,0.82,0.38298,0.46856,0.46354,0.40994,0.34102
119,,0.95,0.8,0.81,0.37298,0.45856,0.45354,0.39994,0.33102
120,,0.94,0.79,0.8,0.36298,0.44856,0.44354,0.38994,0.32102
121,,0.93,0.78,0.79,0.35298,0.43856,0.43354,0.37994,0.31102
122,,0.92,0.77,0.78,0.34298,0.42856,0.42354,0.36994,0.30102
123,,0.91,0.76,0.77,0.33298,0.41856,0.41354,0.35994,0.29102
124,,0.9,0.75,0.76,0.32298,0.40856,0.40354,0.34994,0.28102
125,,0.89,0.74,0.75,0.31298,0.39856,0.39354,0.33994,0.27102
126,,0.88,0.73,0.74,0.30298,0.38856,0.38354,0.32994,0.26102
127,,0.87,0.72,0.73,0.29298,0.37856,0.37354,0.31994,0.25102
128,,0.86,0.71,0.72,0.28298,0.36856,0.36354,0.30994,0.24102
129,,0.85,0.7,0.71,0.27298,0.35856,0.35354,0.29994,0.23102
130,,0.84,0.69,0.7,0.26298,0.34856,0.34354,0.28994,0.22102
131,,0.83,0.68,0.69,0.25298,0.33856,0.33354,0.27994,0.21102
132,,0.82,0.67,0.68,0.24298,0.32856,0.32354,0.26994,0.20102
133,,0.81,0.66,0.67,0.23298,0.31856,0.31354,0.25994,0.19102
134,,0.8,0.65,0.66,0.22298,0.30856,0.30354,0.24994,0.18102
135,,0.79,0.64,0.65,0.21298,0.29856,0.29354,0.23994,0.17102
136,,0.78,0.63,0.64,0.20298,0.28856,0.28354,0.22994,0.16102
137,,0.77,0.62,0.63,0.19298,0.27856,0.27354,0.21994,0.15102
138,,0.76,0.61,0.62,0.18298,0.26856,0.26354,0.20994,0.14102
139,,0.75,0.6,0.61,0.17298,0.25856,0.25354,0.19994,0.13102
140,,0.74,0.59,0.6,0.16298,0.24856,0.24354,0.18994,0.12102
141,,0.73,0.58,0.59,0.15298,0.23856,0.23354,0.17994,0.11102
142,,0.72,0.57,0.58,0.14298,0.22856,0.22354,0.16994,0.10102
143,,0.71,0.56,0.57,0.13298,0.21856,0.21354,0.15994,0.09102
144,,0.7,0.55,0.56,0.12298,0.20856,0.20354,0.14994,0.08102
145,,0.69,0.54,0.55,0.11298,0.19856,0.19354,0.13994,0.07102
146,,0.68,0.53,0.54,0.10298,0.18856,0.18354,0.12994,0.06102
147,,0.67,0.52,0.53,0.09298,0.17856,0.17354,0.11994,0.05102
148,,0.66,0.51,0.52,0.08298,0.16856,0.16354,0.10994,0.04102
149,,0.65,0.5,0.51,0.07298,0.15856,0.15354,0.09994,0.03102
150,,0.64,0.49,0.5,0.06298,0.14856,0.14354,0.08994,0.02102
151,,0.63,0.48,0.49,0.05298,0.13856,0.13354,0.07994,0.01102
152,,0.62,0.47,0.48,0.04298,0.12856,0.12354,0.06994,0.00102
153,,0.61,0.46,0.47,0.03298,0.11856,0.11354,0.05994,-0.00898
154,8,0.8,0.65,0.66,0.22298,0.30856,0.30354,0.24994,0.99102
155,8,0.99,0.84,0.85,0.41298,0.49856,0.49354,0.43994,1.0
156,,0.98,0.83,0.84,0.40298,0.48856,0.48354,0.42994,0.99
157,,0.97,0.82,0.83,0.39298,0.47856,0.47354,0.41994,0.98
158,,0.96,0.81,0.82,0.38298,0.46856,0.46354,0.40994,0.97
159,,0.95,0.8,0.81,0.37298,0.45856,0.45354,0.39994,0.96
160,,0.94,0.79,0.8,0.36298,0.44856,0.44354,0.38994,0.95
161,,0.93,0.78,0.79,0.35298,0.43856,0.43354,0.37994,0.94
162,,0.92,0.77,0.78,0.34298,0.42856,0.42354,0.36994,0.93
163,,0.91,0.76,0.77,0.33298,0.41856,0.41354,0.35994,0.92
164,,0.9,0.75,0.76,0.32298,0.40856,0.40354,0.34994,0.91
165,,0.89,0.74,0.75,0.31298,0.39856,0.39354,0.33994,0.9
166,,0.88,0.73,0.74,0.30298,0.38856,0.38354,0.32994,0.89
167,,0.87,0.72,0.73,0.29298,0.37856,0.37354,0.31994,0.88
168,,0.86,0.71,0.72,0.28298,0.36856,0.36354,0.30994,0.87
169,,0.85,0.7,0.71,0.27298,0.35856,0.35354,0.29994,0.86
170,,0.84,0.69,0.7,0.26298,0.34856,0.34354,0.28994,0.85
171,,0.83,0.68,0.69,0.25298,0.33856,0.33354,0.27994,0.84
172,,0.82,0.67,0.68,0.24298,0.32856,0.32354,0.26994,0.83
173,,0.81,0.66,0.67,0.23298,0.31856,0.31354,0.25994,0.82
174,,0.8,0.65,0.66,0.22298,0.30856,0.30354,0.24994,0.81
175,,0.79,0.64,0.65,0.21298,0.29856,0.29354,0.23994,0.8
176,,0.78,0.63,0.64,0.20298,0.28856,0.28354,0.22994,0.79
177,,0.77,0.62,0.63,0.19298,0.27856,0.27354,0.21994,0.78
178,,0.76,0.61,0.62,0.18298,0.26856,0.26354,0.20994,0.77
179,,0.75,0.6,0.61,0.17298,0.25856,0.25354,0.19994,0.76
180,,0.74,0.59,0.6,0.16298,0.24856,0.24354,0.18994,0.75
181,,0.73,0.58,0.59,0.15298,0.23856,0.23354,0.17994,0.74
182,,0.72,0.57,0.58,0.14298,0.22856,0.22354,0.16994,0.73
183,,0.71,0.56,0.57,0.13298,0.21856,0.21354,0.15994,0.72
184,,0.7,0.55,0.56,0.12298,0.20856,0.20354,0.14994,0.71
185,,0.69,0.54,0.55,0.11298,0.19856,0.19354,0.13994,0.7
186,,0.68,0.53,0.54,0.10298,0.18856,0.18354,0.12994,0.69
187,,0.67,0.52,0.53,0.09298,0.17856,0.17354,0.11994,0.68
188,,0.66,0.51,0.52,0.08298,0.16856,0.16354,0.10994,0.67
189,,0.65,0.5,0.51,0.07298,0.15856,0.15354,0.09994,0.66
190,,0.64,0.49,0.5,0.06298,0.14856,0.14354,0.08994,0.65
191,,0.63,0.48,0.49,0.05298,0.13856,0.13354,0.07994,0.64
192,,0.62,0.47,0.48,0.04298,0.12856,0.12354,0.06994,0.63
193,,0.61,0.46,0.47,0.03298,0.11856,0.11354,0.05994,0.62
194,,0.6,0.45,0.46,0.02298,0.10856,0.10354,0.04994,0.61
195,,0.59,0.44,0.45,0.01298,0.09856,0.09354,0.03994,0.6
196,,0.58,0.43,0.44,0.00298,0.08856,0.08354,0.02994,0.59
197,,0.57,0.42,0.43,-0.00702,0.07856,0.07354,0.01994,0.58
198,4,0.76,0.61,0.62,0.99298,0.26856,0.26354,0.20994,0.77
199,4,0.95,0.8,0.81,1.0,0.45856,0.45354,0.39994,0.96
200,,0.94,0.79,0.8,0.99,0.44856,0.44354,0.38994,0.95
201,,0.93,0.78,0.79,0.98,0.43856,0.43354,0.37994,0.94
202,,0.92,0.77,0.78,0.97,0.42856,0.42354,0.36994,0.93
203,,0.91,0.76,0.77,0.96,0.41856,0.41354,0.35994,0.92
204,,0.9,0.75,0.76,0.95,0.40856,0.40354,0.34994,0.91
205,,0.89,0.74,0.75,0.94,0.39856,0.39354,0.33994,0.9
206,,0.88,0.73,0.74,0.93,0.38856,0.38354,0.32994,0.89
207,,0.87,0.72,0.73,0.92,0.37856,0.37354,0.31994,0.88
208,,0.86,0.71,0.72,0.91,0.36856,0.36354,0.30994,0.87
209,,0.85,0.7,0.71,0.9,0.35856,0.35354,0.29994,0.86
210,,0.84,0.69,0.7,0.89,0.34856,0.34354,0.28994,0.85
211,,0.83,0.68,0.69,0.88,0.33856,0.33354,0.27994,0.84
212,,0.82,0.67,0.68,0.87,0.32856,0.32354,0.26994,0.83
213,,0.81,0.66,0.67,0.86,0.31856,0.31354,0.25994,0.82
214,,0.8,0.65,0.66,0.85,0.30856,0.30354,0.24994,0.81
215,,0.79,0.64,0.65,0.84,0.29856,0.29354,0.23994,0.8
216,,0.78,0.63,0.64,0.83,0.28856,0.28354,0.22994,0.79
217,,0.77,0.62,0.63,0.82,0.27856,0.27354,0.21994,0.78
218,,0.76,0.61,0.62,0.81,0.26856,0.26354,0.20994,0.77
219,,0.75,0.6,0.61,0.8,0.25856,0.25354,0.19994,0.76
220,,0.74,0.59,0.6,0.79,0.24856,0.24354,0.18994,0.75
221,,0.73,0.58,0.59,0.78,0.23856,0.23354,0.17994,0.74
222,,0.72,0.57,0.58,0.77,0.22856,0.22354,0.16994,0.73
223,,0.71,0.56,0.57,0.76,0.21856,0.21354,0.15994,0.72
224,,0.7,0.55,0.56,0.75,0.20856,0.20354,0.14994,0.71
225,,0.69,0.54,0.55,0.74,0.19856,0.19354,0.13994,0.7
226,,0.68,0.53,0.54,0.73,0.18856,0.18354,0.12994,0.69
227,,0.67,0.52,0.53,0.72,0.17856,0.17354,0.11994,0.68
228,,0.66,0.51,0.52,0.71,0.16856,0.16354,0.10994,0.67
229,,0.65,0.5,0.51,0.7,0.15856,0.15354,0.09994,0.66
230,,0.64,0.49,0.5,0.69,0.14856,0.14354,0.08994,0.65
231,,0.63,0.48,0.49,0.68,0.13856,0.13354,0.07994,0.64
232,,0.62,0.47,0.48,0.67,0.12856,0.12354,0.06994,0.63
233,,0.61,0.46,0.47,0.66,0.11856,0.11354,0.05994,0.62
234,,0.6,0.45,0.46,0.65,0.10856,0.10354,0.04994,0.61
235,,0.59,0.44,0.45,0.64,0.09856,0.09354,0.03994,0.6
236,,0.58,0.43,0.44,0.63,0.08856,0.08354,0.02994,0.59
237,,0.57,0.42,0.43,0.62,0.07856,0.07354,0.01994,0.58
238,,0.56,0.41,0.42,0.61,0.06856,0.06354,0.00994,0.57
239,,0.55,0.4,0.41,0.6,0.05856,0.05354,-6e-05,0.56
240,7,0.74,0.59,0.6,0.79,0.24856,0.24354,0.99994,0.75
241,7,0.93,0.78,0.79,0.98,0.43856,0.43354,1.0,0.94
242,,0.92,0.77,0.78,0.97,0.42856,0.42354,0.99,0.93
243,,0.91,0.76,0.77,0.96,0.41856,0.41354,0.98,0.92
244,,0.9,0.75,0.76,0.95,0.40856,0.40354,0.97,0.91
245,,0.89,0.74,0.75,0.94,0.39856,0.39354,0.96,0.9
246,,0.88,0.73,0.74,0.93,0.38856,0.38354,0.95,0.89
247,,0.87,0.72,0.73,0.92,0.37856,0.37354,0.94,0.88
248,,0.86,0.71,0.72,0.91,0.36856,0.36354,0.93,0.87
249,,0.85,0.7,0.71,0.9,0.35856,0.35354,0.92,0.86
250,,0.84,0.69,0.7,0.89,0.34856,0.34354,0.91,0.85
251,,0.83,0.68,0.69,0.88,0.33856,0.33354,0.9,0.84
252,,0.82,0.67,0.68,0.87,0.32856,0.32354,0.89,0.83
253,,0.81,0.66,0.67,0.86,0.31856,0.31354,0.88,0.82
254,,0.8,0.65,0.66,0.85,0.30856,0.30354,0.87,0.81
255,,0.79,0.64,0.65,0.84,0.29856,0.29354,0.86,0.8
256,,0.78,0.63,0.64,0.83,0.28856,0.28354,0.85,0.79
257,,0.77,0.62,0.63,0.82,0.27856,0.27354,0.84,0.78
258,,0.76,0.61,0.62,0.81,0.26856,0.26354,0.83,0.77
259,,0.75,0.6,0.61,0.8,0.25856,0.25354,0.82,0.76
260,,0.74,0.59,0.6,0.79,0.24856,0.24354,0.81,0.75
261,,0.73,0.58,0.59,0.78,0.23856,0.23354,0.8,0.74
262,,0.72,0.57,0.58,0.77,0.22856,0.22354,0.79,0.73
263,,0.71,0.56,0.57,0.76,0.21856,0.21354,0.78,0.72
264,,0.7,0.55,0.56,0.75,0.20856,0.20354,0.77,0.71
265,,0.69,0.54,0.55,0.74,0.19856,0.19354,0.76,0.7
266,,0.68,0.53,0.54,0.73,0.18856,0.18354,0.75,0.69
267,,0.67,0.52,0.53,0.72,0.17856,0.17354,0.74,0.68
268,,0.66,0.51,0.52,0.71,0.16856,0.16354,0.73,0.67
269,,0.65,0.5,0.51,0.7,0.15856,0.15354,0.72,0.66
270,,0.64,0.49,0.5,0.69,0.14856,0.14354,0.71,0.65
271,,0.63,0.48,0.49,0.68,0.13856,0.13354,0.7,0.64
272,,0.62,0.47,0.48,0.67,0.12856,0.12354,0.69,0.63
273,,0.61,0.46,0.47,0.66,0.11856,0.11354,0.68,0.62
274,,0.6,0.45,0.46,0.65,0.10856,0.10354,0.67,0.61
275,,0.59,0.44,0.45,0.64,0.09856,0.09354,0.66,0.6
276,,0.58,0.43,0.44,0.63,0.08856,0.08354,0.65,0.59
277,,0.57,0.42,0.43,0.62,0.07856,0.07354,0.64,0.58
278,,0.56,0.41,0.42,0.61,0.06856,0.06354,0.63,0.57
279,,0.55,0.4,0.41,0.6,0.05856,0.05354,0.62,0.56
280,,0.54,0.39,0.4,0.59,0.04856,0.04354,0.61,0.55
281,,0.53,0.38,0.39,0.58,0.03856,0.03354,0.6,0.54
282,,0.52,0.37,0.38,0.57,0.02856,0.02354,0.59,0.53
283,,0.51,0.36,0.37,0.56,0.01856,0.01354,0.58,0.52
284,,0.5,0.35,0.36,0.55,0.00856,0.00354,0.57,0.51
285,,0.49,0.34,0.35,0.54,-0.00144,-0.00646,0.56,0.5
286,6,0.68,0.53,0.54,0.73,0.18856,0.99354,0.75,0.69
287,6,0.87,0.72,0.73,0.92,0.37856,1.0,0.94,0.88
288,,0.86,0.71,0.72,0.91,0.36856,0.99,0.93,0.87
289,,0.85,0.7,0.71,0.9,0.35856,0.98,0.92,0.86
290,,0.84,0.69,0.7,0.89,0.34856,0.97,0.91,0.85
291,,0.83,0.68,0.69,0.88,0.33856,0.96,0.9,0.84
292,,0.82,0.67,0.68,0.87,0.32856,0.95,0.89,0.83
293,,0.81,0.66,0.67,0.86,0.31856,0.94,0.88,0.82
294,,0.8,0.65,0.66,0.85,0.30856,0.93,0.87,0.81
295,,0.79,0.64,0.65,0.84,0.29856,0.92,0.86,0.8
296,,0.78,0.63,0.64,0.83,0.28856,0.91,0.85,0.79
297,,0.77,0.62,0.63,0.82,0.27856,0.9,0.84,0.78
298,,0.76,0.61,0.62,0.81,0.26856,0.89,0.83,0.77
299,,0.75,0.6,0.61,0.8,0.25856,0.88,0.82,0.76
300,,0.74,0.59,0.6,0.79,0.24856,0.87,0.81,0.75
301,,0.73,0.58,0.59,0.78,0.23856,0.86,0.8,0.74
302,,0.72,0.57,0.58,0.77,0.22856,0.85,0.79,0.73
303,,0.71,0.56,0.57,0.76,0.21856,0.84,0.78,0.72
304,,0.7,0.55,0.56,0.75,0.20856,0.83,0.77,0.71
305,,0.69,0.54,0.55,0.74,0.19856,0.82,0.76,0.7
306,,0.68,0.53,0.54,0.73,0.18856,0.81,0.75,0.69
307,,0.67,0.52,0.53,0.72,0.17856,0.8,0.74,0.68
308,,0.66,0.51,0.52,0.71,0.16856,0.79,0.73,0.67
309,,0.65,0.5,0.51,0.7,0.15856,0.78,0.72,0.66
310,,0.64,0.49,0.5,0.69,0.14856,0.77,0.71,0.65
311,,0.63,0.48,0.49,0.68,0.13856,0.76,0.7,0.64
312,,0.62,0.47,0.48,0.67,0.12856,0.75,0.69,0.63
313,,0.61,0.46,0.47,0.66,0.11856,0.74,0.68,0.62
314,,0.6,0.45,0.46,0.65,0.10856,0.73,0.67,0.61
315,,0.59,0.44,0.45,0.64,0.09856,0.72,0.66,0.6
316,,0.58,0.43,0.44,0.63,0.08856,0.71,0.65,0.59
317,,0.57,0.42,0.43,0.62,0.07856,0.7,0.64,0.58
318,,0.56,0.41,0.42,0.61,0.06856,0.69,0.63,0.57
319,,0.55,0.4,0.41,0.6,0.05856,0.68,0.62,0.56
320,,0.54,0.39,0.4,0.59,0.04856,0.67,0.61,0.55
321,,0.53,0.38,0.39,0.58,0.03856,0.66,0.6,0.54
322,,0.52,0.37,0.38,0.57,0.02856,0.65,0.59,0.53
323,,0.51,0.36,0.37,0.56,0.01856,0.64,0.58,0.52
324,,0.5,0.35,0.36,0.55,0.00856,0.63,0.57,0.51
325,,0.49,0.34,0.35,0.54,-0.00144,0.62,0.56,0.5
326,5,0.68,0.53,0.54,0.73,0.99856,0.81,0.75,0.69
327,5,0.87,0.72,0.73,0.92,1.0,1.0,0.94,0.88
328,,0.86,0.71,0.72,0.91,0.99,0.99,0.93,0.87
329,,0.85,0.7,0.71,0.9,0.98,0.98,0.92,0.86
330,,0.84,0.69,0.7,0.89,0.97,0.97,0.91,0.85
331,,0.83,0.68,0.69,0.88,0.96,0.96,0.9,0.84
332,,0.82,0.67,0.68,0.87,0.95,0.95,0.89,0.83
333,,0.81,0.66,0.67,0.86,0.94,0.94,0.88,0.82
334,,0.8,0.65,0.66,0.85,0.93,0.93,0.87,0.81
335,,0.79,0.64,0.65,0.84,0.92,0.92,0.86,0.8
336,,0.78,0.63,0.64,0.83,0.91,0.91,0.85,0.79
337,,0.77,0.62,0.63,0.82,0.9,0.9,0.84,0.78
338,,0.76,0.61,0.62,0.81,0.89,0.89,0.83,0.77
339,,0.75,0.6,0.61,0.8,0.88,0.88,0.82,0.76
340,,0.74,0.59,0.6,0.79,0.87,0.87,0.81,0.75
341,,0.73,0.58,0.59,0.78,0.86,0.86,0.8,0.74
342,,0.72,0.57,0.58,0.77,0.85,0.85,0.79,0.73
343,,0.71,0.56,0.57,0.76,0.84,0.84,0.78,0.72
344,,0.7,0.55,0.56,0.75,0.83,0.83,0.77,0.71
345,,0.69,0.54,0.55,0.74,0.82,0.82,0.76,0.7
346,,0.68,0.53,0.54,0.73,0.81,0.81,0.75,0.69
347,,0.67,0.52,0.53,0.72,0.8,0.8,0.74,0.68
348,,0.66,0.51,0.52,0.71,0.79,0.79,0.73,0.67
349,,0.65,0.5,0.51,0.7,0.78,0.78,0.72,0.66
350,,0.64,0.49,0.5,0.69,0.77,0.77,0.71,0.65
351,,0.63,0.48,0.49,0.68,0.76,0.76,0.7,0.64
352,,0.62,0.47,0.48,0.67,0.75,0.75,0.69,0.63
353,,0.61,0.46,0.47,0.66,0.74,0.74,0.68,0.62
354,,0.6,0.45,0.46,0.65,0.73,0.73,0.67,0.61
355,,0.59,0.44,0.45,0.64,0.72,0.72,0.66,0.6
356,,0.58,0.43,0.44,0.63,0.71,0.71,0.65,0.59
357,,0.57,0.42,0.43,0.62,0.7,0.7,0.64,0.58
358,,0.56,0.41,0.42,0.61,0.69,0.69,0.63,0.57
359,,0.55,0.4,0.41,0.6,0.68,0.68,0.62,0.56
360,,0.54,0.39,0.4,0.59,0.67,0.67,0.61,0.55
361,,0.53,0.38,0.39,0.58,0.66,0.66,0.6,0.54
362,,0.52,0.37,0.38,0.57,0.65,0.65,0.59,0.53
363,,0.51,0.36,0.37,0.56,0.64,0.64,0.58,0.52
364,,0.5,0.35,0.36,0.55,0.63,0.63,0.57,0.51
365,,0.49,0.34,0.35,0.54,0.62,0.62,0.56,0.5
366,,0.48,0.33,0.34,0.53,0.61,0.61,0.55,0.49
367,,0.47,0.32,0.33,0.52,0.6,0.6,0.54,0.48
368,,0.46,0.31,0.32,0.51,0.59,0.59,0.53,0.47
369,,0.45,0.3,0.31,0.5,0.58,0.58,0.52,0.46
370,,0.44,0.29,0.3,0.49,0.57,0.57,0.51,0.45
371,,0.43,0.28,0.29,0.48,0.56,0.56,0.5,0.44
372,,0.42,0.27,0.28,0.47,0.55,0.55,0.49,0.43
373,,0.41,0.26,0.27,0.46,0.54,0.54,0.48,0.42
374,,0.4,0.25,0.26,0.45,0.53,0.53,0.47,0.41
375,,0.39,0.24,0.25,0.44,0.52,0.52,0.46,0.4
376,,0.38,0.23,0.24,0.43,0.51,0.51,0.45,0.39
377,,0.37,0.22,0.23,0.42,0.5,0.5,0.44,0.38
378,,0.36,0.21,0.22,0.41,0.49,0.49,0.43,0.37
379,,0.35,0.2,0.21,0.4,0.48,0.48,0.42,0.36
380,,0.34,0.19,0.2,0.39,0.47,0.47,0.41,0.35
381,,0.33,0.18,0.19,0.38,0.46,0.46,0.4,0.34
382,,0.32,0.17,0.18,0.37,0.45,0.45,0.39,0.33
383,,0.31,0.16,0.17,0.36,0.44,0.44,0.38,0.32
384,,0.3,0.15,0.16,0.35,0.43,0.43,0.37,0.31
385,,0.29,0.14,0.15,0.34,0.42,0.42,0.36,0.3
386,,0.28,0.13,0.14,0.33,0.41,0.41,0.35,0.29
387,,0.27,0.12,0.13,0.32,0.4,0.4,0.34,0.28
388,,0.26,0.11,0.12,0.31,0.39,0.39,0.33,0.27
389,,0.25,0.1,0.11,0.3,0.38,0.38,0.32,0.26
390,,0.24,0.09,0.1,0.29,0.37,0.37,0.31,0.25
391,,0.23,0.08,0.09,0.28,0.36,0.36,0.3,0.24
392,,0.22,0.07,0.08,0.27,0.35,0.35,0.29,0.23
393,,0.21,0.06,0.07,0.26,0.34,0.34,0.28,0.22
394,,0.2,0.05,0.06,0.25,0.33,0.33,0.27,0.21
395,,0.19,0.04,0.05,0.24,0.32,0.32,0.26,0.2
396,,0.18,0.03,0.04,0.23,0.31,0.31,0.25,0.19
397,,0.17,0.02,0.03,0.22,0.3,0.3,0.24,0.18
398,,0.16,0.01,0.02,0.21,0.29,0.29,0.23,0.17
399,,0.15,0.0,0.01,0.2,0.28,0.28,0.22,0.16
400,,0.14,-0.01,0.0,0.19,0.27,0.27,0.21,0.15
401,2,0.33,0.99,0.19,0.38,0.46,0.46,0.4,0.34
402,2,0.52,1.0,0.38,0.57,0.65,0.65,0.59,0.53
403,,0.51,0.99,0.37,0.56,0.64,0.64,0.58,0.52
404,,0.5,0.98,0.36,0.55,0.63,0.63,0.57,0.51
405,,0.49,0.97,0.35,0.54,0.62,0.62,0.56,0.5
406,,0.48,0.96,0.34,0.53,0.61,0.61,0.55,0.49
407,,0.47,0.95,0.33,0.52,0.6,0.6,0.54,0.48
408,,0.46,0.94,0.32,0.51,0.59,0.59,0.53,0.47
409,,0.45,0.93,0.31,0.5,0.58,0.58,0.52,0.46
410,,0.44,0.92,0.3,0.49,0.57,0.57,0.51,0.45
411,,0.43,0.91,0.29,0.48,0.56,0.56,0.5,0.44
412,,0.42,0.9,0.28,0.47,0.55,0.55,0.49,0.43
413,,0.41,0.89,0.27,0.46,0.54,0.54,0.48,0.42
414,,0.4,0.88,0.26,0.45,0.53,0.53,0.47,0.41
415,,0.39,0.87,0.25,0.44,0.52,0.52,0.46,0.4
416,,0.38,0.86,0.24,0.43,0.51,0.51,0.45,0.39
417,,0.37,0.85,0.23,0.42,0.5,0.5,0.44,0.38
418,,0.36,0.84,0.22,0.41,0.49,0.49,0.43,0.37
419,,0.35,0.83,0.21,0.4,0.48,0.48,0.42,0.36
420,,0.34,0.82,0.2,0.39,0.47,0.47,0.41,0.35
421,,0.33,0.81,0.19,0.38,0.46,0.46,0.4,0.34
422,,0.32,0.8,0.18,0.37,0.45,0.45,0.39,0.33
423,,0.31,0.79,0.17,0.36,0.44,0.44,0.38,0.32
424,,0.3,0.78,0.16,0.35,0.43,0.43,0.37,0.31
425,,0.29,0.77,0.15,0.34,0.42,0.42,0.36,0.3
426,,0.28,0.76,0.14,0.33,0.41,0.41,0.35,0.29
427,,0.27,0.75,0.13,0.32,0.4,0.4,0.34,0.28
428,,0.26,0.74,0.12,0.31,0.39,0.39,0.33,0.27
429,,0.25,0.73,0.11,0.3,0.38,0.38,0.32,0.26
430,,0.24,0.72,0.1,0.29,0.37,0.37,0.31,0.25
431,,0.23,0.71,0.09,0.28,0.36,0.36,0.3,0.24
432,,0.22,0.7,0.08,0.27,0.35,0.35,0.29,0.23
433,,0.21,0.69,0.07,0.26,0.34,0.34,0.28,0.22
434,,0.2,0.68,0.06,0.25,0.33,0.33,0.27,0.21
435,,0.19,0.67,0.05,0.24,0.32,0.32,0.26,0.2
436,,0.18,0.66,0.04,0.23,0.31,0.31,0.25,0.19
437,,0.17,0.65,0.03,0.22,0.3,0.3,0.24,0.18
438,,0.16,0.64,0.02,0.21,0.29,0.29,0.23,0.17
439,,0.15,0.63,0.01,0.2,0.28,0.28,0.22,0.16
440,,0.14,0.62,0.0,0.19,0.27,0.27,0.21,0.15
441,,0.13,0.61,-0.01,0.18,0.26,0.26,0.2,0.14
442,3,0.32,0.8,0.99,0.37,0.45,0.45,0.39,0.33
443,3,0.51,0.99,1.0,0.56,0.64,0.64,0.58,0.52
444,,0.5,0.98,0.99,0.55,0.63,0.63,0.57,0.51
445,,0.49,0.97,0.98,0.54,0.62,0.62,0.56,0.5
446,,0.48,0.96,0.97,0.53,0.61,0.61,0.55,0.49
447,,0.47,0.95,0.96,0.52,0.6,0.6,0.54,0.48
448,,0.46,0.94,0.95,0.51,0.59,0.59,0.53,0.47
449,,0.45,0.93,0.94,0.5,0.58,0.58,0.52,0.46
450,,0.44,0.92,0.93,0.49,0.57,0.57,0.51,0.45
451,,0.43,0.91,0.92,0.48,0.56,0.56,0.5,0.44
452,,0.42,0.9,0.91,0.47,0.55,0.55,0.49,0.43
453,,0.41,0.89,0.9,0.46,0.54,0.54,0.48,0.42
454,,0.4,0.88,0.89,0.45,0.53,0.53,0.47,0.41
455,,0.39,0.87,0.88,0.44,0.52,0.52,0.46,0.4
456,,0.38,0.86,0.87,0.43,0.51,0.51,0.45,0.39
457,,0.37,0.85,0.86,0.42,0.5,0.5,0.44,0.38
458,,0.36,0.84,0.85,0.41,0.49,0.49,0.43,0.37
459,,0.35,0.83,0.84,0.4,0.48,0.48,0.42,0.36
460,,0.34,0.82,0.83,0.39,0.47,0.47,0.41,0.35
461,,0.33,0.81,0.82,0.38,0.46,0.46,0.4,0.34
462,,0.32,0.8,0.81,0.37,0.45,0.45,0.39,0.33
463,,0.31,0.79,0.8,0.36,0.44,0.44,0.38,0.32
464,,0.3,0.78,0.79,0.35,0.43,0.43,0.37,0.31
465,,0.29,0.77,0.78,0.34,0.42,0.42,0.36,0.3
466,,0.28,0.76,0.77,0.33,0.41,0.41,0.35,0.29
467,,0.27,0.75,0.76,0.32,0.4,0.4,0.34,0.28
468,,0.26,0.74,0.75,0.31,0.39,0.39,0.33,0.27
469,,0.25,0.73,0.74,0.3,0.38,0.38,0.32,0.26
470,,0.24,0.72,0.73,0.29,0.37,0.37,0.31,0.25
471,,0.23,0.71,0.72,0.28,0.36,0.36,0.3,0.24
472,,0.22,0.7,0.71,0.27,0.35,0.35,0.29,0.23
473,,0.21,0.69,0.7,0.26,0.34,0.34,0.28,0.22
474,,0.2,0.68,0.69,0.25,0.33,0.33,0.27,0.21
475,,0.19,0.67,0.68,0.24,0.32,0.32,0.26,0.2
476,,0.18,0.66,0.67,0.23,0.31,0.31,0.25,0.19
477,,0.17,0.65,0.66,0.22,0.3,0.3,0.24,0.18
478,,0.16,0.64,0.65,0.21,0.29,0.29,0.23,0.17
479,,0.15,0.63,0.64,0.2,0.28,0.28,0.22,0.16
480,,0.14,0.62,0.63,0.19,0.27,0.27,0.21,0.15
481,,0.13,0.61,0.62,0.18,0.26,0.26,0.2,0.14
482,,0.12,0.6,0.61,0.17,0.25,0.25,0.19,0.13
483,,0.11,0.59,0.6,0.16,0.24,0.24,0.18,0.12
484,,0.1,0.58,0.59,0.15,0.23,0.23,0.17,0.11
485,,0.09,0.57,0.58,0.14,0.22,0.22,0.16,0.1
486,,0.08,0.56,0.57,0.13,0.21,0.21,0.15,0.09
487,,0.07,0.55,0.56,0.12,0.2,0.2,0.14,0.08
488,,0.06,0.54,0.55,0.11,0.19,0.19,0.13,0.07
489,,0.05,0.53,0.54,0.1,0.18,0.18,0.12,0.06
490,,0.04,0.52,0.53,0.09,0.17,0.17,0.11,0.05
491,,0.03,0.51,0.52,0.08,0.16,0.16,0.1,0.04
492,,0.02,0.5,0.51,0.07,0.15,0.15,0.09,0.03
493,,0.01,0.49,0.5,0.06,0.14,0.14,0.08,0.02
494,,0.0,0.48,0.49,0.05,0.13,0.13,0.07,0.01
495,,-0.01,0.47,0.48,0.04,0.12,0.12,0.06,0.0
496,1,0.99,0.66,0.67,0.23,0.31,0.31,0.25,0.19
497,1,1.0,0.85,0.86,0.42,0.5,0.5,0.44,0.38
498,,0.99,0.84,0.85,0.41,0.49,0.49,0.43,0.37
499,,0.98,0.83,0.84,0.4,0.48,0.48,0.42,0.36
500,,0.97,0.82,0.83,0.39,0.47,0.47,0.41,0.35
501,,0.96,0.81,0.82,0.38,0.46,0.46,0.4,0.34
502,,0.95,0.8,0.81,0.37,0.45,0.45,0.39,0.33
503,,0.94,0.79,0.8,0.36,0.44,0.44,0.38,0.32
504,,0.93,0.78,0.79,0.35,0.43,0.43,0.37,0.31
505,,0.92,0.77,0.78,0.34,0.42,0.42,0.36,0.3
506,,0.91,0.76,0.77,0.33,0.41,0.41,0.35,0.29
507,,0.9,0.75,0.76,0.32,0.4,0.4,0.34,0.28
508,,0.89,0.74,0.75,0.31,0.39,0.39,0.33,0.27
509,,0.88,0.73,0.74,0.3,0.38,0.38,0.32,0.26
510,,0.87,0.72,0.73,0.29,0.37,0.37,0.31,0.25
511,,0.86,0.71,0.72,0.28,0.36,0.36,0.3,0.24
512,,0.85,0.7,0.71,0.27,0.35,0.35,0.29,0.23
513,,0.84,0.69,0.7,0.26,0.34,0.34,0.28,0.22
514,,0.83,0.68,0.69,0.25,0.33,0.33,0.27,0.21
515,,0.82,0.67,0.68,0.24,0.32,0.32,0.26,0.2
516,,0.81,0.66,0.67,0.23,0.31,0.31,0.25,0.19
517,,0.8,0.65,0.66,0.22,0.3,0.3,0.24,0.18
518,,0.79,0.64,0.65,0.21,0.29,0.29,0.23,0.17
519,,0.78,0.63,0.64,0.2,0.28,0.28,0.22,0.16
520,,0.77,0.62,0.63,0.19,0.27,0.27,0.21,0.15
521,,0.76,0.61,0.62,0.18,0.26,0.26,0.2,0.14
522,,0.75,0.6,0.61,0.17,0.25,0.25,0.19,0.13
523,,0.74,0.59,0.6,0.16,0.24,0.24,0.18,0.12
524,,0.73,0.58,0.59,0.15,0.23,0.23,0.17,0.11
525,,0.72,0.57,0.58,0.14,0.22,0.22,0.16,0.1
526,,0.71,0.56,0.57,0.13,0.21,0.21,0.15,0.09
527,,0.7,0.55,0.56,0.12,0.2,0.2,0.14,0.08
528,,0.69,0.54,0.55,0.11,0.19,0.19,0.13,0.07
529,,0.68,0.53,0.54,0.1,0.18,0.18,0.12,0.06
530,,0.67,0.52,0.53,0.09,0.17,0.17,0.11,0.05
531,,0.66,0.51,0.52,0.08,0.16,0.16,0.1,0.04
532,,0.65,0.5,0.51,0.07,0.15,0.15,0.09,0.03
533,,0.64,0.49,0.5,0.06,0.14,0.14,0.08,0.02
534,,0.63,0.48,0.49,0.05,0.13,0.13,0.07,0.01
535,,0.62,0.47,0.48,0.04,0.12,0.12,0.06,0.0
536,,0.61,0.46,0.47,0.03,0.11,0.11,0.05,-0.01
537,8,0.8,0.65,0.66,0.22,0.3,0.3,0.24,0.99
538,8,0.99,0.84,0.85,0.41,0.49,0.49,0.43,1.0
539,,0.98,0.83,0.84,0.4,0.48,0.48,0.42,0.99
540,,0.97,0.82,0.83,0.39,0.47,0.47,0.41,0.98
541,,0.96,0.81,0.82,0.38,0.46,0.46,0.4,0.97
542,,0.95,0.8,0.81,0.37,0.45,0.45,0.39,0.96
543,,0.94,0.79,0.8,0.36,0.44,0.44,0.38,0.95
544,,0.93,0.78,0.79,0.35,0.43,0.43,0.37,0.94
545,,0.92,0.77,0.78,0.34,0.42,0.42,0.36,0.93
546,,0.91,0.76,0.77,0.33,0.41,0.41,0.35,0.92
547,,0.9,0.75,0.76,0.32,0.4,0.4,0.34,0.91
548,,0.89,0.74,0.75,0.31,0.39,0.39,0.33,0.9
549,,0.88,0.73,0.74,0.3,0.38,0.38,0.32,0.89
550,,0.87,0.72,0.73,0.29,0.37,0.37,0.31,0.88
551,,0.86,0.71,0.72,0.28,0.36,0.36,0.3,0.87
552,,0.85,0.7,0.71,0.27,0.35,0.35,0.29,0.86
553,,0.84,0.69,0.7,0.26,0.34,0.34,0.28,0.85
554,,0.83,0.68,0.69,0.25,0.33,0.33,0.27,0.84
555,,0.82,0.67,0.68,0.24,0.32,0.32,0.26,0.83
556,,0.81,0.66,0.67,0.23,0.31,0.31,0.25,0.82
557,,0.8,0.65,0.66,0.22,0.3,0.3,0.24,0.81
558,,0.79,0.64,0.65,0.21,0.29,0.29,0.23,0.8
559,,0.78,0.63,0.64,0.2,0.28,0.28,0.22,0.79
560,,0.77,0.62,0.63,0.19,0.27,0.27,0.21,0.78
561,,0.76,0.61,0.62,0.18,0.26,0.26,0.2,0.77
562,,0.75,0.6,0.61,0.17,0.25,0.25,0.19,0.76
563,,0.74,0.59,0.6,0.16,0.24,0.24,0.18,0.75
564,,0.73,0.58,0.59,0.15,0.23,0.23,0.17,0.74
565,,0.72,0.57,0.58,0.14,0.22,0.22,0.16,0.73
566,,0.71,0.56,0.57,0.13,0.21,0.21,0.15,0.72
567,,0.7,0.55,0.56,0.12,0.2,0.2,0.14,0.71
568,,0.69,0.54,0.55,0.11,0.19,0.19,0.13,0.7
569,,0.68,0.53,0.54,0.1,0.18,0.18,0.12,0.69
570,,0.67,0.52,0.53,0.09,0.17,0.17,0.11,0.68
571,,0.66,0.51,0.52,0.08,0.16,0.16,0.1,0.67
572,,0.65,0.5,0.51,0.07,0.15,0.15,0.09,0.66
573,,0.64,0.49,0.5,0.06,0.14,0.14,0.08,0.65
574,,0.63,0.48,0.49,0.05,0.13,0.13,0.07,0.64
575,,0.62,0.47,0.48,0.04,0.12,0.12,0.06,0.63
576,,0.61,0.46,0.47,0.03,0.11,0.11,0.05,0.62
577,,0.6,0.45,0.46,0.02,0.1,0.1,0.04,0.61
578,,0.59,0.44,0.45,0.01,0.09,0.09,0.03,0.6
579,,0.58,0.43,0.44,0.0,0.08,0.08,0.02,0.59
580,,0.57,0.42,0.43,-0.01,0.07,0.07,0.01,0.58
581,4,0.76,0.61,0.62,0.99,0.26,0.26,0.2,0.77
582,4,0.95,0.8,0.81,1.0,0.45,0.45,0.39,0.96
583,,0.94,0.79,0.8,0.99,0.44,0.44,0.38,0.95
584,,0.93,0.78,0.79,0.98,0.43,0.43,0.37,0.94
585,,0.92,0.77,0.78,0.97,0.42,0.42,0.36,0.93
586,,0.91,0.76,0.77,0.96,0.41,0.41,0.35,0.92
587,,0.9,0.75,0.76,0.95,0.4,0.4,0.34,0.91
588,,0.89,0.74,0.75,0.94,0.39,0.39,0.33,0.9
589,,0.88,0.73,0.74,0.93,0.38,0.38,0.32,0.89
590,,0.87,0.72,0.73,0.92,0.37,0.37,0.31,0.88
591,,0.86,0.71,0.72,0.91,0.36,0.36,0.3,0.87
592,,0.85,0.7,0.71,0.9,0.35,0.35,0.29,0.86
593,,0.84,0.69,0.7,0.89,0.34,0.34,0.28,0.85
594,,0.83,0.68,0.69,0.88,0.33,0.33,0.27,0.84
595,,0.82,0.67,0.68,0.87,0.32,0.32,0.26,0.83
596,,0.81,0.66,0.67,0.86,0.31,0.31,0.25,0.82
597,,0.8,0.65,0.66,0.85,0.3,0.3,0.24,0.81
598,,0.79,0.64,0.65,0.84,0.29,0.29,0.23,0.8
599,,0.78,0.63,0.64,0.83,0.28,0.28,0.22,0.79
600,,0.77,0.62,0.63,0.82,0.27,0.27,0.21,0.78
601,,0.76,0.61,0.62,0.81,0.26,0.26,0.2,0.77
602,,0.75,0.6,0.61,0.8,0.25,0.25,0.19,0.76
603,,0.74,0.59,0.6,0.79,0.24,0.24,0.18,0.75
604,,0.73,0.58,0.59,0.78,0.23,0.23,0.17,0.74
605,,0.72,0.57,0.58,0.77,0.22,0.22,0.16,0.73
606,,0.71,0.56,0.57,0.76,0.21,0.21,0.15,0.72
607,,0.7,0.55,0.56,0.75,0.2,0.2,0.14,0.71
608,,0.69,0.54,0.55,0.74,0.19,0.19,0.13,0.7
609,,0.68,0.53,0.54,0.73,0.18,0.18,0.12,0.69
610,,0.67,0.52,0.53,0.72,0.17,0.17,0.11,0.68
611,,0.66,0.51,0.52,0.71,0.16,0.16,0.1,0.67
612,,0.65,0.5,0.51,0.7,0.15,0.15,0.09,0.66
613,,0.64,0.49,0.5,0.69,0.14,0.14,0.08,0.65
614,,0.63,0.48,0.49,0.68,0.13,0.13,0.07,0.64
615,,0.62,0.47,0.48,0.67,0.12,0.12,0.06,0.63
616,,0.61,0.46,0.47,0.66,0.11,0.11,0.05,0.62
617,,0.6,0.45,0.46,0.65,0.1,0.1,0.04,0.61
618,,0.59,0.44,0.45,0.64,0.09,0.09,0.03,0.6
619,,0.58,0.43,0.44,0.63,0.08,0.08,0.02,0.59
620,,0.57,0.42,0.43,0.62,0.07,0.07,0.01,0.58
621,,0.56,0.41,0.42,0.61,0.06,0.06,0.0,0.57
622,,0.55,0.4,0.41,0.6,0.05,0.05,-0.01,0.56
623,7,0.74,0.59,0.6,0.79,0.24,0.24,0.99,0.75
624,7,0.93,0.78,0.79,0.98,0.43,0.43,1.0,0.94
625,,0.92,0.77,0.78,0.97,0.42,0.42,0.99,0.93
626,,0.91,0.76,0.77,0.96,0.41,0.41,0.98,0.92
627,,0.9,0.75,0.76,0.95,0.4,0.4,0.97,0.91
628,,0.89,0.74,0.75,0.94,0.39,0.39,0.96,0.9
629,,0.88,0.73,0.74,0.93,0.38,0.38,0.95,0.89
630,,0.87,0.72,0.73,0.92,0.37,0.37,0.94,0.88
631,,0.86,0.71,0.72,0.91,0.36,0.36,0.93,0.87
632,,0.85,0.7,0.71,0.9,0.35,0.35,0.92,0.86
633,,0.84,0.69,0.7,0.89,0.34,0.34,0.91,0.85
634,,0.83,0.68,0.69,0.88,0.33,0.33,0.9,0.84
635,,0.82,0.67,0.68,0.87,0.32,0.32,0.89,0.83
636,,0.81,0.66,0.67,0.86,0.31,0.31,0.88,0.82
637,,0.8,0.65,0.66,0.85,0.3,0.3,0.87,0.81
638,,0.79,0.64,0.65,0.84,0.29,0.29,0.86,0.8
639,,0.78,0.63,0.64,0.83,0.28,0.28,0.85,0.79
640,,0.77,0.62,0.63,0.82,0.27,0.27,0.84,0.78
641,,0.76,0.61,0.62,0.81,0.26,0.26,0.83,0.77
642,,0.75,0.6,0.61,0.8,0.25,0.25,0.82,0.76
643,,0.74,0.59,0.6,0.79,0.24,0.24,0.81,0.75
644,,0.73,0.58,0.59,0.78,0.23,0.23,0.8,0.74
645,,0.72,0.57,0.58,0.77,0.22,0.22,0.79,0.73
646,,0.71,0.56,0.57,0.76,0.21,0.21,0.78,0.72
647,,0.7,0.55,0.56,0.75,0.2,0.2,0.77,0.71
648,,0.69,0.54,0.55,0.74,0.19,0.19,0.76,0.7
649,,0.68,0.53,0.54,0.73,0.18,0.18,0.75,0.69
650,,0.67,0.52,0.53,0.72,0.17,0.17,0.74,0.68
651,,0.66,0.51,0.52,0.71,0.16,0.16,0.73,0.67
652,,0.65,0.5,0.51,0.7,0.15,0.15,0.72,0.66
653,,0.64,0.49,0.5,0.69,0.14,0.14,0.71,0.65
654,,0.63,0.48,0.49,0.68,0.13,0.13,0.7,0.64
655,,0.62,0.47,0.48,0.67,0.12,0.12,0.69,0.63
656,,0.61,0.46,0.47,0.66,0.11,0.11,0.68,0.62
657,,0.6,0.45,0.46,0.65,0.1,0.1,0.67,0.61
658,,0.59,0.44,0.45,0.64,0.09,0.09,0.66,0.6
659,,0.58,0.43,0.44,0.63,0.08,0.08,0.65,0.59
660,,0.57,0.42,0.43,0.62,0.07,0.07,0.64,0.58
661,,0.56,0.41,0.42,0.61,0.06,0.06,0.63,0.57
662,,0.55,0.4,0.41,0.6,0.05,0.05,0.62,0.56
663,,0.54,0.39,0.4,0.59,0.04,0.04,0.61,0.55
664,,0.53,0.38,0.39,0.58,0.03,0.03,0.6,0.54
665,,0.52,0.37,0.38,0.57,0.02,0.02,0.59,0.53
666,,0.51,0.36,0.37,0.56,0.01,0.01,0.58,0.52
667,,0.5,0.35,0.36,0.55,0.0,0.0,0.57,0.51
668,,0.49,0.34,0.35,0.54,-0.01,-0.01,0.56,0.5
669,5,0.68,0.53,0.54,0.73,0.99,0.18,0.75,0.69
670,5,0.87,0.72,0.73,0.92,1.0,0.37,0.94,0.88
671,,0.86,0.71,0.72,0.91,0.99,0.36,0.93,0.87
672,,0.85,0.7,0.71,0.9,0.98,0.35,0.92,0.86
673,,0.84,0.69,0.7,0.89,0.97,0.34,0.91,0.85
674,,0.83,0.68,0.69,0.88,0.96,0.33,0.9,0.84
675,,0.82,0.67,0.68,0.87,0.95,0.32,0.89,0.83
676,,0.81,0.66,0.67,0.86,0.94,0.31,0.88,0.82
677,,0.8,0.65,0.66,0.85,0.93,0.3,0.87,0.81
678,,0.79,0.64,0.65,0.84,0.92,0.29,0.86,0.8
679,,0.78,0.63,0.64,0.83,0.91,0.28,0.85,0.79
680,,0.77,0.62,0.63,0.82,0.9,0.27,0.84,0.78
681,,0.76,0.61,0.62,0.81,0.89,0.26,0.83,0.77
682,,0.75,0.6,0.61,0.8,0.88,0.25,0.82,0.76
683,,0.74,0.59,0.6,0.79,0.87,0.24,0.81,0.75
684,,0.73,0.58,0.59,0.78,0.86,0.23,0.8,0.74
685,,0.72,0.57,0.58,0.77,0.85,0.22,0.79,0.73
686,,0.71,0.56,0.57,0.76,0.84,0.21,0.78,0.72
687,,0.7,0.55,0.56,0.75,0.83,0.2,0.77,0.71
688,,0.69,0.54,0.55,0.74,0.82,0.19,0.76,0.7
689,,0.68,0.53,0.54,0.73,0.81,0.18,0.75,0.69
690,,0.67,0.52,0.53,0.72,0.8,0.17,0.74,0.68
691,,0.66,0.51,0.52,0.71,0.79,0.16,0.73,0.67
692,,0.65,0.5,0.51,0.7,0.78,0.15,0.72,0.66
693,,0.64,0.49,0.5,0.69,0.77,0.14,0.71,0.65
694,,0.63,0.48,0.49,0.68,0.76,0.13,0.7,0.64
695,,0.62,0.47,0.48,0.67,0.75,0.12,0.69,0.63
696,,0.61,0.46,0.47,0.66,0.74,0.11,0.68,0.62
697,,0.6,0.45,0.46,0.65,0.73,0.1,0.67,0.61
698,,0.59,0.44,0.45,0.64,0.72,0.09,0.66,0.6
699,,0.58,0.43,0.44,0.63,0.71,0.08,0.65,0.59
700,,0.57,0.42,0.43,0.62,0.7,0.07,0.64,0.58
701,,0.56,0.41,0.42,0.61,0.69,0.06,0.63,0.57
702,,0.55,0.4,0.41,0.6,0.68,0.05,0.62,0.56
703,,0.54,0.39,0.4,0.59,0.67,0.04,0.61,0.55
704,,0.53,0.38,0.39,0.58,0.66,0.03,0.6,0.54
705,,0.52,0.37,0.38,0.57,0.65,0.02,0.59,0.53
706,,0.51,0.36,0.37,0.56,0.64,0.01,0.58,0.52
707,,0.5,0.35,0.36,0.55,0.63,0.0,0.57,0.51
708,,0.49,0.34,0.35,0.54,0.62,-0.01,0.56,0.5
709,6,0.68,0.53,0.54,0.73,0.81,0.99,0.75,0.69
710,6,0.87,0.72,0.73,0.92,1.0,1.0,0.94,0.88
711,,0.86,0.71,0.72,0.91,0.99,0.99,0.93,0.87
712,,0.85,0.7,0.71,0.9,0.98,0.98,0.92,0.86
713,,0.84,0.69,0.7,0.89,0.97,0.97,0.91,0.85
714,,0.83,0.68,0.69,0.88,0.96,0.96,0.9,0.84
715,,0.82,0.67,0.68,0.87,0.95,0.95,0.89,0.83
716,,0.81,0.66,0.67,0.86,0.94,0.94,0.88,0.82
717,,0.8,0.65,0.66,0.85,0.93,0.93,0.87,0.81
718,,0.79,0.64,0.65,0.84,0.92,0.92,0.86,0.8
719,,0.78,0.63,0.64,0.83,0.91,0.91,0.85,0.79
720,,0.77,0.62,0.63,0.82,0.9,0.9,0.84,0.78
721,,0.76,0.61,0.62,0.81,0.89,0.89,0.83,0.77
722,,0.75,0.6,0.61,0.8,0.88,0.88,0.82,0.76
723,,0.74,0.59,0.6,0.79,0.87,0.87,0.81,0.75
724,,0.73,0.58,0.59,0.78,0.86,0.86,0.8,0.74
725,,0.72,0.57,0.58,0.77,0.85,0.85,0.79,0.73
726,,0.71,0.56,0.57,0.76,0.84,0.84,0.78,0.72
727,,0.7,0.55,0.56,0.75,0.83,0.83,0.77,0.71
728,,0.69,0.54,0.55,0.74,0.82,0.82,0.76,0.7
729,,0.68,0.53,0.54,0.73,0.81,0.81,0.75,0.69
730,,0.67,0.52,0.53,0.72,0.8,0.8,0.74,0.68
731,,0.66,0.51,0.52,0.71,0.79,0.79,0.73,0.67
732,,0.65,0.5,0.51,0.7,0.78,0.78,0.72,0.66
733,,0.64,0.49,0.5,0.69,0.77,0.77,0.71,0.65
734,,0.63,0.48,0.49,0.68,0.76,0.76,0.7,0.64
735,,0.62,0.47,0.48,0.67,0.75,0.75,0.69,0.63
736,,0.61,0.46,0.47,0.66,0.74,0.74,0.68,0.62
737,,0.6,0.45,0.46,0.65,0.73,0.73,0.67,0.61
738,,0.59,0.44,0.45,0.64,0.72,0.72,0.66,0.6
739,,0.58,0.43,0.44,0.63,0.71,0.71,0.65,0.59
740,,0.57,0.42,0.43,0.62,0.7,0.7,0.64,0.58
741,,0.56,0.41,0.42,0.61,0.69,0.69,0.63,0.57
742,,0.55,0.4,0.41,0.6,0.68,0.68,0.62,0.56
743,,0.54,0.39,0.4,0.59,0.67,0.67,0.61,0.55
744,,0.53,0.38,0.39,0.58,0.66,0.66,0.6,0.54
745,,0.52,0.37,0.38,0.57,0.65,0.65,0.59,0.53
746,,0.51,0.36,0.37,0.56,0.64,0.64,0.58,0.52
747,,0.5,0.35,0.36,0.55,0.63,0.63,0.57,0.51
748,,0.49,0.34,0.35,0.54,0.62,0.62,0.56,0.5
749,,0.48,0.33,0.34,0.53,0.61,0.61,0.55,0.49
750,,0.47,0.32,0.33,0.52,0.6,0.6,0.54,0.48
751,,0.46,0.31,0.32,0.51,0.59,0.59,0.53,0.47
752,,0.45,0.3,0.31,0.5,0.58,0.58,0.52,0.46
753,,0.44,0.29,0.3,0.49,0.57,0.57,0.51,0.45
754,,0.43,0.28,0.29,0.48,0.56,0.56,0.5,0.44
755,,0.42,0.27,0.28,0.47,0.55,0.55,0.49,0.43
756,,0.41,0.26,0.27,0.46,0.54,0.54,0.48,0.42
757,,0.4,0.25,0.26,0.45,0.53,0.53,0.47,0.41
758,,0.39,0.24,0.25,0.44,0.52,0.52,0.46,0.4
759,,0.38,0.23,0.24,0.43,0.51,0.51,0.45,0.39
760,,0.37,0.22,0.23,0.42,0.5,0.5,0.44,0.38
761,,0.36,0.21,0.22,0.41,0.49,0.49,0.43,0.37
762,,0.35,0.2,0.21,0.4,0.48,0.48,0.42,0.36
763,,0.34,0.19,0.2,0.39,0.47,0.47,0.41,0.35
764,,0.33,0.18,0.19,0.38,0.46,0.46,0.4,0.34
765,,0.32,0.17,0.18,0.37,0.45,0.45,0.39,0.33
766,,0.31,0.16,0.17,0.36,0.44,0.44,0.38,0.32
767,,0.3,0.15,0.16,0.35,0.43,0.43,0.37,0.31
768,,0.29,0.14,0.15,0.34,0.42,0.42,0.36,0.3
769,,0.28,0.13,0.14,0.33,0.41,0.41,0.35,0.29
770,,0.27,0.12,0.13,0.32,0.4,0.4,0.34,0.28
771,,0.26,0.11,0.12,0.31,0.39,0.39,0.33,0.27
772,,0.25,0.1,0.11,0.3,0.38,0.38,0.32,0.26
773,,0.24,0.09,0.1,0.29,0.37,0.37,0.31,0.25
774,,0.23,0.08,0.09,0.28,0.36,0.36,0.3,0.24
775,,0.22,0.07,0.08,0.27,0.35,0.35,0.29,0.23
776,,0.21,0.06,0.07,0.26,0.34,0.34,0.28,0.22
777,,0.2,0.05,0.06,0.25,0.33,0.33,0.27,0.21
778,,0.19,0.04,0.05,0.24,0.32,0.32,0.26,0.2
779,,0.18,0.03,0.04,0.23,0.31,0.31,0.25,0.19
780,,0.17,0.02,0.03,0.22,0.3,0.3,0.24,0.18
781,,0.16,0.01,0.02,0.21,0.29,0.29,0.23,0.17
782,,0.15,0.0,0.01,0.2,0.28,0.28,0.22,0.16
783,,0.14,-0.01,0.0,0.19,0.27,0.27,0.21,0.15
784,2,0.33,0.99,0.19,0.38,0.46,0.46,0.4,0.34
785,2,0.52,1.0,0.38,0.57,0.65,0.65,0.59,0.53
786,,0.51,0.99,0.37,0.56,0.64,0.64,0.58,0.52
787,,0.5,0.98,0.36,0.55,0.63,0.63,0.57,0.51
788,,0.49,0.97,0.35,0.54,0.62,0.62,0.56,0.5
789,,0.48,0.96,0.34,0.53,0.61,0.61,0.55,0.49
790,,0.47,0.95,0.33,0.52,0.6,0.6,0.54,0.48
791,,0.46,0.94,0.32,0.51,0.59,0.59,0.53,0.47
792,,0.45,0.93,0.31,0.5,0.58,0.58,0.52,0.46
793,,0.44,0.92,0.3,0.49,0.57,0.57,0.51,0.45
794,,0.43,0.91,0.29,0.48,0.56,0.56,0.5,0.44
795,,0.42,0.9,0.28,0.47,0.55,0.55,0.49,0.43
796,,0.41,0.89,0.27,0.46,0.54,0.54,0.48,0.42
797,,0.4,0.88,0.26,0.45,0.53,0.53,0.47,0.41
798,,0.39,0.87,0.25,0.44,0.52,0.52,0.46,0.4
799,,0.38,0.86,0.24,0.43,0.51,0.51,0.45,0.39
800,,0.37,0.85,0.23,0.42,0.5,0.5,0.44,0.38
801,,0.36,0.84,0.22,0.41,0.49,0.49,0.43,0.37
802,,0.35,0.83,0.21,0.4,0.48,0.48,0.42,0.36
803,,0.34,0.82,0.2,0.39,0.47,0.47,0.41,0.35
804,,0.33,0.81,0.19,0.38,0.46,0.46,0.4,0.34
805,,0.32,0.8,0.18,0.37,0.45,0.45,0.39,0.33
806,,0.31,0.79,0.17,0.36,0.44,0.44,0.38,0.32
807,,0.3,0.78,0.16,0.35,0.43,0.43,0.37,0.31
808,,0.29,0.77,0.15,0.34,0.42,0.42,0.36,0.3
809,,0.28,0.76,0.14,0.33,0.41,0.41,0.35,0.29
810,,0.27,0.75,0.13,0.32,0.4,0.4,0.34,0.28
811,,0.26,0.74,0.12,0.31,0.39,0.39,0.33,0.27
812,,0.25,0.73,0.11,0.3,0.38,0.38,0.32,0.26
813,,0.24,0.72,0.1,0.29,0.37,0.37,0.31,0.25
814,,0.23,0.71,0.09,0.28,0.36,0.36,0.3,0.24
815,,0.22,0.7,0.08,0.27,0.35,0.35,0.29,0.23
816,,0.21,0.69,0.07,0.26,0.34,0.34,0.28,0.22
817,,0.2,0.68,0.06,0.25,0.33,0.33,0.27,0.21
818,,0.19,0.67,0.05,0.24,0.32,0.32,0.26,0.2
819,,0.18,0.66,0.04,0.23,0.31,0.31,0.25,0.19
820,,0.17,0.65,0.03,0.22,0.3,0.3,0.24,0.18
821,,0.16,0.64,0.02,0.21,0.29,0.29,0.23,0.17
822,,0.15,0.63,0.01,0.2,0.28,0.28,0.22,0.16
823,,0.14,0.62,0.0,0.19,0.27,0.27,0.21,0.15
824,,0.13,0.61,-0.01,0.18,0.26,0.26,0.2,0.14
825,3,0.32,0.8,0.99,0.37,0.45,0.45,0.39,0.33
826,3,0.51,0.99,1.0,0.56,0.64,0.64,0.58,0.52
827,,0.5,0.98,0.99,0.55,0.63,0.63,0.57,0.51
828,,0.49,0.97,0.98,0.54,0.62,0.62,0.56,0.5
829,,0.48,0.96,0.97,0.53,0.61,0.61,0.55,0.49
830,,0.47,0.95,0.96,0.52,0.6,0.6,0.54,0.48
831,,0.46,0.94,0.95,0.51,0.59,0.59,0.53,0.47
832,,0.45,0.93,0.94,0.5,0.58,0.58,0.52,0.46
833,,0.44,0.92,0.93,0.49,0.57,0.57,0.51,0.45
834,,0.43,0.91,0.92,0.48,0.56,0.56,0.5,0.44
835,,0.42,0.9,0.91,0.47,0.55,0.55,0.49,0.43
836,,0.41,0.89,0.9,0.46,0.54,0.54,0.48,0.42
837,,0.4,0.88,0.89,0.45,0.53,0.53,0.47,0.41
838,,0.39,0.87,0.88,0.44,0.52,0.52,0.46,0.4
839,,0.38,0.86,0.87,0.43,0.51,0.51,0.45,0.39
840,,0.37,0.85,0.86,0.42,0.5,0.5,0.44,0.38
841,,0.36,0.84,0.85,0.41,0.49,0.49,0.43,0.37
842,,0.35,0.83,0.84,0.4,0.48,0.48,0.42,0.36
843,,0.34,0.82,0.83,0.39,0.47,0.47,0.41,0.35
844,,0.33,0.81,0.82,0.38,0.46,0.46,0.4,0.34
845,,0.32,0.8,0.81,0.37,0.45,0.45,0.39,0.33
846,,0.31,0.79,0.8,0.36,0.44,0.44,0.38,0.32
847,,0.3,0.78,0.79,0.35,0.43,0.43,0.37,0.31
848,,0.29,0.77,0.78,0.34,0.42,0.42,0.36,0.3
849,,0.28,0.76,0.77,0.33,0.41,0.41,0.35,0.29
850,,0.27,0.75,0.76,0.32,0.4,0.4,0.34,0.28
851,,0.26,0.74,0.75,0.31,0.39,0.39,0.33,0.27
852,,0.25,0.73,0.74,0.3,0.38,0.38,0.32,0.26
853,,0.24,0.72,0.73,0.29,0.37,0.37,0.31,0.25
854,,0.23,0.71,0.72,0.28,0.36,0.36,0.3,0.24
855,,0.22,0.7,0.71,0.27,0.35,0.35,0.29,0.23
856,,0.21,0.69,0.7,0.26,0.34,0.34,0.28,0.22
857,,0.2,0.68,0.69,0.25,0.33,0.33,0.27,0.21
858,,0.19,0.67,0.68,0.24,0.32,0.32,0.26,0.2
859,,0.18,0.66,0.67,0.23,0.31,0.31,0.25,0.19
860,,0.17,0.65,0.66,0.22,0.3,0.3,0.24,0.18
861,,0.16,0.64,0.65,0.21,0.29,0.29,0.23,0.17
862,,0.15,0.63,0.64,0.2,0.28,0.28,0.22,0.16
863,,0.14,0.62,0.63,0.19,0.27,0.27,0.21,0.15
864,,0.13,0.61,0.62,0.18,0.26,0.26,0.2,0.14
865,,0.12,0.6,0.61,0.17,0.25,0.25,0.19,0.13
866,,0.11,0.59,0.6,0.16,0.24,0.24,0.18,0.12
867,,0.1,0.58,0.59,0.15,0.23,0.23,0.17,0.11
868,,0.09,0.57,0.58,0.14,0.22,0.22,0.16,0.1
869,,0.08,0.56,0.57,0.13,0.21,0.21,0.15,0.09
870,,0.07,0.55,0.56,0.12,0.2,0.2,0.14,0.08
871,,0.06,0.54,0.55,0.11,0.19,0.19,0.13,0.07
872,,0.05,0.53,0.54,0.1,0.18,0.18,0.12,0.06
873,,0.04,0.52,0.53,0.09,0.17,0.17,0.11,0.05
874,,0.03,0.51,0.52,0.08,0.16,0.16,0.1,0.04
875,,0.02,0.5,0.51,0.07,0.15,0.15,0.09,0.03
876,,0.01,0.49,0.5,0.06,0.14,0.14,0.08,0.02
877,,0.0,0.48,0.49,0.05,0.13,0.13,0.07,0.01
878,,-0.01,0.47,0.48,0.04,0.12,0.12,0.06,0.0
879,1,0.99,0.66,0.67,0.23,0.31,0.31,0.25,0.19
880,1,1.0,0.85,0.86,0.42,0.5,0.5,0.44,0.38
881,,0.99,0.84,0.85,0.41,0.49,0.49,0.43,0.37
882,,0.98,0.83,0.84,0.4,0.48,0.48,0.42,0.36
883,,0.97,0.82,0.83,0.39,0.47,0.47,0.41,0.35
884,,0.96,0.81,0.82,0.38,0.46,0.46,0.4,0.34
885,,0.95,0.8,0.81,0.37,0.45,0.45,0.39,0.33
886,,0.94,0.79,0.8,0.36,0.44,0.44,0.38,0.32
887,,0.93,0.78,0.79,0.35,0.43,0.43,0.37,0.31
888,,0.92,0.77,0.78,0.34,0.42,0.42,0.36,0.3
889,,0.91,0.76,0.77,0.33,0.41,0.41,0.35,0.29
890,,0.9,0.75,0.76,0.32,0.4,0.4,0.34,0.28
891,,0.89,0.74,0.75,0.31,0.39,0.39,0.33,0.27
892,,0.88,0.73,0.74,0.3,0.38,0.38,0.32,0.26
893,,0.87,0.72,0.73,0.29,0.37,0.37,0.31,0.25
894,,0.86,0.71,0.72,0.28,0.36,0.36,0.3,0.24
895,,0.85,0.7,0.71,0.27,0.35,0.35,0.29,0.23
896,,0.84,0.69,0.7,0.26,0.34,0.34,0.28,0.22
897,,0.83,0.68,0.69,0.25,0.33,0.33,0.27,0.21
898,,0.82,0.67,0.68,0.24,0.32,0.32,0.26,0.2
899,,0.81,0.66,0.67,0.23,0.31,0.31,0.25,0.19
900,,0.8,0.65,0.66,0.22,0.3,0.3,0.24,0.18
901,,0.79,0.64,0.65,0.21,0.29,0.29,0.23,0.17
902,,0.78,0.63,0.64,0.2,0.28,0.28,0.22,0.16
903,,0.77,0.62,0.63,0.19,0.27,0.27,0.21,0.15
904,,0.76,0.61,0.62,0.18,0.26,0.26,0.2,0.14
905,,0.75,0.6,0.61,0.17,0.25,0.25,0.19,0.13
906,,0.74,0.59,0.6,0.16,0.24,0.24,0.18,0.12
907,,0.73,0.58,0.59,0.15,0.23,0.23,0.17,0.11
908,,0.72,0.57,0.58,0.14,0.22,0.22,0.16,0.1
909,,0.71,0.56,0.57,0.13,0.21,0.21,0.15,0.09
910,,0.7,0.55,0.56,0.12,0.2,0.2,0.14,0.08
911,,0.69,0.54,0.55,0.11,0.19,0.19,0.13,0.07
912,,0.68,0.53,0.54,0.1,0.18,0.18,0.12,0.06
913,,0.67,0.52,0.53,0.09,0.17,0.17,0.11,0.05
914,,0.66,0.51,0.52,0.08,0.16,0.16,0.1,0.04
915,,0.65,0.5,0.51,0.07,0.15,0.15,0.09,0.03
916,,0.64,0.49,0.5,0.06,0.14,0.14,0.08,0.02
917,,0.63,0.48,0.49,0.05,0.13,0.13,0.07,0.01
918,,0.62,0.47,0.48,0.04,0.12,0.12,0.06,0.0
919,,0.61,0.46,0.47,0.03,0.11,0.11,0.05,-0.01
920,8,0.8,0.65,0.66,0.22,0.3,0.3,0.24,0.99
921,8,0.99,0.84,0.85,0.41,0.49,0.49,0.43,1.0
922,,0.98,0.83,0.84,0.4,0.48,0.48,0.42,0.99
923,,0.97,0.82,0.83,0.39,0.47,0.47,0.41,0.98
924,,0.96,0.81,0.82,0.38,0.46,0.46,0.4,0.97
925,,0.95,0.8,0.81,0.37,0.45,0.45,0.39,0.96
926,,0.94,0.79,0.8,0.36,0.44,0.44,0.38,0.95
927,,0.93,0.78,0.79,0.35,0.43,0.43,0.37,0.94
928,,0.92,0.77,0.78,0.34,0.42,0.42,0.36,0.93
929,,0.91,0.76,0.77,0.33,0.41,0.41,0.35,0.92
930,,0.9,0.75,0.76,0.32,0.4,0.4,0.34,0.91
931,,0.89,0.74,0.75,0.31,0.39,0.39,0.33,0.9
932,,0.88,0.73,0.74,0.3,0.38,0.38,0.32,0.89
933,,0.87,0.72,0.73,0.29,0.37,0.37,0.31,0.88
934,,0.86,0.71,0.72,0.28,0.36,0.36,0.3,0.87
935,,0.85,0.7,0.71,0.27,0.35,0.35,0.29,0.86
936,,0.84,0.69,0.7,0.26,0.34,0.34,0.28,0.85
937,,0.83,0.68,0.69,0.25,0.33,0.33,0.27,0.84
938,,0.82,0.67,0.68,0.24,0.32,0.32,0.26,0.83
939,,0.81,0.66,0.67,0.23,0.31,0.31,0.25,0.82
940,,0.8,0.65,0.66,0.22,0.3,0.3,0.24,0.81
941,,0.79,0.64,0.65,0.21,0.29,0.29,0.23,0.8
942,,0.78,0.63,0.64,0.2,0.28,0.28,0.22,0.79
943,,0.77,0.62,0.63,0.19,0.27,0.27,0.21,0.78
944,,0.76,0.61,0.62,0.18,0.26,0.26,0.2,0.77
945,,0.75,0.6,0.61,0.17,0.25,0.25,0.19,0.76
946,,0.74,0.59,0.6,0.16,0.24,0.24,0.18,0.75
947,,0.73,0.58,0.59,0.15,0.23,0.23,0.17,0.74
948,,0.72,0.57,0.58,0.14,0.22,0.22,0.16,0.73
949,,0.71,0.56,0.57,0.13,0.21,0.21,0.15,0.72
950,,0.7,0.55,0.56,0.12,0.2,0.2,0.14,0.71
951,,0.69,0.54,0.55,0.11,0.19,0.19,0.13,0.7
952,,0.68,0.53,0.54,0.1,0.18,0.18,0.12,0.69
953,,0.67,0.52,0.53,0.09,0.17,0.17,0.11,0.68
954,,0.66,0.51,0.52,0.08,0.16,0.16,0.1,0.67
955,,0.65,0.5,0.51,0.07,0.15,0.15,0.09,0.66
956,,0.64,0.49,0.5,0.06,0.14,0.14,0.08,0.65
957,,0.63,0.48,0.49,0.05,0.13,0.13,0.07,0.64
958,,0.62,0.47,0.48,0.04,0.12,0.12,0.06,0.63
959,,0.61,0.46,0.47,0.03,0.11,0.11,0.05,0.62
960,,0.6,0.45,0.46,0.02,0.1,0.1,0.04,0.61
961,,0.59,0.44,0.45,0.01,0.09,0.09,0.03,0.6
962,,0.58,0.43,0.44,0.0,0.08,0.08,0.02,0.59
963,,0.57,0.42,0.43,-0.01,0.07,0.07,0.01,0.58
964,4,0.76,0.61,0.62,0.99,0.26,0.26,0.2,0.77
965,4,0.95,0.8,0.81,1.0,0.45,0.45,0.39,0.96
966,,0.94,0.79,0.8,0.99,0.44,0.44,0.38,0.95
967,,0.93,0.78,0.79,0.98,0.43,0.43,0.37,0.94
968,,0.92,0.77,0.78,0.97,0.42,0.42,0.36,0.93
969,,0.91,0.76,0.77,0.96,0.41,0.41,0.35,0.92
970,,0.9,0.75,0.76,0.95,0.4,0.4,0.34,0.91
971,,0.89,0.74,0.75,0.94,0.39,0.39,0.33,0.9
972,,0.88,0.73,0.74,0.93,0.38,0.38,0.32,0.89
973,,0.87,0.72,0.73,0.92,0.37,0.37,0.31,0.88
974,,0.86,0.71,0.72,0.91,0.36,0.36,0.3,0.87
975,,0.85,0.7,0.71,0.9,0.35,0.35,0.29,0.86
976,,0.84,0.69,0.7,0.89,0.34,0.34,0.28,0.85
977,,0.83,0.68,0.69,0.88,0.33,0.33,0.27,0.84
978,,0.82,0.67,0.68,0.87,0.32,0.32,0.26,0.83
979,,0.81,0.66,0.67,0.86,0.31,0.31,0.25,0.82
980,,0.8,0.65,0.66,0.85,0.3,0.3,0.24,0.81
981,,0.79,0.64,0.65,0.84,0.29,0.29,0.23,0.8
982,,0.78,0.63,0.64,0.83,0.28,0.28,0.22,0.79
983,,0.77,0.62,0.63,0.82,0.27,0.27,0.21,0.78
984,,0.76,0.61,0.62,0.81,0.26,0.26,0.2,0.77
985,,0.75,0.6,0.61,0.8,0.25,0.25,0.19,0.76
986,,0.74,0.59,0.6,0.79,0.24,0.24,0.18,0.75
987,,0.73,0.58,0.59,0.78,0.23,0.23,0.17,0.74
988,,0.72,0.57,0.58,0.77,0.22,0.22,0.16,0.73
989,,0.71,0.56,0.57,0.76,0.21,0.21,0.15,0.72
990,,0.7,0.55,0.56,0.75,0.2,0.2,0.14,0.71
991,,0.69,0.54,0.55,0.74,0.19,0.19,0.13,0.7
992,,0.68,0.53,0.54,0.73,0.18,0.18,0.12,0.69
993,,0.67,0.52,0.53,0.72,0.17,0.17,0.11,0.68
994,,0.66,0.51,0.52,0.71,0.16,0.16,0.1,0.67
995,,0.65,0.5,0.51,0.7,0.15,0.15,0.09,0.66
996,,0.64,0.49,0.5,0.69,0.14,0.14,0.08,0.65
997,,0.63,0.48,0.49,0.68,0.13,0.13,0.07,0.64
998,,0.62,0.47,0.48,0.67,0.12,0.12,0.06,0.63
999,,0.61,0.46,0.47,0.66,0.11,0.11,0.05,0.62
