step,active_motive,motive_1,motive_2,motive_3,motive_4,motive_5,motive_6,motive_7,motive_8
0,,0.23221,0.89957,0.38389,0.54355,0.90647,0.62424,0.1169,0.93983
1,,0.08221,0.74957,0.23389,0.39355,0.75647,0.47424,-0.0331,0.78983
2,7,0.33221,0.78757,0.18389,0.43155,1.0,0.93624,0.9669,1.0
3,7,0.58221,0.82557,0.13389,0.46955,1.0,1.0,1.0,1.0
4,,0.43221,0.67557,-0.01611,0.31955,0.85,0.85,0.85,0.85
5,3,0.68221,1.0,0.98389,0.78155,1.0,0.888,0.8,0.888
6,3,0.93221,1.0,1.0,1.0,1.0,0.926,0.75,0.926
7,,0.78221,0.85,0.85,0.85,0.85,0.776,0.6,0.776
8,,0.63221,0.7,0.7,0.7,0.7,0.626,0.45,0.626
9,,0.48221,0.55,0.55,0.55,0.55,0.476,0.3,0.476
10,,0.33221,0.4,0.4,0.4,0.4,0.326,0.15,0.326
11,,0.18221,0.25,0.25,0.25,0.25,0.176,0.0,0.176
12,,0.03221,0.1,0.1,0.1,0.1,0.026,-0.15,0.026
13,7,0.28221,0.138,0.05,0.138,0.35,0.488,0.85,0.488
14,7,0.53221,0.176,0.0,0.176,0.6,0.95,1.0,0.95
15,,0.38221,0.026,-0.15,0.026,0.45,0.8,0.85,0.8
16,3,0.63221,0.488,0.85,0.488,0.7,0.838,0.8,0.838
17,3,0.88221,0.95,1.0,0.95,0.95,0.876,0.75,0.876
18,,0.73221,0.8,0.85,0.8,0.8,0.726,0.6,0.726
19,,0.58221,0.65,0.7,0.65,0.65,0.576,0.45,0.576
20,,0.43221,0.5,0.55,0.5,0.5,0.426,0.3,0.426
21,,0.28221,0.35,0.4,0.35,0.35,0.276,0.15,0.276
22,,0.13221,0.2,0.25,0.2,0.2,0.126,0.0,0.126
23,,-0.01779,0.05,0.1,0.05,0.05,-0.024,-0.15,-0.024
24,7,0.23221,0.088,0.05,0.088,0.3,0.438,0.85,0.438
25,7,0.48221,0.126,0.0,0.126,0.55,0.9,1.0,0.9
26,,0.33221,-0.024,-0.15,-0.024,0.4,0.75,0.85,0.75
27,3,0.58221,0.438,0.85,0.438,0.65,0.788,0.8,0.788
28,3,0.83221,0.9,1.0,0.9,0.9,0.826,0.75,0.826
29,,0.68221,0.75,0.85,0.75,0.75,0.676,0.6,0.676
30,,0.53221,0.6,0.7,0.6,0.6,0.526,0.45,0.526
31,,0.38221,0.45,0.55,0.45,0.45,0.376,0.3,0.376
32,,0.23221,0.3,0.4,0.3,0.3,0.226,0.15,0.226
33,,0.08221,0.15,0.25,0.15,0.15,0.076,0.0,0.076
34,,-0.06779,0.0,0.1,0.0,0.0,-0.074,-0.15,-0.074
35,7,0.18221,0.038,0.05,0.038,0.25,0.388,0.85,0.388
36,7,0.43221,0.076,0.0,0.076,0.5,0.85,1.0,0.85
37,,0.28221,-0.074,-0.15,-0.074,0.35,0.7,0.85,0.7
38,3,0.53221,0.388,0.85,0.388,0.6,0.738,0.8,0.738
39,3,0.78221,0.85,1.0,0.85,0.85,0.776,0.75,0.776
40,,0.63221,0.7,0.85,0.7,0.7,0.626,0.6,0.626
41,,0.48221,0.55,0.7,0.55,0.55,0.476,0.45,0.476
42,,0.33221,0.4,0.55,0.4,0.4,0.326,0.3,0.326
43,,0.18221,0.25,0.4,0.25,0.25,0.176,0.15,0.176
44,,0.03221,0.1,0.25,0.1,0.1,0.026,0.0,0.026
45,,-0.11779,-0.05,0.1,-0.05,-0.05,-0.124,-0.15,-0.124
46,7,0.13221,-0.012,0.05,-0.012,0.2,0.338,0.85,0.338
47,7,0.38221,0.026,0.0,0.026,0.45,0.8,1.0,0.8
48,,0.23221,-0.124,-0.15,-0.124,0.3,0.65,0.85,0.65
49,3,0.48221,0.338,0.85,0.338,0.55,0.688,0.8,0.688
50,3,0.73221,0.8,1.0,0.8,0.8,0.726,0.75,0.726
51,,0.58221,0.65,0.85,0.65,0.65,0.576,0.6,0.576
52,,0.43221,0.5,0.7,0.5,0.5,0.426,0.45,0.426
53,,0.28221,0.35,0.55,0.35,0.35,0.276,0.3,0.276
54,,0.13221,0.2,0.4,0.2,0.2,0.126,0.15,0.126
55,,-0.01779,0.05,0.25,0.05,0.05,-0.024,0.0,-0.024
56,6,0.02021,0.0,0.288,0.3,0.512,0.976,0.462,0.226
57,6,0.05821,-0.05,0.326,0.55,0.974,1.0,0.924,0.476
58,2,0.52021,0.95,0.788,0.8,1.0,0.95,0.962,0.726
59,2,0.98221,1.0,1.0,1.0,1.0,0.9,1.0,0.976
60,,0.83221,0.85,0.85,0.85,0.85,0.75,0.85,0.826
61,,0.68221,0.7,0.7,0.7,0.7,0.6,0.7,0.676
62,,0.53221,0.55,0.55,0.55,0.55,0.45,0.55,0.526
63,,0.38221,0.4,0.4,0.4,0.4,0.3,0.4,0.376
64,,0.23221,0.25,0.25,0.25,0.25,0.15,0.25,0.226
65,,0.08221,0.1,0.1,0.1,0.1,0.0,0.1,0.076
66,,-0.06779,-0.05,-0.05,-0.05,-0.05,-0.15,-0.05,-0.074
67,6,-0.02979,-0.1,-0.012,0.2,0.412,0.85,0.412,0.176
68,6,0.00821,-0.15,0.026,0.45,0.874,1.0,0.874,0.426
69,2,0.47021,0.85,0.488,0.7,0.912,0.95,0.912,0.676
70,2,0.93221,1.0,0.95,0.95,0.95,0.9,0.95,0.926
71,,0.78221,0.85,0.8,0.8,0.8,0.75,0.8,0.776
72,,0.63221,0.7,0.65,0.65,0.65,0.6,0.65,0.626
73,,0.48221,0.55,0.5,0.5,0.5,0.45,0.5,0.476
74,,0.33221,0.4,0.35,0.35,0.35,0.3,0.35,0.326
75,,0.18221,0.25,0.2,0.2,0.2,0.15,0.2,0.176
76,,0.03221,0.1,0.05,0.05,0.05,0.0,0.05,0.026
77,,-0.11779,-0.05,-0.1,-0.1,-0.1,-0.15,-0.1,-0.124
78,6,-0.07979,-0.1,-0.062,0.15,0.362,0.85,0.362,0.126
79,6,-0.04179,-0.15,-0.024,0.4,0.824,1.0,0.824,0.376
80,2,0.42021,0.85,0.438,0.65,0.862,0.95,0.862,0.626
81,2,0.88221,1.0,0.9,0.9,0.9,0.9,0.9,0.876
82,,0.73221,0.85,0.75,0.75,0.75,0.75,0.75,0.726
83,,0.58221,0.7,0.6,0.6,0.6,0.6,0.6,0.576
84,,0.43221,0.55,0.45,0.45,0.45,0.45,0.45,0.426
85,,0.28221,0.4,0.3,0.3,0.3,0.3,0.3,0.276
86,,0.13221,0.25,0.15,0.15,0.15,0.15,0.15,0.126
87,,-0.01779,0.1,0.0,0.0,0.0,0.0,0.0,-0.024
88,8,0.44421,0.35,0.038,-0.05,0.038,0.25,0.462,0.976
89,8,0.90621,0.6,0.076,-0.1,0.076,0.5,0.924,1.0
90,4,0.94421,0.85,0.538,0.9,0.538,0.75,0.962,0.95
91,4,0.98221,1.0,1.0,1.0,1.0,1.0,1.0,0.9
92,,0.83221,0.85,0.85,0.85,0.85,0.85,0.85,0.75
93,,0.68221,0.7,0.7,0.7,0.7,0.7,0.7,0.6
94,,0.53221,0.55,0.55,0.55,0.55,0.55,0.55,0.45
95,,0.38221,0.4,0.4,0.4,0.4,0.4,0.4,0.3
96,,0.23221,0.25,0.25,0.25,0.25,0.25,0.25,0.15
97,,0.08221,0.1,0.1,0.1,0.1,0.1,0.1,0.0
98,,-0.06779,-0.05,-0.05,-0.05,-0.05,-0.05,-0.05,-0.15
99,8,0.39421,0.2,-0.012,-0.1,-0.012,0.2,0.412,0.85
100,8,0.85621,0.45,0.026,-0.15,0.026,0.45,0.874,1.0
101,4,0.89421,0.7,0.488,0.85,0.488,0.7,0.912,0.95
102,4,0.93221,0.95,0.95,1.0,0.95,0.95,0.95,0.9
103,,0.78221,0.8,0.8,0.85,0.8,0.8,0.8,0.75
104,,0.63221,0.65,0.65,0.7,0.65,0.65,0.65,0.6
105,,0.48221,0.5,0.5,0.55,0.5,0.5,0.5,0.45
106,,0.33221,0.35,0.35,0.4,0.35,0.35,0.35,0.3
107,,0.18221,0.2,0.2,0.25,0.2,0.2,0.2,0.15
108,,0.03221,0.05,0.05,0.1,0.05,0.05,0.05,0.0
109,,-0.11779,-0.1,-0.1,-0.05,-0.1,-0.1,-0.1,-0.15
110,8,0.34421,0.15,-0.062,-0.1,-0.062,0.15,0.362,0.85
111,8,0.80621,0.4,-0.024,-0.15,-0.024,0.4,0.824,1.0
112,4,0.84421,0.65,0.438,0.85,0.438,0.65,0.862,0.95
113,4,0.88221,0.9,0.9,1.0,0.9,0.9,0.9,0.9
114,,0.73221,0.75,0.75,0.85,0.75,0.75,0.75,0.75
115,,0.58221,0.6,0.6,0.7,0.6,0.6,0.6,0.6
116,,0.43221,0.45,0.45,0.55,0.45,0.45,0.45,0.45
117,,0.28221,0.3,0.3,0.4,0.3,0.3,0.3,0.3
118,,0.13221,0.15,0.15,0.25,0.15,0.15,0.15,0.15
119,,-0.01779,0.0,0.0,0.1,0.0,0.0,0.0,0.0
120,1,0.98221,0.462,0.25,0.138,-0.05,0.038,0.25,0.462
121,1,1.0,0.924,0.5,0.176,-0.1,0.076,0.5,0.924
122,5,0.95,0.962,0.75,0.638,0.9,0.538,0.75,0.962
123,5,0.9,1.0,1.0,1.0,1.0,1.0,1.0,1.0
124,,0.75,0.85,0.85,0.85,0.85,0.85,0.85,0.85
125,,0.6,0.7,0.7,0.7,0.7,0.7,0.7,0.7
126,,0.45,0.55,0.55,0.55,0.55,0.55,0.55,0.55
127,,0.3,0.4,0.4,0.4,0.4,0.4,0.4,0.4
128,,0.15,0.25,0.25,0.25,0.25,0.25,0.25,0.25
129,,0.0,0.1,0.1,0.1,0.1,0.1,0.1,0.1
130,,-0.15,-0.05,-0.05,-0.05,-0.05,-0.05,-0.05,-0.05
131,1,0.85,0.412,0.2,-0.012,-0.1,-0.012,0.2,0.412
132,1,1.0,0.874,0.45,0.026,-0.15,0.026,0.45,0.874
133,5,0.95,0.912,0.7,0.488,0.85,0.488,0.7,0.912
134,5,0.9,0.95,0.95,0.95,1.0,0.95,0.95,0.95
135,,0.75,0.8,0.8,0.8,0.85,0.8,0.8,0.8
136,,0.6,0.65,0.65,0.65,0.7,0.65,0.65,0.65
137,,0.45,0.5,0.5,0.5,0.55,0.5,0.5,0.5
138,,0.3,0.35,0.35,0.35,0.4,0.35,0.35,0.35
139,,0.15,0.2,0.2,0.2,0.25,0.2,0.2,0.2
140,,0.0,0.05,0.05,0.05,0.1,0.05,0.05,0.05
141,,-0.15,-0.1,-0.1,-0.1,-0.05,-0.1,-0.1,-0.1
142,1,0.85,0.362,0.15,-0.062,-0.1,-0.062,0.15,0.362
143,1,1.0,0.824,0.4,-0.024,-0.15,-0.024,0.4,0.824
144,5,0.95,0.862,0.65,0.438,0.85,0.438,0.65,0.862
145,5,0.9,0.9,0.9,0.9,1.0,0.9,0.9,0.9
146,,0.75,0.75,0.75,0.75,0.85,0.75,0.75,0.75
147,,0.6,0.6,0.6,0.6,0.7,0.6,0.6,0.6
148,,0.45,0.45,0.45,0.45,0.55,0.45,0.45,0.45
149,,0.3,0.3,0.3,0.3,0.4,0.3,0.3,0.3
150,,0.15,0.15,0.15,0.15,0.25,0.15,0.15,0.15
151,,0.0,0.0,0.0,0.0,0.1,0.0,0.0,0.0
152,,-0.15,-0.15,-0.15,-0.15,-0.05,-0.15,-0.15,-0.15
153,3,0.1,0.312,0.85,0.312,0.2,-0.112,-0.2,-0.112
154,3,0.35,0.774,1.0,0.774,0.45,-0.074,-0.25,-0.074
155,7,0.6,0.812,0.95,0.812,0.7,0.388,0.75,0.388
156,7,0.85,0.85,0.9,0.85,0.95,0.85,1.0,0.85
157,,0.7,0.7,0.75,0.7,0.8,0.7,0.85,0.7
158,,0.55,0.55,0.6,0.55,0.65,0.55,0.7,0.55
159,,0.4,0.4,0.45,0.4,0.5,0.4,0.55,0.4
160,,0.25,0.25,0.3,0.25,0.35,0.25,0.4,0.25
161,,0.1,0.1,0.15,0.1,0.2,0.1,0.25,0.1
162,,-0.05,-0.05,0.0,-0.05,0.05,-0.05,0.1,-0.05
163,2,0.412,0.95,0.462,0.2,0.088,-0.1,0.138,0.2
164,2,0.874,1.0,0.924,0.45,0.126,-0.15,0.176,0.45
165,6,0.912,0.95,0.962,0.7,0.588,0.85,0.638,0.7
166,6,0.95,0.9,1.0,0.95,1.0,1.0,1.0,0.95
167,,0.8,0.75,0.85,0.8,0.85,0.85,0.85,0.8
168,,0.65,0.6,0.7,0.65,0.7,0.7,0.7,0.65
169,,0.5,0.45,0.55,0.5,0.55,0.55,0.55,0.5
170,,0.35,0.3,0.4,0.35,0.4,0.4,0.4,0.35
171,,0.2,0.15,0.25,0.2,0.25,0.25,0.25,0.2
172,,0.05,0.0,0.1,0.05,0.1,0.1,0.1,0.05
173,,-0.1,-0.15,-0.05,-0.1,-0.05,-0.05,-0.05,-0.1
174,2,0.362,0.85,0.412,0.15,-0.012,-0.1,-0.012,0.15
175,2,0.824,1.0,0.874,0.4,0.026,-0.15,0.026,0.4
176,6,0.862,0.95,0.912,0.65,0.488,0.85,0.488,0.65
177,6,0.9,0.9,0.95,0.9,0.95,1.0,0.95,0.9
178,,0.75,0.75,0.8,0.75,0.8,0.85,0.8,0.75
179,,0.6,0.6,0.65,0.6,0.65,0.7,0.65,0.6
180,,0.45,0.45,0.5,0.45,0.5,0.55,0.5,0.45
181,,0.3,0.3,0.35,0.3,0.35,0.4,0.35,0.3
182,,0.15,0.15,0.2,0.15,0.2,0.25,0.2,0.15
183,,0.0,0.0,0.05,0.0,0.05,0.1,0.05,0.0
184,,-0.15,-0.15,-0.1,-0.15,-0.1,-0.05,-0.1,-0.15
185,8,0.312,0.1,-0.062,-0.2,-0.062,0.2,0.362,0.85
186,8,0.774,0.35,-0.024,-0.25,-0.024,0.45,0.824,1.0
187,4,0.812,0.6,0.438,0.75,0.438,0.7,0.862,0.95
188,4,0.85,0.85,0.9,1.0,0.9,0.95,0.9,0.9
189,,0.7,0.7,0.75,0.85,0.75,0.8,0.75,0.75
190,,0.55,0.55,0.6,0.7,0.6,0.65,0.6,0.6
191,,0.4,0.4,0.45,0.55,0.45,0.5,0.45,0.45
192,,0.25,0.25,0.3,0.4,0.3,0.35,0.3,0.3
193,,0.1,0.1,0.15,0.25,0.15,0.2,0.15,0.15
194,,-0.05,-0.05,0.0,0.1,0.0,0.05,0.0,0.0
195,2,0.412,0.95,0.462,0.35,0.038,0.0,0.038,0.25
196,2,0.874,1.0,0.924,0.6,0.076,-0.05,0.076,0.5
197,6,0.912,0.95,0.962,0.85,0.538,0.95,0.538,0.75
198,6,0.95,0.9,1.0,1.0,1.0,1.0,1.0,1.0
199,,0.8,0.75,0.85,0.85,0.85,0.85,0.85,0.85
200,,0.65,0.6,0.7,0.7,0.7,0.7,0.7,0.7
201,,0.5,0.45,0.55,0.55,0.55,0.55,0.55,0.55
202,,0.35,0.3,0.4,0.4,0.4,0.4,0.4,0.4
203,,0.2,0.15,0.25,0.25,0.25,0.25,0.25,0.25
204,,0.05,0.0,0.1,0.1,0.1,0.1,0.1,0.1
205,,-0.1,-0.15,-0.05,-0.05,-0.05,-0.05,-0.05,-0.05
206,2,0.362,0.85,0.412,0.2,-0.012,-0.1,-0.012,0.2
207,2,0.824,1.0,0.874,0.45,0.026,-0.15,0.026,0.45
208,6,0.862,0.95,0.912,0.7,0.488,0.85,0.488,0.7
209,6,0.9,0.9,0.95,0.95,0.95,1.0,0.95,0.95
210,,0.75,0.75,0.8,0.8,0.8,0.85,0.8,0.8
211,,0.6,0.6,0.65,0.65,0.65,0.7,0.65,0.65
212,,0.45,0.45,0.5,0.5,0.5,0.55,0.5,0.5
213,,0.3,0.3,0.35,0.35,0.35,0.4,0.35,0.35
214,,0.15,0.15,0.2,0.2,0.2,0.25,0.2,0.2
215,,0.0,0.0,0.05,0.05,0.05,0.1,0.05,0.05
216,,-0.15,-0.15,-0.1,-0.1,-0.1,-0.05,-0.1,-0.1
217,1,0.85,0.312,0.15,-0.062,-0.15,-0.012,0.15,0.362
218,1,1.0,0.774,0.4,-0.024,-0.2,0.026,0.4,0.824
219,5,0.95,0.812,0.65,0.438,0.8,0.488,0.65,0.862
220,5,0.9,0.85,0.9,0.9,1.0,0.95,0.9,0.9
221,,0.75,0.7,0.75,0.75,0.85,0.8,0.75,0.75
222,,0.6,0.55,0.6,0.6,0.7,0.65,0.6,0.6
223,,0.45,0.4,0.45,0.45,0.55,0.5,0.45,0.45
224,,0.3,0.25,0.3,0.3,0.4,0.35,0.3,0.3
225,,0.15,0.1,0.15,0.15,0.25,0.2,0.15,0.15
226,,0.0,-0.05,0.0,0.0,0.1,0.05,0.0,0.0
227,2,0.462,0.95,0.462,0.25,0.138,0.0,0.038,0.25
228,2,0.924,1.0,0.924,0.5,0.176,-0.05,0.076,0.5
229,6,0.962,0.95,0.962,0.75,0.638,0.95,0.538,0.75
230,6,1.0,0.9,1.0,1.0,1.0,1.0,1.0,1.0
231,,0.85,0.75,0.85,0.85,0.85,0.85,0.85,0.85
232,,0.7,0.6,0.7,0.7,0.7,0.7,0.7,0.7
233,,0.55,0.45,0.55,0.55,0.55,0.55,0.55,0.55
234,,0.4,0.3,0.4,0.4,0.4,0.4,0.4,0.4
235,,0.25,0.15,0.25,0.25,0.25,0.25,0.25,0.25
236,,0.1,0.0,0.1,0.1,0.1,0.1,0.1,0.1
237,,-0.05,-0.15,-0.05,-0.05,-0.05,-0.05,-0.05,-0.05
238,2,0.412,0.85,0.412,0.2,-0.012,-0.1,-0.012,0.2
239,2,0.874,1.0,0.874,0.45,0.026,-0.15,0.026,0.45
240,6,0.912,0.95,0.912,0.7,0.488,0.85,0.488,0.7
241,6,0.95,0.9,0.95,0.95,0.95,1.0,0.95,0.95
242,,0.8,0.75,0.8,0.8,0.8,0.85,0.8,0.8
243,,0.65,0.6,0.65,0.65,0.65,0.7,0.65,0.65
244,,0.5,0.45,0.5,0.5,0.5,0.55,0.5,0.5
245,,0.35,0.3,0.35,0.35,0.35,0.4,0.35,0.35
246,,0.2,0.15,0.2,0.2,0.2,0.25,0.2,0.2
247,,0.05,0.0,0.05,0.05,0.05,0.1,0.05,0.05
248,,-0.1,-0.15,-0.1,-0.1,-0.1,-0.05,-0.1,-0.1
249,2,0.362,0.85,0.362,0.15,-0.062,-0.1,-0.062,0.15
250,2,0.824,1.0,0.824,0.4,-0.024,-0.15,-0.024,0.4
251,6,0.862,0.95,0.862,0.65,0.438,0.85,0.438,0.65
252,6,0.9,0.9,0.9,0.9,0.9,1.0,0.9,0.9
253,,0.75,0.75,0.75,0.75,0.75,0.85,0.75,0.75
254,,0.6,0.6,0.6,0.6,0.6,0.7,0.6,0.6
255,,0.45,0.45,0.45,0.45,0.45,0.55,0.45,0.45
256,,0.3,0.3,0.3,0.3,0.3,0.4,0.3,0.3
257,,0.15,0.15,0.15,0.15,0.15,0.25,0.15,0.15
258,,0.0,0.0,0.0,0.0,0.0,0.1,0.0,0.0
259,,-0.15,-0.15,-0.15,-0.15,-0.15,-0.05,-0.15,-0.15
260,8,0.312,0.1,-0.112,-0.2,-0.112,0.2,0.312,0.85
261,8,0.774,0.35,-0.074,-0.25,-0.074,0.45,0.774,1.0
262,4,0.812,0.6,0.388,0.75,0.388,0.7,0.812,0.95
263,4,0.85,0.85,0.85,1.0,0.85,0.95,0.85,0.9
264,,0.7,0.7,0.7,0.85,0.7,0.8,0.7,0.75
265,,0.55,0.55,0.55,0.7,0.55,0.65,0.55,0.6
266,,0.4,0.4,0.4,0.55,0.4,0.5,0.4,0.45
267,,0.25,0.25,0.25,0.4,0.25,0.35,0.25,0.3
268,,0.1,0.1,0.1,0.25,0.1,0.2,0.1,0.15
269,,-0.05,-0.05,-0.05,0.1,-0.05,0.05,-0.05,0.0
270,7,0.2,-0.012,-0.1,0.138,0.2,0.512,0.95,0.462
271,7,0.45,0.026,-0.15,0.176,0.45,0.974,1.0,0.924
272,3,0.7,0.488,0.85,0.638,0.7,1.0,0.95,0.962
273,3,0.95,0.95,1.0,1.0,0.95,1.0,0.9,1.0
274,,0.8,0.8,0.85,0.85,0.8,0.85,0.75,0.85
275,,0.65,0.65,0.7,0.7,0.65,0.7,0.6,0.7
276,,0.5,0.5,0.55,0.55,0.5,0.55,0.45,0.55
277,,0.35,0.35,0.4,0.4,0.35,0.4,0.3,0.4
278,,0.2,0.2,0.25,0.25,0.2,0.25,0.15,0.25
279,,0.05,0.05,0.1,0.1,0.05,0.1,0.0,0.1
280,,-0.1,-0.1,-0.05,-0.05,-0.1,-0.05,-0.15,-0.05
281,7,0.15,-0.062,-0.1,-0.012,0.15,0.412,0.85,0.412
282,7,0.4,-0.024,-0.15,0.026,0.4,0.874,1.0,0.874
283,3,0.65,0.438,0.85,0.488,0.65,0.912,0.95,0.912
284,3,0.9,0.9,1.0,0.95,0.9,0.95,0.9,0.95
285,,0.75,0.75,0.85,0.8,0.75,0.8,0.75,0.8
286,,0.6,0.6,0.7,0.65,0.6,0.65,0.6,0.65
287,,0.45,0.45,0.55,0.5,0.45,0.5,0.45,0.5
288,,0.3,0.3,0.4,0.35,0.3,0.35,0.3,0.35
289,,0.15,0.15,0.25,0.2,0.15,0.2,0.15,0.2
290,,0.0,0.0,0.1,0.05,0.0,0.05,0.0,0.05
291,,-0.15,-0.15,-0.05,-0.1,-0.15,-0.1,-0.15,-0.1
292,1,0.85,0.312,0.2,-0.062,-0.2,-0.062,0.1,0.362
293,1,1.0,0.774,0.45,-0.024,-0.25,-0.024,0.35,0.824
294,5,0.95,0.812,0.7,0.438,0.75,0.438,0.6,0.862
295,5,0.9,0.85,0.95,0.9,1.0,0.9,0.85,0.9
296,,0.75,0.7,0.8,0.75,0.85,0.75,0.7,0.75
297,,0.6,0.55,0.65,0.6,0.7,0.6,0.55,0.6
298,,0.45,0.4,0.5,0.45,0.55,0.45,0.4,0.45
299,,0.3,0.25,0.35,0.3,0.4,0.3,0.25,0.3
300,,0.15,0.1,0.2,0.15,0.25,0.15,0.1,0.15
301,,0.0,-0.05,0.05,0.0,0.1,0.0,-0.05,0.0
302,7,0.25,-0.012,0.0,0.038,0.35,0.462,0.95,0.462
303,7,0.5,0.026,-0.05,0.076,0.6,0.924,1.0,0.924
304,3,0.75,0.488,0.95,0.538,0.85,0.962,0.95,0.962
305,3,1.0,0.95,1.0,1.0,1.0,1.0,0.9,1.0
306,,0.85,0.8,0.85,0.85,0.85,0.85,0.75,0.85
307,,0.7,0.65,0.7,0.7,0.7,0.7,0.6,0.7
308,,0.55,0.5,0.55,0.55,0.55,0.55,0.45,0.55
309,,0.4,0.35,0.4,0.4,0.4,0.4,0.3,0.4
310,,0.25,0.2,0.25,0.25,0.25,0.25,0.15,0.25
311,,0.1,0.05,0.1,0.1,0.1,0.1,0.0,0.1
312,,-0.05,-0.1,-0.05,-0.05,-0.05,-0.05,-0.15,-0.05
313,7,0.2,-0.062,-0.1,-0.012,0.2,0.412,0.85,0.412
314,7,0.45,-0.024,-0.15,0.026,0.45,0.874,1.0,0.874
315,3,0.7,0.438,0.85,0.488,0.7,0.912,0.95,0.912
316,3,0.95,0.9,1.0,0.95,0.95,0.95,0.9,0.95
317,,0.8,0.75,0.85,0.8,0.8,0.8,0.75,0.8
318,,0.65,0.6,0.7,0.65,0.65,0.65,0.6,0.65
319,,0.5,0.45,0.55,0.5,0.5,0.5,0.45,0.5
320,,0.35,0.3,0.4,0.35,0.35,0.35,0.3,0.35
321,,0.2,0.15,0.25,0.2,0.2,0.2,0.15,0.2
322,,0.05,0.0,0.1,0.05,0.05,0.05,0.0,0.05
323,,-0.1,-0.15,-0.05,-0.1,-0.1,-0.1,-0.15,-0.1
324,7,0.15,-0.112,-0.1,-0.062,0.15,0.362,0.85,0.362
325,7,0.4,-0.074,-0.15,-0.024,0.4,0.824,1.0,0.824
326,3,0.65,0.388,0.85,0.438,0.65,0.862,0.95,0.862
327,3,0.9,0.85,1.0,0.9,0.9,0.9,0.9,0.9
328,,0.75,0.7,0.85,0.75,0.75,0.75,0.75,0.75
329,,0.6,0.55,0.7,0.6,0.6,0.6,0.6,0.6
330,,0.45,0.4,0.55,0.45,0.45,0.45,0.45,0.45
331,,0.3,0.25,0.4,0.3,0.3,0.3,0.3,0.3
332,,0.15,0.1,0.25,0.15,0.15,0.15,0.15,0.15
333,,0.0,-0.05,0.1,0.0,0.0,0.0,0.0,0.0
334,2,0.462,0.95,0.562,0.25,0.038,-0.05,0.038,0.25
335,2,0.924,1.0,1.0,0.5,0.076,-0.1,0.076,0.5
336,6,0.962,0.95,1.0,0.75,0.538,0.9,0.538,0.75
337,6,1.0,0.9,1.0,1.0,1.0,1.0,1.0,1.0
338,,0.85,0.75,0.85,0.85,0.85,0.85,0.85,0.85
339,,0.7,0.6,0.7,0.7,0.7,0.7,0.7,0.7
340,,0.55,0.45,0.55,0.55,0.55,0.55,0.55,0.55
341,,0.4,0.3,0.4,0.4,0.4,0.4,0.4,0.4
342,,0.25,0.15,0.25,0.25,0.25,0.25,0.25,0.25
343,,0.1,0.0,0.1,0.1,0.1,0.1,0.1,0.1
344,,-0.05,-0.15,-0.05,-0.05,-0.05,-0.05,-0.05,-0.05
345,2,0.412,0.85,0.412,0.2,-0.012,-0.1,-0.012,0.2
346,2,0.874,1.0,0.874,0.45,0.026,-0.15,0.026,0.45
347,6,0.912,0.95,0.912,0.7,0.488,0.85,0.488,0.7
348,6,0.95,0.9,0.95,0.95,0.95,1.0,0.95,0.95
349,,0.8,0.75,0.8,0.8,0.8,0.85,0.8,0.8
350,,0.65,0.6,0.65,0.65,0.65,0.7,0.65,0.65
351,,0.5,0.45,0.5,0.5,0.5,0.55,0.5,0.5
352,,0.35,0.3,0.35,0.35,0.35,0.4,0.35,0.35
353,,0.2,0.15,0.2,0.2,0.2,0.25,0.2,0.2
354,,0.05,0.0,0.05,0.05,0.05,0.1,0.05,0.05
355,,-0.1,-0.15,-0.1,-0.1,-0.1,-0.05,-0.1,-0.1
356,2,0.362,0.85,0.362,0.15,-0.062,-0.1,-0.062,0.15
357,2,0.824,1.0,0.824,0.4,-0.024,-0.15,-0.024,0.4
358,6,0.862,0.95,0.862,0.65,0.438,0.85,0.438,0.65
359,6,0.9,0.9,0.9,0.9,0.9,1.0,0.9,0.9
360,,0.75,0.75,0.75,0.75,0.75,0.85,0.75,0.75
361,,0.6,0.6,0.6,0.6,0.6,0.7,0.6,0.6
362,,0.45,0.45,0.45,0.45,0.45,0.55,0.45,0.45
363,,0.3,0.3,0.3,0.3,0.3,0.4,0.3,0.3
364,,0.15,0.15,0.15,0.15,0.15,0.25,0.15,0.15
365,,0.0,0.0,0.0,0.0,0.0,0.1,0.0,0.0
366,,-0.15,-0.15,-0.15,-0.15,-0.15,-0.05,-0.15,-0.15
367,8,0.312,0.1,-0.112,-0.2,-0.112,0.2,0.312,0.85
368,8,0.774,0.35,-0.074,-0.25,-0.074,0.45,0.774,1.0
369,4,0.812,0.6,0.388,0.75,0.388,0.7,0.812,0.95
370,4,0.85,0.85,0.85,1.0,0.85,0.95,0.85,0.9
371,,0.7,0.7,0.7,0.85,0.7,0.8,0.7,0.75
372,,0.55,0.55,0.55,0.7,0.55,0.65,0.55,0.6
373,,0.4,0.4,0.4,0.55,0.4,0.5,0.4,0.45
374,,0.25,0.25,0.25,0.4,0.25,0.35,0.25,0.3
375,,0.1,0.1,0.1,0.25,0.1,0.2,0.1,0.15
376,,-0.05,-0.05,-0.05,0.1,-0.05,0.05,-0.05,0.0
377,3,0.2,0.412,0.95,0.562,0.2,0.088,-0.1,0.038
378,3,0.45,0.874,1.0,1.0,0.45,0.126,-0.15,0.076
379,7,0.7,0.912,0.95,1.0,0.7,0.588,0.85,0.538
380,7,0.95,0.95,0.9,1.0,0.95,1.0,1.0,1.0
381,,0.8,0.8,0.75,0.85,0.8,0.85,0.85,0.85
382,,0.65,0.65,0.6,0.7,0.65,0.7,0.7,0.7
383,,0.5,0.5,0.45,0.55,0.5,0.55,0.55,0.55
384,,0.35,0.35,0.3,0.4,0.35,0.4,0.4,0.4
385,,0.2,0.2,0.15,0.25,0.2,0.25,0.25,0.25
386,,0.05,0.05,0.0,0.1,0.05,0.1,0.1,0.1
387,,-0.1,-0.1,-0.15,-0.05,-0.1,-0.05,-0.05,-0.05
388,3,0.15,0.362,0.85,0.412,0.15,-0.012,-0.1,-0.012
389,3,0.4,0.824,1.0,0.874,0.4,0.026,-0.15,0.026
390,7,0.65,0.862,0.95,0.912,0.65,0.488,0.85,0.488
391,7,0.9,0.9,0.9,0.95,0.9,0.95,1.0,0.95
392,,0.75,0.75,0.75,0.8,0.75,0.8,0.85,0.8
393,,0.6,0.6,0.6,0.65,0.6,0.65,0.7,0.65
394,,0.45,0.45,0.45,0.5,0.45,0.5,0.55,0.5
395,,0.3,0.3,0.3,0.35,0.3,0.35,0.4,0.35
396,,0.15,0.15,0.15,0.2,0.15,0.2,0.25,0.2
397,,0.0,0.0,0.0,0.05,0.0,0.05,0.1,0.05
398,,-0.15,-0.15,-0.15,-0.1,-0.15,-0.1,-0.05,-0.1
399,5,-0.2,-0.112,0.1,0.362,0.85,0.362,0.2,-0.062
400,5,-0.25,-0.074,0.35,0.824,1.0,0.824,0.45,-0.024
401,1,0.75,0.388,0.6,0.862,0.95,0.862,0.7,0.438
402,1,1.0,0.85,0.85,0.9,0.9,0.9,0.95,0.9
403,,0.85,0.7,0.7,0.75,0.75,0.75,0.8,0.75
404,,0.7,0.55,0.55,0.6,0.6,0.6,0.65,0.6
405,,0.55,0.4,0.4,0.45,0.45,0.45,0.5,0.45
406,,0.4,0.25,0.25,0.3,0.3,0.3,0.35,0.3
407,,0.25,0.1,0.1,0.15,0.15,0.15,0.2,0.15
408,,0.1,-0.05,-0.05,0.0,0.0,0.0,0.05,0.0
409,2,0.562,0.95,0.412,0.25,0.038,-0.05,0.088,0.25
410,2,1.0,1.0,0.874,0.5,0.076,-0.1,0.126,0.5
411,6,1.0,0.95,0.912,0.75,0.538,0.9,0.588,0.75
412,6,1.0,0.9,0.95,1.0,1.0,1.0,1.0,1.0
413,,0.85,0.75,0.8,0.85,0.85,0.85,0.85,0.85
414,,0.7,0.6,0.65,0.7,0.7,0.7,0.7,0.7
415,,0.55,0.45,0.5,0.55,0.55,0.55,0.55,0.55
416,,0.4,0.3,0.35,0.4,0.4,0.4,0.4,0.4
417,,0.25,0.15,0.2,0.25,0.25,0.25,0.25,0.25
418,,0.1,0.0,0.05,0.1,0.1,0.1,0.1,0.1
419,,-0.05,-0.15,-0.1,-0.05,-0.05,-0.05,-0.05,-0.05
420,2,0.412,0.85,0.362,0.2,-0.012,-0.1,-0.012,0.2
421,2,0.874,1.0,0.824,0.45,0.026,-0.15,0.026,0.45
422,6,0.912,0.95,0.862,0.7,0.488,0.85,0.488,0.7
423,6,0.95,0.9,0.9,0.95,0.95,1.0,0.95,0.95
424,,0.8,0.75,0.75,0.8,0.8,0.85,0.8,0.8
425,,0.65,0.6,0.6,0.65,0.65,0.7,0.65,0.65
426,,0.5,0.45,0.45,0.5,0.5,0.55,0.5,0.5
427,,0.35,0.3,0.3,0.35,0.35,0.4,0.35,0.35
428,,0.2,0.15,0.15,0.2,0.2,0.25,0.2,0.2
429,,0.05,0.0,0.0,0.05,0.05,0.1,0.05,0.05
430,,-0.1,-0.15,-0.15,-0.1,-0.1,-0.05,-0.1,-0.1
431,3,0.15,0.312,0.85,0.362,0.15,-0.012,-0.15,-0.062
432,3,0.4,0.774,1.0,0.824,0.4,0.026,-0.2,-0.024
433,7,0.65,0.812,0.95,0.862,0.65,0.488,0.8,0.438
434,7,0.9,0.85,0.9,0.9,0.9,0.95,1.0,0.9
435,,0.75,0.7,0.75,0.75,0.75,0.8,0.85,0.75
436,,0.6,0.55,0.6,0.6,0.6,0.65,0.7,0.6
437,,0.45,0.4,0.45,0.45,0.45,0.5,0.55,0.45
438,,0.3,0.25,0.3,0.3,0.3,0.35,0.4,0.3
439,,0.15,0.1,0.15,0.15,0.15,0.2,0.25,0.15
440,,0.0,-0.05,0.0,0.0,0.0,0.05,0.1,0.0
441,2,0.462,0.95,0.462,0.25,0.038,0.0,0.138,0.25
442,2,0.924,1.0,0.924,0.5,0.076,-0.05,0.176,0.5
443,6,0.962,0.95,0.962,0.75,0.538,0.95,0.638,0.75
444,6,1.0,0.9,1.0,1.0,1.0,1.0,1.0,1.0
445,,0.85,0.75,0.85,0.85,0.85,0.85,0.85,0.85
446,,0.7,0.6,0.7,0.7,0.7,0.7,0.7,0.7
447,,0.55,0.45,0.55,0.55,0.55,0.55,0.55,0.55
448,,0.4,0.3,0.4,0.4,0.4,0.4,0.4,0.4
449,,0.25,0.15,0.25,0.25,0.25,0.25,0.25,0.25
450,,0.1,0.0,0.1,0.1,0.1,0.1,0.1,0.1
451,,-0.05,-0.15,-0.05,-0.05,-0.05,-0.05,-0.05,-0.05
452,2,0.412,0.85,0.412,0.2,-0.012,-0.1,-0.012,0.2
453,2,0.874,1.0,0.874,0.45,0.026,-0.15,0.026,0.45
454,6,0.912,0.95,0.912,0.7,0.488,0.85,0.488,0.7
455,6,0.95,0.9,0.95,0.95,0.95,1.0,0.95,0.95
456,,0.8,0.75,0.8,0.8,0.8,0.85,0.8,0.8
457,,0.65,0.6,0.65,0.65,0.65,0.7,0.65,0.65
458,,0.5,0.45,0.5,0.5,0.5,0.55,0.5,0.5
459,,0.35,0.3,0.35,0.35,0.35,0.4,0.35,0.35
460,,0.2,0.15,0.2,0.2,0.2,0.25,0.2,0.2
461,,0.05,0.0,0.05,0.05,0.05,0.1,0.05,0.05
462,,-0.1,-0.15,-0.1,-0.1,-0.1,-0.05,-0.1,-0.1
463,2,0.362,0.85,0.362,0.15,-0.062,-0.1,-0.062,0.15
464,2,0.824,1.0,0.824,0.4,-0.024,-0.15,-0.024,0.4
465,6,0.862,0.95,0.862,0.65,0.438,0.85,0.438,0.65
466,6,0.9,0.9,0.9,0.9,0.9,1.0,0.9,0.9
467,,0.75,0.75,0.75,0.75,0.75,0.85,0.75,0.75
468,,0.6,0.6,0.6,0.6,0.6,0.7,0.6,0.6
469,,0.45,0.45,0.45,0.45,0.45,0.55,0.45,0.45
470,,0.3,0.3,0.3,0.3,0.3,0.4,0.3,0.3
471,,0.15,0.15,0.15,0.15,0.15,0.25,0.15,0.15
472,,0.0,0.0,0.0,0.0,0.0,0.1,0.0,0.0
473,,-0.15,-0.15,-0.15,-0.15,-0.15,-0.05,-0.15,-0.15
474,1,0.85,0.312,0.1,-0.112,-0.2,-0.012,0.1,0.312
475,1,1.0,0.774,0.35,-0.074,-0.25,0.026,0.35,0.774
476,5,0.95,0.812,0.6,0.388,0.75,0.488,0.6,0.812
477,5,0.9,0.85,0.85,0.85,1.0,0.95,0.85,0.85
478,,0.75,0.7,0.7,0.7,0.85,0.8,0.7,0.7
479,,0.6,0.55,0.55,0.55,0.7,0.65,0.55,0.55
480,,0.45,0.4,0.4,0.4,0.55,0.5,0.4,0.4
481,,0.3,0.25,0.25,0.25,0.4,0.35,0.25,0.25
482,,0.15,0.1,0.1,0.1,0.25,0.2,0.1,0.1
483,,0.0,-0.05,-0.05,-0.05,0.1,0.05,-0.05,-0.05
484,2,0.462,0.95,0.412,0.2,0.138,0.0,-0.012,0.2
485,2,0.924,1.0,0.874,0.45,0.176,-0.05,0.026,0.45
486,6,0.962,0.95,0.912,0.7,0.638,0.95,0.488,0.7
487,6,1.0,0.9,0.95,0.95,1.0,1.0,0.95,0.95
488,,0.85,0.75,0.8,0.8,0.85,0.85,0.8,0.8
489,,0.7,0.6,0.65,0.65,0.7,0.7,0.65,0.65
490,,0.55,0.45,0.5,0.5,0.55,0.55,0.5,0.5
491,,0.4,0.3,0.35,0.35,0.4,0.4,0.35,0.35
492,,0.25,0.15,0.2,0.2,0.25,0.25,0.2,0.2
493,,0.1,0.0,0.05,0.05,0.1,0.1,0.05,0.05
494,,-0.05,-0.15,-0.1,-0.1,-0.05,-0.05,-0.1,-0.1
495,2,0.412,0.85,0.362,0.15,-0.012,-0.1,-0.062,0.15
496,2,0.874,1.0,0.824,0.4,0.026,-0.15,-0.024,0.4
497,6,0.912,0.95,0.862,0.65,0.488,0.85,0.438,0.65
498,6,0.95,0.9,0.9,0.9,0.95,1.0,0.9,0.9
499,,0.8,0.75,0.75,0.75,0.8,0.85,0.75,0.75
500,,0.65,0.6,0.6,0.6,0.65,0.7,0.6,0.6
501,,0.5,0.45,0.45,0.45,0.5,0.55,0.45,0.45
502,,0.35,0.3,0.3,0.3,0.35,0.4,0.3,0.3
503,,0.2,0.15,0.15,0.15,0.2,0.25,0.15,0.15
504,,0.05,0.0,0.0,0.0,0.05,0.1,0.0,0.0
505,,-0.1,-0.15,-0.15,-0.15,-0.1,-0.05,-0.15,-0.15
506,8,0.362,0.1,-0.112,-0.2,-0.062,0.2,0.312,0.85
507,8,0.824,0.35,-0.074,-0.25,-0.024,0.45,0.774,1.0
508,4,0.862,0.6,0.388,0.75,0.438,0.7,0.812,0.95
509,4,0.9,0.85,0.85,1.0,0.9,0.95,0.85,0.9
510,,0.75,0.7,0.7,0.85,0.75,0.8,0.7,0.75
511,,0.6,0.55,0.55,0.7,0.6,0.65,0.55,0.6
512,,0.45,0.4,0.4,0.55,0.45,0.5,0.4,0.45
513,,0.3,0.25,0.25,0.4,0.3,0.35,0.25,0.3
514,,0.15,0.1,0.1,0.25,0.15,0.2,0.1,0.15
515,,0.0,-0.05,-0.05,0.1,0.0,0.05,-0.05,0.0
516,2,0.462,0.95,0.412,0.35,0.038,0.0,-0.012,0.25
517,2,0.924,1.0,0.874,0.6,0.076,-0.05,0.026,0.5
518,6,0.962,0.95,0.912,0.85,0.538,0.95,0.488,0.75
519,6,1.0,0.9,0.95,1.0,1.0,1.0,0.95,1.0
520,,0.85,0.75,0.8,0.85,0.85,0.85,0.8,0.85
521,,0.7,0.6,0.65,0.7,0.7,0.7,0.65,0.7
522,,0.55,0.45,0.5,0.55,0.55,0.55,0.5,0.55
523,,0.4,0.3,0.35,0.4,0.4,0.4,0.35,0.4
524,,0.25,0.15,0.2,0.25,0.25,0.25,0.2,0.25
525,,0.1,0.0,0.05,0.1,0.1,0.1,0.05,0.1
526,,-0.05,-0.15,-0.1,-0.05,-0.05,-0.05,-0.1,-0.05
527,2,0.412,0.85,0.362,0.2,-0.012,-0.1,-0.062,0.2
528,2,0.874,1.0,0.824,0.45,0.026,-0.15,-0.024,0.45
529,6,0.912,0.95,0.862,0.7,0.488,0.85,0.438,0.7
530,6,0.95,0.9,0.9,0.95,0.95,1.0,0.9,0.95
531,,0.8,0.75,0.75,0.8,0.8,0.85,0.75,0.8
532,,0.65,0.6,0.6,0.65,0.65,0.7,0.6,0.65
533,,0.5,0.45,0.45,0.5,0.5,0.55,0.45,0.5
534,,0.35,0.3,0.3,0.35,0.35,0.4,0.3,0.35
535,,0.2,0.15,0.15,0.2,0.2,0.25,0.15,0.2
536,,0.05,0.0,0.0,0.05,0.05,0.1,0.0,0.05
537,,-0.1,-0.15,-0.15,-0.1,-0.1,-0.05,-0.15,-0.1
538,7,0.15,-0.112,-0.2,-0.062,0.15,0.412,0.85,0.362
539,7,0.4,-0.074,-0.25,-0.024,0.4,0.874,1.0,0.824
540,3,0.65,0.388,0.75,0.438,0.65,0.912,0.95,0.862
541,3,0.9,0.85,1.0,0.9,0.9,0.95,0.9,0.9
542,,0.75,0.7,0.85,0.75,0.75,0.8,0.75,0.75
543,,0.6,0.55,0.7,0.6,0.6,0.65,0.6,0.6
544,,0.45,0.4,0.55,0.45,0.45,0.5,0.45,0.45
545,,0.3,0.25,0.4,0.3,0.3,0.35,0.3,0.3
546,,0.15,0.1,0.25,0.15,0.15,0.2,0.15,0.15
547,,0.0,-0.05,0.1,0.0,0.0,0.05,0.0,0.0
548,2,0.462,0.95,0.562,0.25,0.038,0.0,0.038,0.25
549,2,0.924,1.0,1.0,0.5,0.076,-0.05,0.076,0.5
550,6,0.962,0.95,1.0,0.75,0.538,0.95,0.538,0.75
551,6,1.0,0.9,1.0,1.0,1.0,1.0,1.0,1.0
552,,0.85,0.75,0.85,0.85,0.85,0.85,0.85,0.85
553,,0.7,0.6,0.7,0.7,0.7,0.7,0.7,0.7
554,,0.55,0.45,0.55,0.55,0.55,0.55,0.55,0.55
555,,0.4,0.3,0.4,0.4,0.4,0.4,0.4,0.4
556,,0.25,0.15,0.25,0.25,0.25,0.25,0.25,0.25
557,,0.1,0.0,0.1,0.1,0.1,0.1,0.1,0.1
558,,-0.05,-0.15,-0.05,-0.05,-0.05,-0.05,-0.05,-0.05
559,2,0.412,0.85,0.412,0.2,-0.012,-0.1,-0.012,0.2
560,2,0.874,1.0,0.874,0.45,0.026,-0.15,0.026,0.45
561,6,0.912,0.95,0.912,0.7,0.488,0.85,0.488,0.7
562,6,0.95,0.9,0.95,0.95,0.95,1.0,0.95,0.95
563,,0.8,0.75,0.8,0.8,0.8,0.85,0.8,0.8
564,,0.65,0.6,0.65,0.65,0.65,0.7,0.65,0.65
565,,0.5,0.45,0.5,0.5,0.5,0.55,0.5,0.5
566,,0.35,0.3,0.35,0.35,0.35,0.4,0.35,0.35
567,,0.2,0.15,0.2,0.2,0.2,0.25,0.2,0.2
568,,0.05,0.0,0.05,0.05,0.05,0.1,0.05,0.05
569,,-0.1,-0.15,-0.1,-0.1,-0.1,-0.05,-0.1,-0.1
570,2,0.362,0.85,0.362,0.15,-0.062,-0.1,-0.062,0.15
571,2,0.824,1.0,0.824,0.4,-0.024,-0.15,-0.024,0.4
572,6,0.862,0.95,0.862,0.65,0.438,0.85,0.438,0.65
573,6,0.9,0.9,0.9,0.9,0.9,1.0,0.9,0.9
574,,0.75,0.75,0.75,0.75,0.75,0.85,0.75,0.75
575,,0.6,0.6,0.6,0.6,0.6,0.7,0.6,0.6
576,,0.45,0.45,0.45,0.45,0.45,0.55,0.45,0.45
577,,0.3,0.3,0.3,0.3,0.3,0.4,0.3,0.3
578,,0.15,0.15,0.15,0.15,0.15,0.25,0.15,0.15
579,,0.0,0.0,0.0,0.0,0.0,0.1,0.0,0.0
580,,-0.15,-0.15,-0.15,-0.15,-0.15,-0.05,-0.15,-0.15
581,8,0.312,0.1,-0.112,-0.2,-0.112,0.2,0.312,0.85
582,8,0.774,0.35,-0.074,-0.25,-0.074,0.45,0.774,1.0
583,4,0.812,0.6,0.388,0.75,0.388,0.7,0.812,0.95
584,4,0.85,0.85,0.85,1.0,0.85,0.95,0.85,0.9
585,,0.7,0.7,0.7,0.85,0.7,0.8,0.7,0.75
586,,0.55,0.55,0.55,0.7,0.55,0.65,0.55,0.6
587,,0.4,0.4,0.4,0.55,0.4,0.5,0.4,0.45
588,,0.25,0.25,0.25,0.4,0.25,0.35,0.25,0.3
589,,0.1,0.1,0.1,0.25,0.1,0.2,0.1,0.15
590,,-0.05,-0.05,-0.05,0.1,-0.05,0.05,-0.05,0.0
591,1,0.95,0.412,0.2,0.138,-0.1,0.088,0.2,0.462
592,1,1.0,0.874,0.45,0.176,-0.15,0.126,0.45,0.924
593,5,0.95,0.912,0.7,0.638,0.85,0.588,0.7,0.962
594,5,0.9,0.95,0.95,1.0,1.0,1.0,0.95,1.0
595,,0.75,0.8,0.8,0.85,0.85,0.85,0.8,0.85
596,,0.6,0.65,0.65,0.7,0.7,0.7,0.65,0.7
597,,0.45,0.5,0.5,0.55,0.55,0.55,0.5,0.55
598,,0.3,0.35,0.35,0.4,0.4,0.4,0.35,0.4
599,,0.15,0.2,0.2,0.25,0.25,0.25,0.2,0.25
600,,0.0,0.05,0.05,0.1,0.1,0.1,0.05,0.1
601,,-0.15,-0.1,-0.1,-0.05,-0.05,-0.05,-0.1,-0.05
602,1,0.85,0.362,0.15,-0.012,-0.1,-0.012,0.15,0.412
603,1,1.0,0.824,0.4,0.026,-0.15,0.026,0.4,0.874
604,5,0.95,0.862,0.65,0.488,0.85,0.488,0.65,0.912
605,5,0.9,0.9,0.9,0.95,1.0,0.95,0.9,0.95
606,,0.75,0.75,0.75,0.8,0.85,0.8,0.75,0.8
607,,0.6,0.6,0.6,0.65,0.7,0.65,0.6,0.65
608,,0.45,0.45,0.45,0.5,0.55,0.5,0.45,0.5
609,,0.3,0.3,0.3,0.35,0.4,0.35,0.3,0.35
610,,0.15,0.15,0.15,0.2,0.25,0.2,0.15,0.2
611,,0.0,0.0,0.0,0.05,0.1,0.05,0.0,0.05
612,,-0.15,-0.15,-0.15,-0.1,-0.05,-0.1,-0.15,-0.1
613,2,0.312,0.85,0.312,0.15,-0.012,-0.15,-0.112,0.15
614,2,0.774,1.0,0.774,0.4,0.026,-0.2,-0.074,0.4
615,6,0.812,0.95,0.812,0.65,0.488,0.8,0.388,0.65
616,6,0.85,0.9,0.85,0.9,0.95,1.0,0.85,0.9
617,,0.7,0.75,0.7,0.75,0.8,0.85,0.7,0.75
618,,0.55,0.6,0.55,0.6,0.65,0.7,0.55,0.6
619,,0.4,0.45,0.4,0.45,0.5,0.55,0.4,0.45
620,,0.25,0.3,0.25,0.3,0.35,0.4,0.25,0.3
621,,0.1,0.15,0.1,0.15,0.2,0.25,0.1,0.15
622,,-0.05,0.0,-0.05,0.0,0.05,0.1,-0.05,0.0
623,3,0.2,0.462,0.95,0.462,0.3,0.138,-0.1,0.038
624,3,0.45,0.924,1.0,0.924,0.55,0.176,-0.15,0.076
625,7,0.7,0.962,0.95,0.962,0.8,0.638,0.85,0.538
626,7,0.95,1.0,0.9,1.0,1.0,1.0,1.0,1.0
627,,0.8,0.85,0.75,0.85,0.85,0.85,0.85,0.85
628,,0.65,0.7,0.6,0.7,0.7,0.7,0.7,0.7
629,,0.5,0.55,0.45,0.55,0.55,0.55,0.55,0.55
630,,0.35,0.4,0.3,0.4,0.4,0.4,0.4,0.4
631,,0.2,0.25,0.15,0.25,0.25,0.25,0.25,0.25
632,,0.05,0.1,0.0,0.1,0.1,0.1,0.1,0.1
633,,-0.1,-0.05,-0.15,-0.05,-0.05,-0.05,-0.05,-0.05
634,3,0.15,0.412,0.85,0.412,0.2,-0.012,-0.1,-0.012
635,3,0.4,0.874,1.0,0.874,0.45,0.026,-0.15,0.026
636,7,0.65,0.912,0.95,0.912,0.7,0.488,0.85,0.488
637,7,0.9,0.95,0.9,0.95,0.95,0.95,1.0,0.95
638,,0.75,0.8,0.75,0.8,0.8,0.8,0.85,0.8
639,,0.6,0.65,0.6,0.65,0.65,0.65,0.7,0.65
640,,0.45,0.5,0.45,0.5,0.5,0.5,0.55,0.5
641,,0.3,0.35,0.3,0.35,0.35,0.35,0.4,0.35
642,,0.15,0.2,0.15,0.2,0.2,0.2,0.25,0.2
643,,0.0,0.05,0.0,0.05,0.05,0.05,0.1,0.05
644,,-0.15,-0.1,-0.15,-0.1,-0.1,-0.1,-0.05,-0.1
645,3,0.1,0.362,0.85,0.362,0.15,-0.062,-0.1,-0.062
646,3,0.35,0.824,1.0,0.824,0.4,-0.024,-0.15,-0.024
647,7,0.6,0.862,0.95,0.862,0.65,0.438,0.85,0.438
648,7,0.85,0.9,0.9,0.9,0.9,0.9,1.0,0.9
649,,0.7,0.75,0.75,0.75,0.75,0.75,0.85,0.75
650,,0.55,0.6,0.6,0.6,0.6,0.6,0.7,0.6
651,,0.4,0.45,0.45,0.45,0.45,0.45,0.55,0.45
652,,0.25,0.3,0.3,0.3,0.3,0.3,0.4,0.3
653,,0.1,0.15,0.15,0.15,0.15,0.15,0.25,0.15
654,,-0.05,0.0,0.0,0.0,0.0,0.0,0.1,0.0
655,1,0.95,0.462,0.25,0.038,-0.05,0.038,0.35,0.462
656,1,1.0,0.924,0.5,0.076,-0.1,0.076,0.6,0.924
657,5,0.95,0.962,0.75,0.538,0.9,0.538,0.85,0.962
658,5,0.9,1.0,1.0,1.0,1.0,1.0,1.0,1.0
659,,0.75,0.85,0.85,0.85,0.85,0.85,0.85,0.85
660,,0.6,0.7,0.7,0.7,0.7,0.7,0.7,0.7
661,,0.45,0.55,0.55,0.55,0.55,0.55,0.55,0.55
662,,0.3,0.4,0.4,0.4,0.4,0.4,0.4,0.4
663,,0.15,0.25,0.25,0.25,0.25,0.25,0.25,0.25
664,,0.0,0.1,0.1,0.1,0.1,0.1,0.1,0.1
665,,-0.15,-0.05,-0.05,-0.05,-0.05,-0.05,-0.05,-0.05
666,1,0.85,0.412,0.2,-0.012,-0.1,-0.012,0.2,0.412
667,1,1.0,0.874,0.45,0.026,-0.15,0.026,0.45,0.874
668,5,0.95,0.912,0.7,0.488,0.85,0.488,0.7,0.912
669,5,0.9,0.95,0.95,0.95,1.0,0.95,0.95,0.95
670,,0.75,0.8,0.8,0.8,0.85,0.8,0.8,0.8
671,,0.6,0.65,0.65,0.65,0.7,0.65,0.65,0.65
672,,0.45,0.5,0.5,0.5,0.55,0.5,0.5,0.5
673,,0.3,0.35,0.35,0.35,0.4,0.35,0.35,0.35
674,,0.15,0.2,0.2,0.2,0.25,0.2,0.2,0.2
675,,0.0,0.05,0.05,0.05,0.1,0.05,0.05,0.05
676,,-0.15,-0.1,-0.1,-0.1,-0.05,-0.1,-0.1,-0.1
677,1,0.85,0.362,0.15,-0.062,-0.1,-0.062,0.15,0.362
678,1,1.0,0.824,0.4,-0.024,-0.15,-0.024,0.4,0.824
679,5,0.95,0.862,0.65,0.438,0.85,0.438,0.65,0.862
680,5,0.9,0.9,0.9,0.9,1.0,0.9,0.9,0.9
681,,0.75,0.75,0.75,0.75,0.85,0.75,0.75,0.75
682,,0.6,0.6,0.6,0.6,0.7,0.6,0.6,0.6
683,,0.45,0.45,0.45,0.45,0.55,0.45,0.45,0.45
684,,0.3,0.3,0.3,0.3,0.4,0.3,0.3,0.3
685,,0.15,0.15,0.15,0.15,0.25,0.15,0.15,0.15
686,,0.0,0.0,0.0,0.0,0.1,0.0,0.0,0.0
687,,-0.15,-0.15,-0.15,-0.15,-0.05,-0.15,-0.15,-0.15
688,2,0.312,0.85,0.312,0.1,-0.012,-0.2,-0.112,0.1
689,2,0.774,1.0,0.774,0.35,0.026,-0.25,-0.074,0.35
690,6,0.812,0.95,0.812,0.6,0.488,0.75,0.388,0.6
691,6,0.85,0.9,0.85,0.85,0.95,1.0,0.85,0.85
692,,0.7,0.75,0.7,0.7,0.8,0.85,0.7,0.7
693,,0.55,0.6,0.55,0.55,0.65,0.7,0.55,0.55
694,,0.4,0.45,0.4,0.4,0.5,0.55,0.4,0.4
695,,0.25,0.3,0.25,0.25,0.35,0.4,0.25,0.25
696,,0.1,0.15,0.1,0.1,0.2,0.25,0.1,0.1
697,,-0.05,0.0,-0.05,-0.05,0.05,0.1,-0.05,-0.05
698,8,0.412,0.25,-0.012,-0.1,0.088,0.35,0.412,0.95
699,8,0.874,0.5,0.026,-0.15,0.126,0.6,0.874,1.0
700,4,0.912,0.75,0.488,0.85,0.588,0.85,0.912,0.95
701,4,0.95,1.0,0.95,1.0,1.0,1.0,0.95,0.9
702,,0.8,0.85,0.8,0.85,0.85,0.85,0.8,0.75
703,,0.65,0.7,0.65,0.7,0.7,0.7,0.65,0.6
704,,0.5,0.55,0.5,0.55,0.55,0.55,0.5,0.45
705,,0.35,0.4,0.35,0.4,0.4,0.4,0.35,0.3
706,,0.2,0.25,0.2,0.25,0.25,0.25,0.2,0.15
707,,0.05,0.1,0.05,0.1,0.1,0.1,0.05,0.0
708,,-0.1,-0.05,-0.1,-0.05,-0.05,-0.05,-0.1,-0.15
709,8,0.362,0.2,-0.062,-0.1,-0.012,0.2,0.362,0.85
710,8,0.824,0.45,-0.024,-0.15,0.026,0.45,0.824,1.0
711,4,0.862,0.7,0.438,0.85,0.488,0.7,0.862,0.95
712,4,0.9,0.95,0.9,1.0,0.95,0.95,0.9,0.9
713,,0.75,0.8,0.75,0.85,0.8,0.8,0.75,0.75
714,,0.6,0.65,0.6,0.7,0.65,0.65,0.6,0.6
715,,0.45,0.5,0.45,0.55,0.5,0.5,0.45,0.45
716,,0.3,0.35,0.3,0.4,0.35,0.35,0.3,0.3
717,,0.15,0.2,0.15,0.25,0.2,0.2,0.15,0.15
718,,0.0,0.05,0.0,0.1,0.05,0.05,0.0,0.0
719,,-0.15,-0.1,-0.15,-0.05,-0.1,-0.1,-0.15,-0.15
720,7,0.1,-0.062,-0.2,-0.012,0.15,0.362,0.85,0.312
721,7,0.35,-0.024,-0.25,0.026,0.4,0.824,1.0,0.774
722,3,0.6,0.438,0.75,0.488,0.65,0.862,0.95,0.812
723,3,0.85,0.9,1.0,0.95,0.9,0.9,0.9,0.85
724,,0.7,0.75,0.85,0.8,0.75,0.75,0.75,0.7
725,,0.55,0.6,0.7,0.65,0.6,0.6,0.6,0.55
726,,0.4,0.45,0.55,0.5,0.45,0.45,0.45,0.4
727,,0.25,0.3,0.4,0.35,0.3,0.3,0.3,0.25
728,,0.1,0.15,0.25,0.2,0.15,0.15,0.15,0.1
729,,-0.05,0.0,0.1,0.05,0.0,0.0,0.0,-0.05
730,8,0.412,0.25,0.138,0.0,0.038,0.25,0.462,0.95
731,8,0.874,0.5,0.176,-0.05,0.076,0.5,0.924,1.0
732,4,0.912,0.75,0.638,0.95,0.538,0.75,0.962,0.95
733,4,0.95,1.0,1.0,1.0,1.0,1.0,1.0,0.9
734,,0.8,0.85,0.85,0.85,0.85,0.85,0.85,0.75
735,,0.65,0.7,0.7,0.7,0.7,0.7,0.7,0.6
736,,0.5,0.55,0.55,0.55,0.55,0.55,0.55,0.45
737,,0.35,0.4,0.4,0.4,0.4,0.4,0.4,0.3
738,,0.2,0.25,0.25,0.25,0.25,0.25,0.25,0.15
739,,0.05,0.1,0.1,0.1,0.1,0.1,0.1,0.0
740,,-0.1,-0.05,-0.05,-0.05,-0.05,-0.05,-0.05,-0.15
741,8,0.362,0.2,-0.012,-0.1,-0.012,0.2,0.412,0.85
742,8,0.824,0.45,0.026,-0.15,0.026,0.45,0.874,1.0
743,4,0.862,0.7,0.488,0.85,0.488,0.7,0.912,0.95
744,4,0.9,0.95,0.95,1.0,0.95,0.95,0.95,0.9
745,,0.75,0.8,0.8,0.85,0.8,0.8,0.8,0.75
746,,0.6,0.65,0.65,0.7,0.65,0.65,0.65,0.6
747,,0.45,0.5,0.5,0.55,0.5,0.5,0.5,0.45
748,,0.3,0.35,0.35,0.4,0.35,0.35,0.35,0.3
749,,0.15,0.2,0.2,0.25,0.2,0.2,0.2,0.15
750,,0.0,0.05,0.05,0.1,0.05,0.05,0.05,0.0
751,,-0.15,-0.1,-0.1,-0.05,-0.1,-0.1,-0.1,-0.15
752,1,0.85,0.362,0.15,-0.012,-0.15,-0.062,0.15,0.312
753,1,1.0,0.824,0.4,0.026,-0.2,-0.024,0.4,0.774
754,5,0.95,0.862,0.65,0.488,0.8,0.438,0.65,0.812
755,5,0.9,0.9,0.9,0.95,1.0,0.9,0.9,0.85
756,,0.75,0.75,0.75,0.8,0.85,0.75,0.75,0.7
757,,0.6,0.6,0.6,0.65,0.7,0.6,0.6,0.55
758,,0.45,0.45,0.45,0.5,0.55,0.45,0.45,0.4
759,,0.3,0.3,0.3,0.35,0.4,0.3,0.3,0.25
760,,0.15,0.15,0.15,0.2,0.25,0.15,0.15,0.1
761,,0.0,0.0,0.0,0.05,0.1,0.0,0.0,-0.05
762,8,0.462,0.25,0.038,0.0,0.138,0.25,0.462,0.95
763,8,0.924,0.5,0.076,-0.05,0.176,0.5,0.924,1.0
764,4,0.962,0.75,0.538,0.95,0.638,0.75,0.962,0.95
765,4,1.0,1.0,1.0,1.0,1.0,1.0,1.0,0.9
766,,0.85,0.85,0.85,0.85,0.85,0.85,0.85,0.75
767,,0.7,0.7,0.7,0.7,0.7,0.7,0.7,0.6
768,,0.55,0.55,0.55,0.55,0.55,0.55,0.55,0.45
769,,0.4,0.4,0.4,0.4,0.4,0.4,0.4,0.3
770,,0.25,0.25,0.25,0.25,0.25,0.25,0.25,0.15
771,,0.1,0.1,0.1,0.1,0.1,0.1,0.1,0.0
772,,-0.05,-0.05,-0.05,-0.05,-0.05,-0.05,-0.05,-0.15
773,8,0.412,0.2,-0.012,-0.1,-0.012,0.2,0.412,0.85
774,8,0.874,0.45,0.026,-0.15,0.026,0.45,0.874,1.0
775,4,0.912,0.7,0.488,0.85,0.488,0.7,0.912,0.95
776,4,0.95,0.95,0.95,1.0,0.95,0.95,0.95,0.9
777,,0.8,0.8,0.8,0.85,0.8,0.8,0.8,0.75
778,,0.65,0.65,0.65,0.7,0.65,0.65,0.65,0.6
779,,0.5,0.5,0.5,0.55,0.5,0.5,0.5,0.45
780,,0.35,0.35,0.35,0.4,0.35,0.35,0.35,0.3
781,,0.2,0.2,0.2,0.25,0.2,0.2,0.2,0.15
782,,0.05,0.05,0.05,0.1,0.05,0.05,0.05,0.0
783,,-0.1,-0.1,-0.1,-0.05,-0.1,-0.1,-0.1,-0.15
784,8,0.362,0.15,-0.062,-0.1,-0.062,0.15,0.362,0.85
785,8,0.824,0.4,-0.024,-0.15,-0.024,0.4,0.824,1.0
786,4,0.862,0.65,0.438,0.85,0.438,0.65,0.862,0.95
787,4,0.9,0.9,0.9,1.0,0.9,0.9,0.9,0.9
788,,0.75,0.75,0.75,0.85,0.75,0.75,0.75,0.75
789,,0.6,0.6,0.6,0.7,0.6,0.6,0.6,0.6
790,,0.45,0.45,0.45,0.55,0.45,0.45,0.45,0.45
791,,0.3,0.3,0.3,0.4,0.3,0.3,0.3,0.3
792,,0.15,0.15,0.15,0.25,0.15,0.15,0.15,0.15
793,,0.0,0.0,0.0,0.1,0.0,0.0,0.0,0.0
794,,-0.15,-0.15,-0.15,-0.05,-0.15,-0.15,-0.15,-0.15
795,7,0.1,-0.112,-0.2,-0.012,0.1,0.312,0.85,0.312
796,7,0.35,-0.074,-0.25,0.026,0.35,0.774,1.0,0.774
797,3,0.6,0.388,0.75,0.488,0.6,0.812,0.95,0.812
798,3,0.85,0.85,1.0,0.95,0.85,0.85,0.9,0.85
799,,0.7,0.7,0.85,0.8,0.7,0.7,0.75,0.7
800,,0.55,0.55,0.7,0.65,0.55,0.55,0.6,0.55
801,,0.4,0.4,0.55,0.5,0.4,0.4,0.45,0.4
802,,0.25,0.25,0.4,0.35,0.25,0.25,0.3,0.25
803,,0.1,0.1,0.25,0.2,0.1,0.1,0.15,0.1
804,,-0.05,-0.05,0.1,0.05,-0.05,-0.05,0.0,-0.05
805,8,0.412,0.2,0.138,0.0,-0.012,0.2,0.462,0.95
806,8,0.874,0.45,0.176,-0.05,0.026,0.45,0.924,1.0
807,4,0.912,0.7,0.638,0.95,0.488,0.7,0.962,0.95
808,4,0.95,0.95,1.0,1.0,0.95,0.95,1.0,0.9
809,,0.8,0.8,0.85,0.85,0.8,0.8,0.85,0.75
810,,0.65,0.65,0.7,0.7,0.65,0.65,0.7,0.6
811,,0.5,0.5,0.55,0.55,0.5,0.5,0.55,0.45
812,,0.35,0.35,0.4,0.4,0.35,0.35,0.4,0.3
813,,0.2,0.2,0.25,0.25,0.2,0.2,0.25,0.15
814,,0.05,0.05,0.1,0.1,0.05,0.05,0.1,0.0
815,,-0.1,-0.1,-0.05,-0.05,-0.1,-0.1,-0.05,-0.15
816,8,0.362,0.15,-0.012,-0.1,-0.062,0.15,0.412,0.85
817,8,0.824,0.4,0.026,-0.15,-0.024,0.4,0.874,1.0
818,4,0.862,0.65,0.488,0.85,0.438,0.65,0.912,0.95
819,4,0.9,0.9,0.95,1.0,0.9,0.9,0.95,0.9
820,,0.75,0.75,0.8,0.85,0.75,0.75,0.8,0.75
821,,0.6,0.6,0.65,0.7,0.6,0.6,0.65,0.6
822,,0.45,0.45,0.5,0.55,0.45,0.45,0.5,0.45
823,,0.3,0.3,0.35,0.4,0.3,0.3,0.35,0.3
824,,0.15,0.15,0.2,0.25,0.15,0.15,0.2,0.15
825,,0.0,0.0,0.05,0.1,0.0,0.0,0.05,0.0
826,,-0.15,-0.15,-0.1,-0.05,-0.15,-0.15,-0.1,-0.15
827,6,-0.112,-0.2,-0.062,0.2,0.312,0.85,0.362,0.1
828,6,-0.074,-0.25,-0.024,0.45,0.774,1.0,0.824,0.35
829,2,0.388,0.75,0.438,0.7,0.812,0.95,0.862,0.6
830,2,0.85,1.0,0.9,0.95,0.85,0.9,0.9,0.85
831,,0.7,0.85,0.75,0.8,0.7,0.75,0.75,0.7
832,,0.55,0.7,0.6,0.65,0.55,0.6,0.6,0.55
833,,0.4,0.55,0.45,0.5,0.4,0.45,0.45,0.4
834,,0.25,0.4,0.3,0.35,0.25,0.3,0.3,0.25
835,,0.1,0.25,0.15,0.2,0.1,0.15,0.15,0.1
836,,-0.05,0.1,0.0,0.05,-0.05,0.0,0.0,-0.05
837,1,0.95,0.562,0.25,0.088,-0.1,0.038,0.25,0.412
838,1,1.0,1.0,0.5,0.126,-0.15,0.076,0.5,0.874
839,5,0.95,1.0,0.75,0.588,0.85,0.538,0.75,0.912
840,5,0.9,1.0,1.0,1.0,1.0,1.0,1.0,0.95
841,,0.75,0.85,0.85,0.85,0.85,0.85,0.85,0.8
842,,0.6,0.7,0.7,0.7,0.7,0.7,0.7,0.65
843,,0.45,0.55,0.55,0.55,0.55,0.55,0.55,0.5
844,,0.3,0.4,0.4,0.4,0.4,0.4,0.4,0.35
845,,0.15,0.25,0.25,0.25,0.25,0.25,0.25,0.2
846,,0.0,0.1,0.1,0.1,0.1,0.1,0.1,0.05
847,,-0.15,-0.05,-0.05,-0.05,-0.05,-0.05,-0.05,-0.1
848,1,0.85,0.412,0.2,-0.012,-0.1,-0.012,0.2,0.362
849,1,1.0,0.874,0.45,0.026,-0.15,0.026,0.45,0.824
850,5,0.95,0.912,0.7,0.488,0.85,0.488,0.7,0.862
851,5,0.9,0.95,0.95,0.95,1.0,0.95,0.95,0.9
852,,0.75,0.8,0.8,0.8,0.85,0.8,0.8,0.75
853,,0.6,0.65,0.65,0.65,0.7,0.65,0.65,0.6
854,,0.45,0.5,0.5,0.5,0.55,0.5,0.5,0.45
855,,0.3,0.35,0.35,0.35,0.4,0.35,0.35,0.3
856,,0.15,0.2,0.2,0.2,0.25,0.2,0.2,0.15
857,,0.0,0.05,0.05,0.05,0.1,0.05,0.05,0.0
858,,-0.15,-0.1,-0.1,-0.1,-0.05,-0.1,-0.1,-0.15
859,8,0.312,0.15,-0.062,-0.15,-0.012,0.15,0.362,0.85
860,8,0.774,0.4,-0.024,-0.2,0.026,0.4,0.824,1.0
861,4,0.812,0.65,0.438,0.8,0.488,0.65,0.862,0.95
862,4,0.85,0.9,0.9,1.0,0.95,0.9,0.9,0.9
863,,0.7,0.75,0.75,0.85,0.8,0.75,0.75,0.75
864,,0.55,0.6,0.6,0.7,0.65,0.6,0.6,0.6
865,,0.4,0.45,0.45,0.55,0.5,0.45,0.45,0.45
866,,0.25,0.3,0.3,0.4,0.35,0.3,0.3,0.3
867,,0.1,0.15,0.15,0.25,0.2,0.15,0.15,0.15
868,,-0.05,0.0,0.0,0.1,0.05,0.0,0.0,0.0
869,1,0.95,0.462,0.25,0.138,0.0,0.038,0.25,0.462
870,1,1.0,0.924,0.5,0.176,-0.05,0.076,0.5,0.924
871,5,0.95,0.962,0.75,0.638,0.95,0.538,0.75,0.962
872,5,0.9,1.0,1.0,1.0,1.0,1.0,1.0,1.0
873,,0.75,0.85,0.85,0.85,0.85,0.85,0.85,0.85
874,,0.6,0.7,0.7,0.7,0.7,0.7,0.7,0.7
875,,0.45,0.55,0.55,0.55,0.55,0.55,0.55,0.55
876,,0.3,0.4,0.4,0.4,0.4,0.4,0.4,0.4
877,,0.15,0.25,0.25,0.25,0.25,0.25,0.25,0.25
878,,0.0,0.1,0.1,0.1,0.1,0.1,0.1,0.1
879,,-0.15,-0.05,-0.05,-0.05,-0.05,-0.05,-0.05,-0.05
880,1,0.85,0.412,0.2,-0.012,-0.1,-0.012,0.2,0.412
881,1,1.0,0.874,0.45,0.026,-0.15,0.026,0.45,0.874
882,5,0.95,0.912,0.7,0.488,0.85,0.488,0.7,0.912
883,5,0.9,0.95,0.95,0.95,1.0,0.95,0.95,0.95
884,,0.75,0.8,0.8,0.8,0.85,0.8,0.8,0.8
885,,0.6,0.65,0.65,0.65,0.7,0.65,0.65,0.65
886,,0.45,0.5,0.5,0.5,0.55,0.5,0.5,0.5
887,,0.3,0.35,0.35,0.35,0.4,0.35,0.35,0.35
888,,0.15,0.2,0.2,0.2,0.25,0.2,0.2,0.2
889,,0.0,0.05,0.05,0.05,0.1,0.05,0.05,0.05
890,,-0.15,-0.1,-0.1,-0.1,-0.05,-0.1,-0.1,-0.1
891,1,0.85,0.362,0.15,-0.062,-0.1,-0.062,0.15,0.362
892,1,1.0,0.824,0.4,-0.024,-0.15,-0.024,0.4,0.824
893,5,0.95,0.862,0.65,0.438,0.85,0.438,0.65,0.862
894,5,0.9,0.9,0.9,0.9,1.0,0.9,0.9,0.9
895,,0.75,0.75,0.75,0.75,0.85,0.75,0.75,0.75
896,,0.6,0.6,0.6,0.6,0.7,0.6,0.6,0.6
897,,0.45,0.45,0.45,0.45,0.55,0.45,0.45,0.45
898,,0.3,0.3,0.3,0.3,0.4,0.3,0.3,0.3
899,,0.15,0.15,0.15,0.15,0.25,0.15,0.15,0.15
900,,0.0,0.0,0.0,0.0,0.1,0.0,0.0,0.0
901,,-0.15,-0.15,-0.15,-0.15,-0.05,-0.15,-0.15,-0.15
902,4,-0.112,0.1,0.312,0.85,0.412,0.1,-0.112,-0.2
903,4,-0.074,0.35,0.774,1.0,0.874,0.35,-0.074,-0.25
904,8,0.388,0.6,0.812,0.95,0.912,0.6,0.388,0.75
905,8,0.85,0.85,0.85,0.9,0.95,0.85,0.85,1.0
906,,0.7,0.7,0.7,0.75,0.8,0.7,0.7,0.85
907,,0.55,0.55,0.55,0.6,0.65,0.55,0.55,0.7
908,,0.4,0.4,0.4,0.45,0.5,0.4,0.4,0.55
909,,0.25,0.25,0.25,0.3,0.35,0.25,0.25,0.4
910,,0.1,0.1,0.1,0.15,0.2,0.1,0.1,0.25
911,,-0.05,-0.05,-0.05,0.0,0.05,-0.05,-0.05,0.1
912,7,0.2,-0.012,-0.1,0.038,0.3,0.412,0.95,0.562
913,7,0.45,0.026,-0.15,0.076,0.55,0.874,1.0,1.0
914,3,0.7,0.488,0.85,0.538,0.8,0.912,0.95,1.0
915,3,0.95,0.95,1.0,1.0,1.0,0.95,0.9,1.0
916,,0.8,0.8,0.85,0.85,0.85,0.8,0.75,0.85
917,,0.65,0.65,0.7,0.7,0.7,0.65,0.6,0.7
918,,0.5,0.5,0.55,0.55,0.55,0.5,0.45,0.55
919,,0.35,0.35,0.4,0.4,0.4,0.35,0.3,0.4
920,,0.2,0.2,0.25,0.25,0.25,0.2,0.15,0.25
921,,0.05,0.05,0.1,0.1,0.1,0.05,0.0,0.1
922,,-0.1,-0.1,-0.05,-0.05,-0.05,-0.1,-0.15,-0.05
923,7,0.15,-0.062,-0.1,-0.012,0.2,0.362,0.85,0.412
924,7,0.4,-0.024,-0.15,0.026,0.45,0.824,1.0,0.874
925,3,0.65,0.438,0.85,0.488,0.7,0.862,0.95,0.912
926,3,0.9,0.9,1.0,0.95,0.95,0.9,0.9,0.95
927,,0.75,0.75,0.85,0.8,0.8,0.75,0.75,0.8
928,,0.6,0.6,0.7,0.65,0.65,0.6,0.6,0.65
929,,0.45,0.45,0.55,0.5,0.5,0.45,0.45,0.5
930,,0.3,0.3,0.4,0.35,0.35,0.3,0.3,0.35
931,,0.15,0.15,0.25,0.2,0.2,0.15,0.15,0.2
932,,0.0,0.0,0.1,0.05,0.05,0.0,0.0,0.05
933,,-0.15,-0.15,-0.05,-0.1,-0.1,-0.15,-0.15,-0.1
934,7,0.1,-0.112,-0.1,-0.062,0.15,0.312,0.85,0.362
935,7,0.35,-0.074,-0.15,-0.024,0.4,0.774,1.0,0.824
936,3,0.6,0.388,0.85,0.438,0.65,0.812,0.95,0.862
937,3,0.85,0.85,1.0,0.9,0.9,0.85,0.9,0.9
938,,0.7,0.7,0.85,0.75,0.75,0.7,0.75,0.75
939,,0.55,0.55,0.7,0.6,0.6,0.55,0.6,0.6
940,,0.4,0.4,0.55,0.45,0.45,0.4,0.45,0.45
941,,0.25,0.25,0.4,0.3,0.3,0.25,0.3,0.3
942,,0.1,0.1,0.25,0.15,0.15,0.1,0.15,0.15
943,,-0.05,-0.05,0.1,0.0,0.0,-0.05,0.0,0.0
944,1,0.95,0.412,0.35,0.038,-0.05,-0.012,0.25,0.462
945,1,1.0,0.874,0.6,0.076,-0.1,0.026,0.5,0.924
946,5,0.95,0.912,0.85,0.538,0.9,0.488,0.75,0.962
947,5,0.9,0.95,1.0,1.0,1.0,0.95,1.0,1.0
948,,0.75,0.8,0.85,0.85,0.85,0.8,0.85,0.85
949,,0.6,0.65,0.7,0.7,0.7,0.65,0.7,0.7
950,,0.45,0.5,0.55,0.55,0.55,0.5,0.55,0.55
951,,0.3,0.35,0.4,0.4,0.4,0.35,0.4,0.4
952,,0.15,0.2,0.25,0.25,0.25,0.2,0.25,0.25
953,,0.0,0.05,0.1,0.1,0.1,0.05,0.1,0.1
954,,-0.15,-0.1,-0.05,-0.05,-0.05,-0.1,-0.05,-0.05
955,1,0.85,0.362,0.2,-0.012,-0.1,-0.062,0.2,0.412
956,1,1.0,0.824,0.45,0.026,-0.15,-0.024,0.45,0.874
957,5,0.95,0.862,0.7,0.488,0.85,0.438,0.7,0.912
958,5,0.9,0.9,0.95,0.95,1.0,0.9,0.95,0.95
959,,0.75,0.75,0.8,0.8,0.85,0.75,0.8,0.8
960,,0.6,0.6,0.65,0.65,0.7,0.6,0.65,0.65
961,,0.45,0.45,0.5,0.5,0.55,0.45,0.5,0.5
962,,0.3,0.3,0.35,0.35,0.4,0.3,0.35,0.35
963,,0.15,0.15,0.2,0.2,0.25,0.15,0.2,0.2
964,,0.0,0.0,0.05,0.05,0.1,0.0,0.05,0.05
965,,-0.15,-0.15,-0.1,-0.1,-0.05,-0.15,-0.1,-0.1
966,1,0.85,0.312,0.15,-0.062,-0.1,-0.112,0.15,0.362
967,1,1.0,0.774,0.4,-0.024,-0.15,-0.074,0.4,0.824
968,5,0.95,0.812,0.65,0.438,0.85,0.388,0.65,0.862
969,5,0.9,0.85,0.9,0.9,1.0,0.85,0.9,0.9
970,,0.75,0.7,0.75,0.75,0.85,0.7,0.75,0.75
971,,0.6,0.55,0.6,0.6,0.7,0.55,0.6,0.6
972,,0.45,0.4,0.45,0.45,0.55,0.4,0.45,0.45
973,,0.3,0.25,0.3,0.3,0.4,0.25,0.3,0.3
974,,0.15,0.1,0.15,0.15,0.25,0.1,0.15,0.15
975,,0.0,-0.05,0.0,0.0,0.1,-0.05,0.0,0.0
976,2,0.462,0.95,0.462,0.25,0.138,-0.1,0.038,0.25
977,2,0.924,1.0,0.924,0.5,0.176,-0.15,0.076,0.5
978,6,0.962,0.95,0.962,0.75,0.638,0.85,0.538,0.75
979,6,1.0,0.9,1.0,1.0,1.0,1.0,1.0,1.0
980,,0.85,0.75,0.85,0.85,0.85,0.85,0.85,0.85
981,,0.7,0.6,0.7,0.7,0.7,0.7,0.7,0.7
982,,0.55,0.45,0.55,0.55,0.55,0.55,0.55,0.55
983,,0.4,0.3,0.4,0.4,0.4,0.4,0.4,0.4
984,,0.25,0.15,0.25,0.25,0.25,0.25,0.25,0.25
985,,0.1,0.0,0.1,0.1,0.1,0.1,0.1,0.1
986,,-0.05,-0.15,-0.05,-0.05,-0.05,-0.05,-0.05,-0.05
987,2,0.412,0.85,0.412,0.2,-0.012,-0.1,-0.012,0.2
988,2,0.874,1.0,0.874,0.45,0.026,-0.15,0.026,0.45
989,6,0.912,0.95,0.912,0.7,0.488,0.85,0.488,0.7
990,6,0.95,0.9,0.95,0.95,0.95,1.0,0.95,0.95
991,,0.8,0.75,0.8,0.8,0.8,0.85,0.8,0.8
992,,0.65,0.6,0.65,0.65,0.65,0.7,0.65,0.65
993,,0.5,0.45,0.5,0.5,0.5,0.55,0.5,0.5
994,,0.35,0.3,0.35,0.35,0.35,0.4,0.35,0.35
995,,0.2,0.15,0.2,0.2,0.2,0.25,0.2,0.2
996,,0.05,0.0,0.05,0.05,0.05,0.1,0.05,0.05
997,,-0.1,-0.15,-0.1,-0.1,-0.1,-0.05,-0.1,-0.1
998,2,0.362,0.85,0.362,0.15,-0.062,-0.1,-0.062,0.15
999,2,0.824,1.0,0.824,0.4,-0.024,-0.15,-0.024,0.4
