step,active_motive,motive_1,motive_2,motive_3,motive_4,motive_5,motive_6,motive_7,motive_8
0,,0.0915,0.085,0.04495,0.00954,0.03708,0.06688,0.06659,0.05913
1,,0.0415,0.035,-0.00505,-0.04046,-0.01292,0.01688,0.01659,0.00913
2,4,0.0915,0.085,0.04495,0.95954,0.03708,0.06688,0.06659,0.05913
3,4,0.1415,0.135,0.09495,1.0,0.08708,0.11688,0.11659,0.10913
4,,0.0915,0.085,0.04495,0.95,0.03708,0.06688,0.06659,0.05913
5,,0.0415,0.035,-0.00505,0.9,-0.01292,0.01688,0.01659,0.00913
6,5,0.0915,0.085,0.04495,0.95,0.98708,0.06688,0.06659,0.05913
7,5,0.1415,0.135,0.09495,1.0,1.0,0.11688,0.11659,0.10913
8,,0.0915,0.085,0.04495,0.95,0.95,0.06688,0.06659,0.05913
9,,0.0415,0.035,-0.00505,0.9,0.9,0.01688,0.01659,0.00913
10,3,0.0915,0.085,0.99495,0.95,0.95,0.06688,0.06659,0.05913
11,3,0.1415,0.135,1.0,1.0,1.0,0.11688,0.11659,0.10913
12,,0.0915,0.085,0.95,0.95,0.95,0.06688,0.06659,0.05913
13,,0.0415,0.035,0.9,0.9,0.9,0.01688,0.01659,0.00913
14,,-0.0085,-0.015,0.85,0.85,0.85,-0.03312,-0.03341,-0.04087
15,8,0.0415,0.035,0.9,0.9,0.9,0.01688,0.01659,0.95913
16,8,0.0915,0.085,0.95,0.95,0.95,0.06688,0.06659,1.0
17,,0.0415,0.035,0.9,0.9,0.9,0.01688,0.01659,0.95
18,,-0.0085,-0.015,0.85,0.85,0.85,-0.03312,-0.03341,0.9
19,7,0.0415,0.035,0.9,0.9,0.9,0.01688,0.96659,0.95
20,7,0.0915,0.085,0.95,0.95,0.95,0.06688,1.0,1.0
21,,0.0415,0.035,0.9,0.9,0.9,0.01688,0.95,0.95
22,,-0.0085,-0.015,0.85,0.85,0.85,-0.03312,0.9,0.9
23,6,0.0415,0.035,0.9,0.9,0.9,0.96688,0.95,0.95
24,6,0.0915,0.085,0.95,0.95,0.95,1.0,1.0,1.0
25,,0.0415,0.035,0.9,0.9,0.9,0.95,0.95,0.95
26,,-0.0085,-0.015,0.85,0.85,0.85,0.9,0.9,0.9
27,2,0.0415,0.985,0.9,0.9,0.9,0.95,0.95,0.95
28,2,0.0915,1.0,0.95,0.95,0.95,1.0,1.0,1.0
29,,0.0415,0.95,0.9,0.9,0.9,0.95,0.95,0.95
30,,-0.0085,0.9,0.85,0.85,0.85,0.9,0.9,0.9
31,1,0.9915,0.95,0.9,0.9,0.9,0.95,0.95,0.95
32,1,1.0,1.0,0.95,0.95,0.95,1.0,1.0,1.0
33,,0.95,0.95,0.9,0.9,0.9,0.95,0.95,0.95
34,,0.9,0.9,0.85,0.85,0.85,0.9,0.9,0.9
35,,0.85,0.85,0.8,0.8,0.8,0.85,0.85,0.85
36,,0.8,0.8,0.75,0.75,0.75,0.8,0.8,0.8
37,,0.75,0.75,0.7,0.7,0.7,0.75,0.75,0.75
38,,0.7,0.7,0.65,0.65,0.65,0.7,0.7,0.7
39,,0.65,0.65,0.6,0.6,0.6,0.65,0.65,0.65
40,,0.6,0.6,0.55,0.55,0.55,0.6,0.6,0.6
41,,0.55,0.55,0.5,0.5,0.5,0.55,0.55,0.55
42,,0.5,0.5,0.45,0.45,0.45,0.5,0.5,0.5
43,,0.45,0.45,0.4,0.4,0.4,0.45,0.45,0.45
44,,0.4,0.4,0.35,0.35,0.35,0.4,0.4,0.4
45,,0.35,0.35,0.3,0.3,0.3,0.35,0.35,0.35
46,,0.3,0.3,0.25,0.25,0.25,0.3,0.3,0.3
47,,0.25,0.25,0.2,0.2,0.2,0.25,0.25,0.25
48,,0.2,0.2,0.15,0.15,0.15,0.2,0.2,0.2
49,,0.15,0.15,0.1,0.1,0.1,0.15,0.15,0.15
50,,0.1,0.1,0.05,0.05,0.05,0.1,0.1,0.1
51,,0.05,0.05,0.0,0.0,0.0,0.05,0.05,0.05
52,,0.0,0.0,-0.05,-0.05,-0.05,0.0,0.0,0.0
53,4,0.05,0.05,0.0,0.95,0.0,0.05,0.05,0.05
54,4,0.1,0.1,0.05,1.0,0.05,0.1,0.1,0.1
55,,0.05,0.05,0.0,0.95,0.0,0.05,0.05,0.05
56,,0.0,0.0,-0.05,0.9,-0.05,0.0,0.0,0.0
57,3,0.05,0.05,0.95,0.95,0.0,0.05,0.05,0.05
58,3,0.1,0.1,1.0,1.0,0.05,0.1,0.1,0.1
59,,0.05,0.05,0.95,0.95,0.0,0.05,0.05,0.05
60,,0.0,0.0,0.9,0.9,-0.05,0.0,0.0,0.0
61,5,0.05,0.05,0.95,0.95,0.95,0.05,0.05,0.05
62,5,0.1,0.1,1.0,1.0,1.0,0.1,0.1,0.1
63,,0.05,0.05,0.95,0.95,0.95,0.05,0.05,0.05
64,,0.0,0.0,0.9,0.9,0.9,0.0,0.0,0.0
65,,-0.05,-0.05,0.85,0.85,0.85,-0.05,-0.05,-0.05
66,6,0.0,0.0,0.9,0.9,0.9,0.95,0.0,0.0
67,6,0.05,0.05,0.95,0.95,0.95,1.0,0.05,0.05
68,,0.0,0.0,0.9,0.9,0.9,0.95,0.0,0.0
69,,-0.05,-0.05,0.85,0.85,0.85,0.9,-0.05,-0.05
70,1,0.95,0.0,0.9,0.9,0.9,0.95,0.0,0.0
71,1,1.0,0.05,0.95,0.95,0.95,1.0,0.05,0.05
72,,0.95,0.0,0.9,0.9,0.9,0.95,0.0,0.0
73,,0.9,-0.05,0.85,0.85,0.85,0.9,-0.05,-0.05
74,8,0.95,0.0,0.9,0.9,0.9,0.95,0.0,0.95
75,8,1.0,0.05,0.95,0.95,0.95,1.0,0.05,1.0
76,,0.95,0.0,0.9,0.9,0.9,0.95,0.0,0.95
77,,0.9,-0.05,0.85,0.85,0.85,0.9,-0.05,0.9
78,2,0.95,0.95,0.9,0.9,0.9,0.95,0.0,0.95
79,2,1.0,1.0,0.95,0.95,0.95,1.0,0.05,1.0
80,,0.95,0.95,0.9,0.9,0.9,0.95,0.0,0.95
81,,0.9,0.9,0.85,0.85,0.85,0.9,-0.05,0.9
82,7,0.95,0.95,0.9,0.9,0.9,0.95,0.95,0.95
83,7,1.0,1.0,0.95,0.95,0.95,1.0,1.0,1.0
84,,0.95,0.95,0.9,0.9,0.9,0.95,0.95,0.95
85,,0.9,0.9,0.85,0.85,0.85,0.9,0.9,0.9
86,,0.85,0.85,0.8,0.8,0.8,0.85,0.85,0.85
87,,0.8,0.8,0.75,0.75,0.75,0.8,0.8,0.8
88,,0.75,0.75,0.7,0.7,0.7,0.75,0.75,0.75
89,,0.7,0.7,0.65,0.65,0.65,0.7,0.7,0.7
90,,0.65,0.65,0.6,0.6,0.6,0.65,0.65,0.65
91,,0.6,0.6,0.55,0.55,0.55,0.6,0.6,0.6
92,,0.55,0.55,0.5,0.5,0.5,0.55,0.55,0.55
93,,0.5,0.5,0.45,0.45,0.45,0.5,0.5,0.5
94,,0.45,0.45,0.4,0.4,0.4,0.45,0.45,0.45
95,,0.4,0.4,0.35,0.35,0.35,0.4,0.4,0.4
96,,0.35,0.35,0.3,0.3,0.3,0.35,0.35,0.35
97,,0.3,0.3,0.25,0.25,0.25,0.3,0.3,0.3
98,,0.25,0.25,0.2,0.2,0.2,0.25,0.25,0.25
99,,0.2,0.2,0.15,0.15,0.15,0.2,0.2,0.2
100,,0.15,0.15,0.1,0.1,0.1,0.15,0.15,0.15
101,,0.1,0.1,0.05,0.05,0.05,0.1,0.1,0.1
102,,0.05,0.05,0.0,0.0,0.0,0.05,0.05,0.05
103,,0.0,0.0,-0.05,-0.05,-0.05,0.0,0.0,0.0
104,5,0.05,0.05,0.0,0.0,0.95,0.05,0.05,0.05
105,5,0.1,0.1,0.05,0.05,1.0,0.1,0.1,0.1
106,,0.05,0.05,0.0,0.0,0.95,0.05,0.05,0.05
107,,0.0,0.0,-0.05,-0.05,0.9,0.0,0.0,0.0
108,4,0.05,0.05,0.0,0.95,0.95,0.05,0.05,0.05
109,4,0.1,0.1,0.05,1.0,1.0,0.1,0.1,0.1
110,,0.05,0.05,0.0,0.95,0.95,0.05,0.05,0.05
111,,0.0,0.0,-0.05,0.9,0.9,0.0,0.0,0.0
112,3,0.05,0.05,0.95,0.95,0.95,0.05,0.05,0.05
113,3,0.1,0.1,1.0,1.0,1.0,0.1,0.1,0.1
114,,0.05,0.05,0.95,0.95,0.95,0.05,0.05,0.05
115,,0.0,0.0,0.9,0.9,0.9,0.0,0.0,0.0
116,,-0.05,-0.05,0.85,0.85,0.85,-0.05,-0.05,-0.05
117,6,0.0,0.0,0.9,0.9,0.9,0.95,0.0,0.0
118,6,0.05,0.05,0.95,0.95,0.95,1.0,0.05,0.05
119,,0.0,0.0,0.9,0.9,0.9,0.95,0.0,0.0
120,,-0.05,-0.05,0.85,0.85,0.85,0.9,-0.05,-0.05
121,1,0.95,0.0,0.9,0.9,0.9,0.95,0.0,0.0
122,1,1.0,0.05,0.95,0.95,0.95,1.0,0.05,0.05
123,,0.95,0.0,0.9,0.9,0.9,0.95,0.0,0.0
124,,0.9,-0.05,0.85,0.85,0.85,0.9,-0.05,-0.05
125,2,0.95,0.95,0.9,0.9,0.9,0.95,0.0,0.0
126,2,1.0,1.0,0.95,0.95,0.95,1.0,0.05,0.05
127,,0.95,0.95,0.9,0.9,0.9,0.95,0.0,0.0
128,,0.9,0.9,0.85,0.85,0.85,0.9,-0.05,-0.05
129,8,0.95,0.95,0.9,0.9,0.9,0.95,0.0,0.95
130,8,1.0,1.0,0.95,0.95,0.95,1.0,0.05,1.0
131,,0.95,0.95,0.9,0.9,0.9,0.95,0.0,0.95
132,,0.9,0.9,0.85,0.85,0.85,0.9,-0.05,0.9
133,7,0.95,0.95,0.9,0.9,0.9,0.95,0.95,0.95
134,7,1.0,1.0,0.95,0.95,0.95,1.0,1.0,1.0
135,,0.95,0.95,0.9,0.9,0.9,0.95,0.95,0.95
136,,0.9,0.9,0.85,0.85,0.85,0.9,0.9,0.9
137,,0.85,0.85,0.8,0.8,0.8,0.85,0.85,0.85
138,,0.8,0.8,0.75,0.75,0.75,0.8,0.8,0.8
139,,0.75,0.75,0.7,0.7,0.7,0.75,0.75,0.75
140,,0.7,0.7,0.65,0.65,0.65,0.7,0.7,0.7
141,,0.65,0.65,0.6,0.6,0.6,0.65,0.65,0.65
142,,0.6,0.6,0.55,0.55,0.55,0.6,0.6,0.6
143,,0.55,0.55,0.5,0.5,0.5,0.55,0.55,0.55
144,,0.5,0.5,0.45,0.45,0.45,0.5,0.5,0.5
145,,0.45,0.45,0.4,0.4,0.4,0.45,0.45,0.45
146,,0.4,0.4,0.35,0.35,0.35,0.4,0.4,0.4
147,,0.35,0.35,0.3,0.3,0.3,0.35,0.35,0.35
148,,0.3,0.3,0.25,0.25,0.25,0.3,0.3,0.3
149,,0.25,0.25,0.2,0.2,0.2,0.25,0.25,0.25
150,,0.2,0.2,0.15,0.15,0.15,0.2,0.2,0.2
151,,0.15,0.15,0.1,0.1,0.1,0.15,0.15,0.15
152,,0.1,0.1,0.05,0.05,0.05,0.1,0.1,0.1
153,,0.05,0.05,0.0,0.0,0.0,0.05,0.05,0.05
154,,0.0,0.0,-0.05,-0.05,-0.05,0.0,0.0,0.0
155,5,0.05,0.05,0.0,0.0,0.95,0.05,0.05,0.05
156,5,0.1,0.1,0.05,0.05,1.0,0.1,0.1,0.1
157,,0.05,0.05,0.0,0.0,0.95,0.05,0.05,0.05
158,,0.0,0.0,-0.05,-0.05,0.9,0.0,0.0,0.0
159,3,0.05,0.05,0.95,0.0,0.95,0.05,0.05,0.05
160,3,0.1,0.1,1.0,0.05,1.0,0.1,0.1,0.1
161,,0.05,0.05,0.95,0.0,0.95,0.05,0.05,0.05
162,,0.0,0.0,0.9,-0.05,0.9,0.0,0.0,0.0
163,4,0.05,0.05,0.95,0.95,0.95,0.05,0.05,0.05
164,4,0.1,0.1,1.0,1.0,1.0,0.1,0.1,0.1
165,,0.05,0.05,0.95,0.95,0.95,0.05,0.05,0.05
166,,0.0,0.0,0.9,0.9,0.9,0.0,0.0,0.0
167,,-0.05,-0.05,0.85,0.85,0.85,-0.05,-0.05,-0.05
168,6,0.0,0.0,0.9,0.9,0.9,0.95,0.0,0.0
169,6,0.05,0.05,0.95,0.95,0.95,1.0,0.05,0.05
170,,0.0,0.0,0.9,0.9,0.9,0.95,0.0,0.0
171,,-0.05,-0.05,0.85,0.85,0.85,0.9,-0.05,-0.05
172,1,0.95,0.0,0.9,0.9,0.9,0.95,0.0,0.0
173,1,1.0,0.05,0.95,0.95,0.95,1.0,0.05,0.05
174,,0.95,0.0,0.9,0.9,0.9,0.95,0.0,0.0
175,,0.9,-0.05,0.85,0.85,0.85,0.9,-0.05,-0.05
176,8,0.95,0.0,0.9,0.9,0.9,0.95,0.0,0.95
177,8,1.0,0.05,0.95,0.95,0.95,1.0,0.05,1.0
178,,0.95,0.0,0.9,0.9,0.9,0.95,0.0,0.95
179,,0.9,-0.05,0.85,0.85,0.85,0.9,-0.05,0.9
180,2,0.95,0.95,0.9,0.9,0.9,0.95,0.0,0.95
181,2,1.0,1.0,0.95,0.95,0.95,1.0,0.05,1.0
182,,0.95,0.95,0.9,0.9,0.9,0.95,0.0,0.95
183,,0.9,0.9,0.85,0.85,0.85,0.9,-0.05,0.9
184,7,0.95,0.95,0.9,0.9,0.9,0.95,0.95,0.95
185,7,1.0,1.0,0.95,0.95,0.95,1.0,1.0,1.0
186,,0.95,0.95,0.9,0.9,0.9,0.95,0.95,0.95
187,,0.9,0.9,0.85,0.85,0.85,0.9,0.9,0.9
188,,0.85,0.85,0.8,0.8,0.8,0.85,0.85,0.85
189,,0.8,0.8,0.75,0.75,0.75,0.8,0.8,0.8
190,,0.75,0.75,0.7,0.7,0.7,0.75,0.75,0.75
191,,0.7,0.7,0.65,0.65,0.65,0.7,0.7,0.7
192,,0.65,0.65,0.6,0.6,0.6,0.65,0.65,0.65
193,,0.6,0.6,0.55,0.55,0.55,0.6,0.6,0.6
194,,0.55,0.55,0.5,0.5,0.5,0.55,0.55,0.55
195,,0.5,0.5,0.45,0.45,0.45,0.5,0.5,0.5
196,,0.45,0.45,0.4,0.4,0.4,0.45,0.45,0.45
197,,0.4,0.4,0.35,0.35,0.35,0.4,0.4,0.4
198,,0.35,0.35,0.3,0.3,0.3,0.35,0.35,0.35
199,,0.3,0.3,0.25,0.25,0.25,0.3,0.3,0.3
200,,0.25,0.25,0.2,0.2,0.2,0.25,0.25,0.25
201,,0.2,0.2,0.15,0.15,0.15,0.2,0.2,0.2
202,,0.15,0.15,0.1,0.1,0.1,0.15,0.15,0.15
203,,0.1,0.1,0.05,0.05,0.05,0.1,0.1,0.1
204,,0.05,0.05,0.0,0.0,0.0,0.05,0.05,0.05
205,,0.0,0.0,-0.05,-0.05,-0.05,0.0,0.0,0.0
206,4,0.05,0.05,0.0,0.95,0.0,0.05,0.05,0.05
207,4,0.1,0.1,0.05,1.0,0.05,0.1,0.1,0.1
208,,0.05,0.05,0.0,0.95,0.0,0.05,0.05,0.05
209,,0.0,0.0,-0.05,0.9,-0.05,0.0,0.0,0.0
210,5,0.05,0.05,0.0,0.95,0.95,0.05,0.05,0.05
211,5,0.1,0.1,0.05,1.0,1.0,0.1,0.1,0.1
212,,0.05,0.05,0.0,0.95,0.95,0.05,0.05,0.05
213,,0.0,0.0,-0.05,0.9,0.9,0.0,0.0,0.0
214,3,0.05,0.05,0.95,0.95,0.95,0.05,0.05,0.05
215,3,0.1,0.1,1.0,1.0,1.0,0.1,0.1,0.1
216,,0.05,0.05,0.95,0.95,0.95,0.05,0.05,0.05
217,,0.0,0.0,0.9,0.9,0.9,0.0,0.0,0.0
218,,-0.05,-0.05,0.85,0.85,0.85,-0.05,-0.05,-0.05
219,7,0.0,0.0,0.9,0.9,0.9,0.0,0.95,0.0
220,7,0.05,0.05,0.95,0.95,0.95,0.05,1.0,0.05
221,,0.0,0.0,0.9,0.9,0.9,0.0,0.95,0.0
222,,-0.05,-0.05,0.85,0.85,0.85,-0.05,0.9,-0.05
223,1,0.95,0.0,0.9,0.9,0.9,0.0,0.95,0.0
224,1,1.0,0.05,0.95,0.95,0.95,0.05,1.0,0.05
225,,0.95,0.0,0.9,0.9,0.9,0.0,0.95,0.0
226,,0.9,-0.05,0.85,0.85,0.85,-0.05,0.9,-0.05
227,8,0.95,0.0,0.9,0.9,0.9,0.0,0.95,0.95
228,8,1.0,0.05,0.95,0.95,0.95,0.05,1.0,1.0
229,,0.95,0.0,0.9,0.9,0.9,0.0,0.95,0.95
230,,0.9,-0.05,0.85,0.85,0.85,-0.05,0.9,0.9
231,2,0.95,0.95,0.9,0.9,0.9,0.0,0.95,0.95
232,2,1.0,1.0,0.95,0.95,0.95,0.05,1.0,1.0
233,,0.95,0.95,0.9,0.9,0.9,0.0,0.95,0.95
234,,0.9,0.9,0.85,0.85,0.85,-0.05,0.9,0.9
235,6,0.95,0.95,0.9,0.9,0.9,0.95,0.95,0.95
236,6,1.0,1.0,0.95,0.95,0.95,1.0,1.0,1.0
237,,0.95,0.95,0.9,0.9,0.9,0.95,0.95,0.95
238,,0.9,0.9,0.85,0.85,0.85,0.9,0.9,0.9
239,,0.85,0.85,0.8,0.8,0.8,0.85,0.85,0.85
240,,0.8,0.8,0.75,0.75,0.75,0.8,0.8,0.8
241,,0.75,0.75,0.7,0.7,0.7,0.75,0.75,0.75
242,,0.7,0.7,0.65,0.65,0.65,0.7,0.7,0.7
243,,0.65,0.65,0.6,0.6,0.6,0.65,0.65,0.65
244,,0.6,0.6,0.55,0.55,0.55,0.6,0.6,0.6
245,,0.55,0.55,0.5,0.5,0.5,0.55,0.55,0.55
246,,0.5,0.5,0.45,0.45,0.45,0.5,0.5,0.5
247,,0.45,0.45,0.4,0.4,0.4,0.45,0.45,0.45
248,,0.4,0.4,0.35,0.35,0.35,0.4,0.4,0.4
249,,0.35,0.35,0.3,0.3,0.3,0.35,0.35,0.35
250,,0.3,0.3,0.25,0.25,0.25,0.3,0.3,0.3
251,,0.25,0.25,0.2,0.2,0.2,0.25,0.25,0.25
252,,0.2,0.2,0.15,0.15,0.15,0.2,0.2,0.2
253,,0.15,0.15,0.1,0.1,0.1,0.15,0.15,0.15
254,,0.1,0.1,0.05,0.05,0.05,0.1,0.1,0.1
255,,0.05,0.05,0.0,0.0,0.0,0.05,0.05,0.05
256,,0.0,0.0,-0.05,-0.05,-0.05,0.0,0.0,0.0
257,5,0.05,0.05,0.0,0.0,0.95,0.05,0.05,0.05
258,5,0.1,0.1,0.05,0.05,1.0,0.1,0.1,0.1
259,,0.05,0.05,0.0,0.0,0.95,0.05,0.05,0.05
260,,0.0,0.0,-0.05,-0.05,0.9,0.0,0.0,0.0
261,3,0.05,0.05,0.95,0.0,0.95,0.05,0.05,0.05
262,3,0.1,0.1,1.0,0.05,1.0,0.1,0.1,0.1
263,,0.05,0.05,0.95,0.0,0.95,0.05,0.05,0.05
264,,0.0,0.0,0.9,-0.05,0.9,0.0,0.0,0.0
265,4,0.05,0.05,0.95,0.95,0.95,0.05,0.05,0.05
266,4,0.1,0.1,1.0,1.0,1.0,0.1,0.1,0.1
267,,0.05,0.05,0.95,0.95,0.95,0.05,0.05,0.05
268,,0.0,0.0,0.9,0.9,0.9,0.0,0.0,0.0
269,,-0.05,-0.05,0.85,0.85,0.85,-0.05,-0.05,-0.05
270,7,0.0,0.0,0.9,0.9,0.9,0.0,0.95,0.0
271,7,0.05,0.05,0.95,0.95,0.95,0.05,1.0,0.05
272,,0.0,0.0,0.9,0.9,0.9,0.0,0.95,0.0
273,,-0.05,-0.05,0.85,0.85,0.85,-0.05,0.9,-0.05
274,1,0.95,0.0,0.9,0.9,0.9,0.0,0.95,0.0
275,1,1.0,0.05,0.95,0.95,0.95,0.05,1.0,0.05
276,,0.95,0.0,0.9,0.9,0.9,0.0,0.95,0.0
277,,0.9,-0.05,0.85,0.85,0.85,-0.05,0.9,-0.05
278,6,0.95,0.0,0.9,0.9,0.9,0.95,0.95,0.0
279,6,1.0,0.05,0.95,0.95,0.95,1.0,1.0,0.05
280,,0.95,0.0,0.9,0.9,0.9,0.95,0.95,0.0
281,,0.9,-0.05,0.85,0.85,0.85,0.9,0.9,-0.05
282,2,0.95,0.95,0.9,0.9,0.9,0.95,0.95,0.0
283,2,1.0,1.0,0.95,0.95,0.95,1.0,1.0,0.05
284,,0.95,0.95,0.9,0.9,0.9,0.95,0.95,0.0
285,,0.9,0.9,0.85,0.85,0.85,0.9,0.9,-0.05
286,8,0.95,0.95,0.9,0.9,0.9,0.95,0.95,0.95
287,8,1.0,1.0,0.95,0.95,0.95,1.0,1.0,1.0
288,,0.95,0.95,0.9,0.9,0.9,0.95,0.95,0.95
289,,0.9,0.9,0.85,0.85,0.85,0.9,0.9,0.9
290,,0.85,0.85,0.8,0.8,0.8,0.85,0.85,0.85
291,,0.8,0.8,0.75,0.75,0.75,0.8,0.8,0.8
292,,0.75,0.75,0.7,0.7,0.7,0.75,0.75,0.75
293,,0.7,0.7,0.65,0.65,0.65,0.7,0.7,0.7
294,,0.65,0.65,0.6,0.6,0.6,0.65,0.65,0.65
295,,0.6,0.6,0.55,0.55,0.55,0.6,0.6,0.6
296,,0.55,0.55,0.5,0.5,0.5,0.55,0.55,0.55
297,,0.5,0.5,0.45,0.45,0.45,0.5,0.5,0.5
298,,0.45,0.45,0.4,0.4,0.4,0.45,0.45,0.45
299,,0.4,0.4,0.35,0.35,0.35,0.4,0.4,0.4
300,,0.35,0.35,0.3,0.3,0.3,0.35,0.35,0.35
301,,0.3,0.3,0.25,0.25,0.25,0.3,0.3,0.3
302,,0.25,0.25,0.2,0.2,0.2,0.25,0.25,0.25
303,,0.2,0.2,0.15,0.15,0.15,0.2,0.2,0.2
304,,0.15,0.15,0.1,0.1,0.1,0.15,0.15,0.15
305,,0.1,0.1,0.05,0.05,0.05,0.1,0.1,0.1
306,,0.05,0.05,0.0,0.0,0.0,0.05,0.05,0.05
307,,0.0,0.0,-0.05,-0.05,-0.05,0.0,0.0,0.0
308,5,0.05,0.05,0.0,0.0,0.95,0.05,0.05,0.05
309,5,0.1,0.1,0.05,0.05,1.0,0.1,0.1,0.1
310,,0.05,0.05,0.0,0.0,0.95,0.05,0.05,0.05
311,,0.0,0.0,-0.05,-0.05,0.9,0.0,0.0,0.0
312,3,0.05,0.05,0.95,0.0,0.95,0.05,0.05,0.05
313,3,0.1,0.1,1.0,0.05,1.0,0.1,0.1,0.1
314,,0.05,0.05,0.95,0.0,0.95,0.05,0.05,0.05
315,,0.0,0.0,0.9,-0.05,0.9,0.0,0.0,0.0
316,4,0.05,0.05,0.95,0.95,0.95,0.05,0.05,0.05
317,4,0.1,0.1,1.0,1.0,1.0,0.1,0.1,0.1
318,,0.05,0.05,0.95,0.95,0.95,0.05,0.05,0.05
319,,0.0,0.0,0.9,0.9,0.9,0.0,0.0,0.0
320,,-0.05,-0.05,0.85,0.85,0.85,-0.05,-0.05,-0.05
321,8,0.0,0.0,0.9,0.9,0.9,0.0,0.0,0.95
322,8,0.05,0.05,0.95,0.95,0.95,0.05,0.05,1.0
323,,0.0,0.0,0.9,0.9,0.9,0.0,0.0,0.95
324,,-0.05,-0.05,0.85,0.85,0.85,-0.05,-0.05,0.9
325,6,0.0,0.0,0.9,0.9,0.9,0.95,0.0,0.95
326,6,0.05,0.05,0.95,0.95,0.95,1.0,0.05,1.0
327,,0.0,0.0,0.9,0.9,0.9,0.95,0.0,0.95
328,,-0.05,-0.05,0.85,0.85,0.85,0.9,-0.05,0.9
329,7,0.0,0.0,0.9,0.9,0.9,0.95,0.95,0.95
330,7,0.05,0.05,0.95,0.95,0.95,1.0,1.0,1.0
331,,0.0,0.0,0.9,0.9,0.9,0.95,0.95,0.95
332,,-0.05,-0.05,0.85,0.85,0.85,0.9,0.9,0.9
333,1,0.95,0.0,0.9,0.9,0.9,0.95,0.95,0.95
334,1,1.0,0.05,0.95,0.95,0.95,1.0,1.0,1.0
335,,0.95,0.0,0.9,0.9,0.9,0.95,0.95,0.95
336,,0.9,-0.05,0.85,0.85,0.85,0.9,0.9,0.9
337,2,0.95,0.95,0.9,0.9,0.9,0.95,0.95,0.95
338,2,1.0,1.0,0.95,0.95,0.95,1.0,1.0,1.0
339,,0.95,0.95,0.9,0.9,0.9,0.95,0.95,0.95
340,,0.9,0.9,0.85,0.85,0.85,0.9,0.9,0.9
341,,0.85,0.85,0.8,0.8,0.8,0.85,0.85,0.85
342,,0.8,0.8,0.75,0.75,0.75,0.8,0.8,0.8
343,,0.75,0.75,0.7,0.7,0.7,0.75,0.75,0.75
344,,0.7,0.7,0.65,0.65,0.65,0.7,0.7,0.7
345,,0.65,0.65,0.6,0.6,0.6,0.65,0.65,0.65
346,,0.6,0.6,0.55,0.55,0.55,0.6,0.6,0.6
347,,0.55,0.55,0.5,0.5,0.5,0.55,0.55,0.55
348,,0.5,0.5,0.45,0.45,0.45,0.5,0.5,0.5
349,,0.45,0.45,0.4,0.4,0.4,0.45,0.45,0.45
350,,0.4,0.4,0.35,0.35,0.35,0.4,0.4,0.4
351,,0.35,0.35,0.3,0.3,0.3,0.35,0.35,0.35
352,,0.3,0.3,0.25,0.25,0.25,0.3,0.3,0.3
353,,0.25,0.25,0.2,0.2,0.2,0.25,0.25,0.25
354,,0.2,0.2,0.15,0.15,0.15,0.2,0.2,0.2
355,,0.15,0.15,0.1,0.1,0.1,0.15,0.15,0.15
356,,0.1,0.1,0.05,0.05,0.05,0.1,0.1,0.1
357,,0.05,0.05,0.0,0.0,0.0,0.05,0.05,0.05
358,,0.0,0.0,-0.05,-0.05,-0.05,0.0,0.0,0.0
359,3,0.05,0.05,0.95,0.0,0.0,0.05,0.05,0.05
360,3,0.1,0.1,1.0,0.05,0.05,0.1,0.1,0.1
361,,0.05,0.05,0.95,0.0,0.0,0.05,0.05,0.05
362,,0.0,0.0,0.9,-0.05,-0.05,0.0,0.0,0.0
363,5,0.05,0.05,0.95,0.0,0.95,0.05,0.05,0.05
364,5,0.1,0.1,1.0,0.05,1.0,0.1,0.1,0.1
365,,0.05,0.05,0.95,0.0,0.95,0.05,0.05,0.05
366,,0.0,0.0,0.9,-0.05,0.9,0.0,0.0,0.0
367,4,0.05,0.05,0.95,0.95,0.95,0.05,0.05,0.05
368,4,0.1,0.1,1.0,1.0,1.0,0.1,0.1,0.1
369,,0.05,0.05,0.95,0.95,0.95,0.05,0.05,0.05
370,,0.0,0.0,0.9,0.9,0.9,0.0,0.0,0.0
371,,-0.05,-0.05,0.85,0.85,0.85,-0.05,-0.05,-0.05
372,6,0.0,0.0,0.9,0.9,0.9,0.95,0.0,0.0
373,6,0.05,0.05,0.95,0.95,0.95,1.0,0.05,0.05
374,,0.0,0.0,0.9,0.9,0.9,0.95,0.0,0.0
375,,-0.05,-0.05,0.85,0.85,0.85,0.9,-0.05,-0.05
376,7,0.0,0.0,0.9,0.9,0.9,0.95,0.95,0.0
377,7,0.05,0.05,0.95,0.95,0.95,1.0,1.0,0.05
378,,0.0,0.0,0.9,0.9,0.9,0.95,0.95,0.0
379,,-0.05,-0.05,0.85,0.85,0.85,0.9,0.9,-0.05
380,2,0.0,0.95,0.9,0.9,0.9,0.95,0.95,0.0
381,2,0.05,1.0,0.95,0.95,0.95,1.0,1.0,0.05
382,,0.0,0.95,0.9,0.9,0.9,0.95,0.95,0.0
383,,-0.05,0.9,0.85,0.85,0.85,0.9,0.9,-0.05
384,8,0.0,0.95,0.9,0.9,0.9,0.95,0.95,0.95
385,8,0.05,1.0,0.95,0.95,0.95,1.0,1.0,1.0
386,,0.0,0.95,0.9,0.9,0.9,0.95,0.95,0.95
387,,-0.05,0.9,0.85,0.85,0.85,0.9,0.9,0.9
388,1,0.95,0.95,0.9,0.9,0.9,0.95,0.95,0.95
389,1,1.0,1.0,0.95,0.95,0.95,1.0,1.0,1.0
390,,0.95,0.95,0.9,0.9,0.9,0.95,0.95,0.95
391,,0.9,0.9,0.85,0.85,0.85,0.9,0.9,0.9
392,,0.85,0.85,0.8,0.8,0.8,0.85,0.85,0.85
393,,0.8,0.8,0.75,0.75,0.75,0.8,0.8,0.8
394,,0.75,0.75,0.7,0.7,0.7,0.75,0.75,0.75
395,,0.7,0.7,0.65,0.65,0.65,0.7,0.7,0.7
396,,0.65,0.65,0.6,0.6,0.6,0.65,0.65,0.65
397,,0.6,0.6,0.55,0.55,0.55,0.6,0.6,0.6
398,,0.55,0.55,0.5,0.5,0.5,0.55,0.55,0.55
399,,0.5,0.5,0.45,0.45,0.45,0.5,0.5,0.5
400,,0.45,0.45,0.4,0.4,0.4,0.45,0.45,0.45
401,,0.4,0.4,0.35,0.35,0.35,0.4,0.4,0.4
402,,0.35,0.35,0.3,0.3,0.3,0.35,0.35,0.35
403,,0.3,0.3,0.25,0.25,0.25,0.3,0.3,0.3
404,,0.25,0.25,0.2,0.2,0.2,0.25,0.25,0.25
405,,0.2,0.2,0.15,0.15,0.15,0.2,0.2,0.2
406,,0.15,0.15,0.1,0.1,0.1,0.15,0.15,0.15
407,,0.1,0.1,0.05,0.05,0.05,0.1,0.1,0.1
408,,0.05,0.05,0.0,0.0,0.0,0.05,0.05,0.05
409,,0.0,0.0,-0.05,-0.05,-0.05,0.0,0.0,0.0
410,4,0.05,0.05,0.0,0.95,0.0,0.05,0.05,0.05
411,4,0.1,0.1,0.05,1.0,0.05,0.1,0.1,0.1
412,,0.05,0.05,0.0,0.95,0.0,0.05,0.05,0.05
413,,0.0,0.0,-0.05,0.9,-0.05,0.0,0.0,0.0
414,5,0.05,0.05,0.0,0.95,0.95,0.05,0.05,0.05
415,5,0.1,0.1,0.05,1.0,1.0,0.1,0.1,0.1
416,,0.05,0.05,0.0,0.95,0.95,0.05,0.05,0.05
417,,0.0,0.0,-0.05,0.9,0.9,0.0,0.0,0.0
418,3,0.05,0.05,0.95,0.95,0.95,0.05,0.05,0.05
419,3,0.1,0.1,1.0,1.0,1.0,0.1,0.1,0.1
420,,0.05,0.05,0.95,0.95,0.95,0.05,0.05,0.05
421,,0.0,0.0,0.9,0.9,0.9,0.0,0.0,0.0
422,,-0.05,-0.05,0.85,0.85,0.85,-0.05,-0.05,-0.05
423,8,0.0,0.0,0.9,0.9,0.9,0.0,0.0,0.95
424,8,0.05,0.05,0.95,0.95,0.95,0.05,0.05,1.0
425,,0.0,0.0,0.9,0.9,0.9,0.0,0.0,0.95
426,,-0.05,-0.05,0.85,0.85,0.85,-0.05,-0.05,0.9
427,2,0.0,0.95,0.9,0.9,0.9,0.0,0.0,0.95
428,2,0.05,1.0,0.95,0.95,0.95,0.05,0.05,1.0
429,,0.0,0.95,0.9,0.9,0.9,0.0,0.0,0.95
430,,-0.05,0.9,0.85,0.85,0.85,-0.05,-0.05,0.9
431,1,0.95,0.95,0.9,0.9,0.9,0.0,0.0,0.95
432,1,1.0,1.0,0.95,0.95,0.95,0.05,0.05,1.0
433,,0.95,0.95,0.9,0.9,0.9,0.0,0.0,0.95
434,,0.9,0.9,0.85,0.85,0.85,-0.05,-0.05,0.9
435,6,0.95,0.95,0.9,0.9,0.9,0.95,0.0,0.95
436,6,1.0,1.0,0.95,0.95,0.95,1.0,0.05,1.0
437,,0.95,0.95,0.9,0.9,0.9,0.95,0.0,0.95
438,,0.9,0.9,0.85,0.85,0.85,0.9,-0.05,0.9
439,7,0.95,0.95,0.9,0.9,0.9,0.95,0.95,0.95
440,7,1.0,1.0,0.95,0.95,0.95,1.0,1.0,1.0
441,,0.95,0.95,0.9,0.9,0.9,0.95,0.95,0.95
442,,0.9,0.9,0.85,0.85,0.85,0.9,0.9,0.9
443,,0.85,0.85,0.8,0.8,0.8,0.85,0.85,0.85
444,,0.8,0.8,0.75,0.75,0.75,0.8,0.8,0.8
445,,0.75,0.75,0.7,0.7,0.7,0.75,0.75,0.75
446,,0.7,0.7,0.65,0.65,0.65,0.7,0.7,0.7
447,,0.65,0.65,0.6,0.6,0.6,0.65,0.65,0.65
448,,0.6,0.6,0.55,0.55,0.55,0.6,0.6,0.6
449,,0.55,0.55,0.5,0.5,0.5,0.55,0.55,0.55
450,,0.5,0.5,0.45,0.45,0.45,0.5,0.5,0.5
451,,0.45,0.45,0.4,0.4,0.4,0.45,0.45,0.45
452,,0.4,0.4,0.35,0.35,0.35,0.4,0.4,0.4
453,,0.35,0.35,0.3,0.3,0.3,0.35,0.35,0.35
454,,0.3,0.3,0.25,0.25,0.25,0.3,0.3,0.3
455,,0.25,0.25,0.2,0.2,0.2,0.25,0.25,0.25
456,,0.2,0.2,0.15,0.15,0.15,0.2,0.2,0.2
457,,0.15,0.15,0.1,0.1,0.1,0.15,0.15,0.15
458,,0.1,0.1,0.05,0.05,0.05,0.1,0.1,0.1
459,,0.05,0.05,0.0,0.0,0.0,0.05,0.05,0.05
460,,0.0,0.0,-0.05,-0.05,-0.05,0.0,0.0,0.0
461,4,0.05,0.05,0.0,0.95,0.0,0.05,0.05,0.05
462,4,0.1,0.1,0.05,1.0,0.05,0.1,0.1,0.1
463,,0.05,0.05,0.0,0.95,0.0,0.05,0.05,0.05
464,,0.0,0.0,-0.05,0.9,-0.05,0.0,0.0,0.0
465,5,0.05,0.05,0.0,0.95,0.95,0.05,0.05,0.05
466,5,0.1,0.1,0.05,1.0,1.0,0.1,0.1,0.1
467,,0.05,0.05,0.0,0.95,0.95,0.05,0.05,0.05
468,,0.0,0.0,-0.05,0.9,0.9,0.0,0.0,0.0
469,3,0.05,0.05,0.95,0.95,0.95,0.05,0.05,0.05
470,3,0.1,0.1,1.0,1.0,1.0,0.1,0.1,0.1
471,,0.05,0.05,0.95,0.95,0.95,0.05,0.05,0.05
472,,0.0,0.0,0.9,0.9,0.9,0.0,0.0,0.0
473,,-0.05,-0.05,0.85,0.85,0.85,-0.05,-0.05,-0.05
474,7,0.0,0.0,0.9,0.9,0.9,0.0,0.95,0.0
475,7,0.05,0.05,0.95,0.95,0.95,0.05,1.0,0.05
476,,0.0,0.0,0.9,0.9,0.9,0.0,0.95,0.0
477,,-0.05,-0.05,0.85,0.85,0.85,-0.05,0.9,-0.05
478,8,0.0,0.0,0.9,0.9,0.9,0.0,0.95,0.95
479,8,0.05,0.05,0.95,0.95,0.95,0.05,1.0,1.0
480,,0.0,0.0,0.9,0.9,0.9,0.0,0.95,0.95
481,,-0.05,-0.05,0.85,0.85,0.85,-0.05,0.9,0.9
482,2,0.0,0.95,0.9,0.9,0.9,0.0,0.95,0.95
483,2,0.05,1.0,0.95,0.95,0.95,0.05,1.0,1.0
484,,0.0,0.95,0.9,0.9,0.9,0.0,0.95,0.95
485,,-0.05,0.9,0.85,0.85,0.85,-0.05,0.9,0.9
486,6,0.0,0.95,0.9,0.9,0.9,0.95,0.95,0.95
487,6,0.05,1.0,0.95,0.95,0.95,1.0,1.0,1.0
488,,0.0,0.95,0.9,0.9,0.9,0.95,0.95,0.95
489,,-0.05,0.9,0.85,0.85,0.85,0.9,0.9,0.9
490,1,0.95,0.95,0.9,0.9,0.9,0.95,0.95,0.95
491,1,1.0,1.0,0.95,0.95,0.95,1.0,1.0,1.0
492,,0.95,0.95,0.9,0.9,0.9,0.95,0.95,0.95
493,,0.9,0.9,0.85,0.85,0.85,0.9,0.9,0.9
494,,0.85,0.85,0.8,0.8,0.8,0.85,0.85,0.85
495,,0.8,0.8,0.75,0.75,0.75,0.8,0.8,0.8
496,,0.75,0.75,0.7,0.7,0.7,0.75,0.75,0.75
497,,0.7,0.7,0.65,0.65,0.65,0.7,0.7,0.7
498,,0.65,0.65,0.6,0.6,0.6,0.65,0.65,0.65
499,,0.6,0.6,0.55,0.55,0.55,0.6,0.6,0.6
