step,active_motive,motive_1,motive_2,motive_3,motive_4,motive_5,motive_6,motive_7,motive_8
0,,0.11627,0.53641,0.43715,0.26787,0.604,0.87133,0.9989,0.60776
1,,-0.88373,-0.46359,-0.56285,-0.73213,-0.396,-0.12867,-0.0011,-0.39224
2,1,0.11627,-1.0,-1.0,-1.0,-1.0,-1.0,-0.9011,-1.0
3,1,1.0,-1.0,-1.0,-1.0,-1.0,-1.0,-1.0,-1.0
4,2,0.1,0.0,-1.0,-1.0,-1.0,-1.0,-1.0,-1.0
5,2,-0.8,1.0,-1.0,-1.0,-1.0,-1.0,-1.0,-1.0
6,6,-1.0,0.1,-1.0,-1.0,-1.0,0.0,-1.0,-1.0
7,6,-1.0,-0.8,-1.0,-1.0,-1.0,1.0,-1.0,-1.0
8,7,-1.0,-1.0,-1.0,-1.0,-1.0,0.1,0.0,-1.0
9,7,-1.0,-1.0,-1.0,-1.0,-1.0,-0.8,1.0,-1.0
10,8,-1.0,-1.0,-1.0,-1.0,-1.0,-1.0,0.1,0.0
11,8,-1.0,-1.0,-1.0,-1.0,-1.0,-1.0,-0.8,1.0
12,3,-1.0,-1.0,0.0,-1.0,-1.0,-1.0,-1.0,0.1
13,3,-1.0,-1.0,1.0,-1.0,-1.0,-1.0,-1.0,-0.8
14,7,-1.0,-1.0,0.1,-1.0,-1.0,-1.0,0.0,-1.0
15,7,-1.0,-1.0,-0.8,-1.0,-1.0,-1.0,1.0,-1.0
16,1,0.0,-1.0,-1.0,-1.0,-1.0,-1.0,0.1,-1.0
17,1,1.0,-1.0,-1.0,-1.0,-1.0,-1.0,-0.8,-1.0
18,8,0.1,-1.0,-1.0,-1.0,-1.0,-1.0,-1.0,0.0
19,8,-0.8,-1.0,-1.0,-1.0,-1.0,-1.0,-1.0,1.0
20,7,-1.0,-1.0,-1.0,-1.0,-1.0,-1.0,0.0,0.1
21,7,-1.0,-1.0,-1.0,-1.0,-1.0,-1.0,1.0,-0.8
22,1,0.0,-1.0,-1.0,-1.0,-1.0,-1.0,0.1,-1.0
23,1,1.0,-1.0,-1.0,-1.0,-1.0,-1.0,-0.8,-1.0
24,2,0.1,0.0,-1.0,-1.0,-1.0,-1.0,-1.0,-1.0
25,2,-0.8,1.0,-1.0,-1.0,-1.0,-1.0,-1.0,-1.0
26,5,-1.0,0.1,-1.0,-1.0,0.0,-1.0,-1.0,-1.0
27,5,-1.0,-0.8,-1.0,-1.0,1.0,-1.0,-1.0,-1.0
28,8,-1.0,-1.0,-1.0,-1.0,0.1,-1.0,-1.0,0.0
29,8,-1.0,-1.0,-1.0,-1.0,-0.8,-1.0,-1.0,1.0
30,4,-1.0,-1.0,-1.0,0.0,-1.0,-1.0,-1.0,0.1
31,4,-1.0,-1.0,-1.0,1.0,-1.0,-1.0,-1.0,-0.8
32,1,0.0,-1.0,-1.0,0.1,-1.0,-1.0,-1.0,-1.0
33,1,1.0,-1.0,-1.0,-0.8,-1.0,-1.0,-1.0,-1.0
34,7,0.1,-1.0,-1.0,-1.0,-1.0,-1.0,0.0,-1.0
35,7,-0.8,-1.0,-1.0,-1.0,-1.0,-1.0,1.0,-1.0
36,8,-1.0,-1.0,-1.0,-1.0,-1.0,-1.0,0.1,0.0
37,8,-1.0,-1.0,-1.0,-1.0,-1.0,-1.0,-0.8,1.0
38,1,0.0,-1.0,-1.0,-1.0,-1.0,-1.0,-1.0,0.1
39,1,1.0,-1.0,-1.0,-1.0,-1.0,-1.0,-1.0,-0.8
40,5,0.1,-1.0,-1.0,-1.0,0.0,-1.0,-1.0,-1.0
41,5,-0.8,-1.0,-1.0,-1.0,1.0,-1.0,-1.0,-1.0
42,4,-1.0,-1.0,-1.0,0.0,0.1,-1.0,-1.0,-1.0
43,4,-1.0,-1.0,-1.0,1.0,-0.8,-1.0,-1.0,-1.0
44,8,-1.0,-1.0,-1.0,0.1,-1.0,-1.0,-1.0,0.0
45,8,-1.0,-1.0,-1.0,-0.8,-1.0,-1.0,-1.0,1.0
46,1,0.0,-1.0,-1.0,-1.0,-1.0,-1.0,-1.0,0.1
47,1,1.0,-1.0,-1.0,-1.0,-1.0,-1.0,-1.0,-0.8
48,2,0.1,0.0,-1.0,-1.0,-1.0,-1.0,-1.0,-1.0
49,2,-0.8,1.0,-1.0,-1.0,-1.0,-1.0,-1.0,-1.0
50,7,-1.0,0.1,-1.0,-1.0,-1.0,-1.0,0.0,-1.0
51,7,-1.0,-0.8,-1.0,-1.0,-1.0,-1.0,1.0,-1.0
52,6,-1.0,-1.0,-1.0,-1.0,-1.0,0.0,0.1,-1.0
53,6,-1.0,-1.0,-1.0,-1.0,-1.0,1.0,-0.8,-1.0
54,8,-1.0,-1.0,-1.0,-1.0,-1.0,0.1,-1.0,0.0
55,8,-1.0,-1.0,-1.0,-1.0,-1.0,-0.8,-1.0,1.0
56,1,0.0,-1.0,-1.0,-1.0,-1.0,-1.0,-1.0,0.1
57,1,1.0,-1.0,-1.0,-1.0,-1.0,-1.0,-1.0,-0.8
58,7,0.1,-1.0,-1.0,-1.0,-1.0,-1.0,0.0,-1.0
59,7,-0.8,-1.0,-1.0,-1.0,-1.0,-1.0,1.0,-1.0
60,2,-1.0,0.0,-1.0,-1.0,-1.0,-1.0,0.1,-1.0
61,2,-1.0,1.0,-1.0,-1.0,-1.0,-1.0,-0.8,-1.0
62,6,-1.0,0.1,-1.0,-1.0,-1.0,0.0,-1.0,-1.0
63,6,-1.0,-0.8,-1.0,-1.0,-1.0,1.0,-1.0,-1.0
64,5,-1.0,-1.0,-1.0,-1.0,0.0,0.1,-1.0,-1.0
65,5,-1.0,-1.0,-1.0,-1.0,1.0,-0.8,-1.0,-1.0
66,2,-1.0,0.0,-1.0,-1.0,0.1,-1.0,-1.0,-1.0
67,2,-1.0,1.0,-1.0,-1.0,-0.8,-1.0,-1.0,-1.0
68,3,-1.0,0.1,0.0,-1.0,-1.0,-1.0,-1.0,-1.0
69,3,-1.0,-0.8,1.0,-1.0,-1.0,-1.0,-1.0,-1.0
70,1,0.0,-1.0,0.1,-1.0,-1.0,-1.0,-1.0,-1.0
71,1,1.0,-1.0,-0.8,-1.0,-1.0,-1.0,-1.0,-1.0
72,7,0.1,-1.0,-1.0,-1.0,-1.0,-1.0,0.0,-1.0
73,7,-0.8,-1.0,-1.0,-1.0,-1.0,-1.0,1.0,-1.0
74,4,-1.0,-1.0,-1.0,0.0,-1.0,-1.0,0.1,-1.0
75,4,-1.0,-1.0,-1.0,1.0,-1.0,-1.0,-0.8,-1.0
76,3,-1.0,-1.0,0.0,0.1,-1.0,-1.0,-1.0,-1.0
77,3,-1.0,-1.0,1.0,-0.8,-1.0,-1.0,-1.0,-1.0
78,2,-1.0,0.0,0.1,-1.0,-1.0,-1.0,-1.0,-1.0
79,2,-1.0,1.0,-0.8,-1.0,-1.0,-1.0,-1.0,-1.0
80,6,-1.0,0.1,-1.0,-1.0,-1.0,0.0,-1.0,-1.0
81,6,-1.0,-0.8,-1.0,-1.0,-1.0,1.0,-1.0,-1.0
82,3,-1.0,-1.0,0.0,-1.0,-1.0,0.1,-1.0,-1.0
83,3,-1.0,-1.0,1.0,-1.0,-1.0,-0.8,-1.0,-1.0
84,1,0.0,-1.0,0.1,-1.0,-1.0,-1.0,-1.0,-1.0
85,1,1.0,-1.0,-0.8,-1.0,-1.0,-1.0,-1.0,-1.0
86,6,0.1,-1.0,-1.0,-1.0,-1.0,0.0,-1.0,-1.0
87,6,-0.8,-1.0,-1.0,-1.0,-1.0,1.0,-1.0,-1.0
88,4,-1.0,-1.0,-1.0,0.0,-1.0,0.1,-1.0,-1.0
89,4,-1.0,-1.0,-1.0,1.0,-1.0,-0.8,-1.0,-1.0
90,7,-1.0,-1.0,-1.0,0.1,-1.0,-1.0,0.0,-1.0
91,7,-1.0,-1.0,-1.0,-0.8,-1.0,-1.0,1.0,-1.0
92,6,-1.0,-1.0,-1.0,-1.0,-1.0,0.0,0.1,-1.0
93,6,-1.0,-1.0,-1.0,-1.0,-1.0,1.0,-0.8,-1.0
94,1,0.0,-1.0,-1.0,-1.0,-1.0,0.1,-1.0,-1.0
95,1,1.0,-1.0,-1.0,-1.0,-1.0,-0.8,-1.0,-1.0
96,3,0.1,-1.0,0.0,-1.0,-1.0,-1.0,-1.0,-1.0
97,3,-0.8,-1.0,1.0,-1.0,-1.0,-1.0,-1.0,-1.0
98,2,-1.0,0.0,0.1,-1.0,-1.0,-1.0,-1.0,-1.0
99,2,-1.0,1.0,-0.8,-1.0,-1.0,-1.0,-1.0,-1.0
100,7,-1.0,0.1,-1.0,-1.0,-1.0,-1.0,0.0,-1.0
101,7,-1.0,-0.8,-1.0,-1.0,-1.0,-1.0,1.0,-1.0
102,4,-1.0,-1.0,-1.0,0.0,-1.0,-1.0,0.1,-1.0
103,4,-1.0,-1.0,-1.0,1.0,-1.0,-1.0,-0.8,-1.0
104,6,-1.0,-1.0,-1.0,0.1,-1.0,0.0,-1.0,-1.0
105,6,-1.0,-1.0,-1.0,-0.8,-1.0,1.0,-1.0,-1.0
106,5,-1.0,-1.0,-1.0,-1.0,0.0,0.1,-1.0,-1.0
107,5,-1.0,-1.0,-1.0,-1.0,1.0,-0.8,-1.0,-1.0
108,8,-1.0,-1.0,-1.0,-1.0,0.1,-1.0,-1.0,0.0
109,8,-1.0,-1.0,-1.0,-1.0,-0.8,-1.0,-1.0,1.0
110,6,-1.0,-1.0,-1.0,-1.0,-1.0,0.0,-1.0,0.1
111,6,-1.0,-1.0,-1.0,-1.0,-1.0,1.0,-1.0,-0.8
112,5,-1.0,-1.0,-1.0,-1.0,0.0,0.1,-1.0,-1.0
113,5,-1.0,-1.0,-1.0,-1.0,1.0,-0.8,-1.0,-1.0
114,8,-1.0,-1.0,-1.0,-1.0,0.1,-1.0,-1.0,0.0
115,8,-1.0,-1.0,-1.0,-1.0,-0.8,-1.0,-1.0,1.0
116,4,-1.0,-1.0,-1.0,0.0,-1.0,-1.0,-1.0,0.1
117,4,-1.0,-1.0,-1.0,1.0,-1.0,-1.0,-1.0,-0.8
118,2,-1.0,0.0,-1.0,0.1,-1.0,-1.0,-1.0,-1.0
119,2,-1.0,1.0,-1.0,-0.8,-1.0,-1.0,-1.0,-1.0
120,7,-1.0,0.1,-1.0,-1.0,-1.0,-1.0,0.0,-1.0
121,7,-1.0,-0.8,-1.0,-1.0,-1.0,-1.0,1.0,-1.0
122,1,0.0,-1.0,-1.0,-1.0,-1.0,-1.0,0.1,-1.0
123,1,1.0,-1.0,-1.0,-1.0,-1.0,-1.0,-0.8,-1.0
124,6,0.1,-1.0,-1.0,-1.0,-1.0,0.0,-1.0,-1.0
125,6,-0.8,-1.0,-1.0,-1.0,-1.0,1.0,-1.0,-1.0
126,2,-1.0,0.0,-1.0,-1.0,-1.0,0.1,-1.0,-1.0
127,2,-1.0,1.0,-1.0,-1.0,-1.0,-0.8,-1.0,-1.0
128,5,-1.0,0.1,-1.0,-1.0,0.0,-1.0,-1.0,-1.0
129,5,-1.0,-0.8,-1.0,-1.0,1.0,-1.0,-1.0,-1.0
130,7,-1.0,-1.0,-1.0,-1.0,0.1,-1.0,0.0,-1.0
131,7,-1.0,-1.0,-1.0,-1.0,-0.8,-1.0,1.0,-1.0
132,4,-1.0,-1.0,-1.0,0.0,-1.0,-1.0,0.1,-1.0
133,4,-1.0,-1.0,-1.0,1.0,-1.0,-1.0,-0.8,-1.0
134,5,-1.0,-1.0,-1.0,0.1,0.0,-1.0,-1.0,-1.0
135,5,-1.0,-1.0,-1.0,-0.8,1.0,-1.0,-1.0,-1.0
136,2,-1.0,0.0,-1.0,-1.0,0.1,-1.0,-1.0,-1.0
137,2,-1.0,1.0,-1.0,-1.0,-0.8,-1.0,-1.0,-1.0
138,7,-1.0,0.1,-1.0,-1.0,-1.0,-1.0,0.0,-1.0
139,7,-1.0,-0.8,-1.0,-1.0,-1.0,-1.0,1.0,-1.0
140,1,0.0,-1.0,-1.0,-1.0,-1.0,-1.0,0.1,-1.0
141,1,1.0,-1.0,-1.0,-1.0,-1.0,-1.0,-0.8,-1.0
142,2,0.1,0.0,-1.0,-1.0,-1.0,-1.0,-1.0,-1.0
143,2,-0.8,1.0,-1.0,-1.0,-1.0,-1.0,-1.0,-1.0
144,7,-1.0,0.1,-1.0,-1.0,-1.0,-1.0,0.0,-1.0
145,7,-1.0,-0.8,-1.0,-1.0,-1.0,-1.0,1.0,-1.0
146,8,-1.0,-1.0,-1.0,-1.0,-1.0,-1.0,0.1,0.0
147,8,-1.0,-1.0,-1.0,-1.0,-1.0,-1.0,-0.8,1.0
148,2,-1.0,0.0,-1.0,-1.0,-1.0,-1.0,-1.0,0.1
149,2,-1.0,1.0,-1.0,-1.0,-1.0,-1.0,-1.0,-0.8
150,3,-1.0,0.1,0.0,-1.0,-1.0,-1.0,-1.0,-1.0
151,3,-1.0,-0.8,1.0,-1.0,-1.0,-1.0,-1.0,-1.0
152,4,-1.0,-1.0,0.1,0.0,-1.0,-1.0,-1.0,-1.0
153,4,-1.0,-1.0,-0.8,1.0,-1.0,-1.0,-1.0,-1.0
154,1,0.0,-1.0,-1.0,0.1,-1.0,-1.0,-1.0,-1.0
155,1,1.0,-1.0,-1.0,-0.8,-1.0,-1.0,-1.0,-1.0
156,6,0.1,-1.0,-1.0,-1.0,-1.0,0.0,-1.0,-1.0
157,6,-0.8,-1.0,-1.0,-1.0,-1.0,1.0,-1.0,-1.0
158,8,-1.0,-1.0,-1.0,-1.0,-1.0,0.1,-1.0,0.0
159,8,-1.0,-1.0,-1.0,-1.0,-1.0,-0.8,-1.0,1.0
160,2,-1.0,0.0,-1.0,-1.0,-1.0,-1.0,-1.0,0.1
161,2,-1.0,1.0,-1.0,-1.0,-1.0,-1.0,-1.0,-0.8
162,1,0.0,0.1,-1.0,-1.0,-1.0,-1.0,-1.0,-1.0
163,1,1.0,-0.8,-1.0,-1.0,-1.0,-1.0,-1.0,-1.0
164,3,0.1,-1.0,0.0,-1.0,-1.0,-1.0,-1.0,-1.0
165,3,-0.8,-1.0,1.0,-1.0,-1.0,-1.0,-1.0,-1.0
166,6,-1.0,-1.0,0.1,-1.0,-1.0,0.0,-1.0,-1.0
167,6,-1.0,-1.0,-0.8,-1.0,-1.0,1.0,-1.0,-1.0
168,7,-1.0,-1.0,-1.0,-1.0,-1.0,0.1,0.0,-1.0
169,7,-1.0,-1.0,-1.0,-1.0,-1.0,-0.8,1.0,-1.0
170,5,-1.0,-1.0,-1.0,-1.0,0.0,-1.0,0.1,-1.0
171,5,-1.0,-1.0,-1.0,-1.0,1.0,-1.0,-0.8,-1.0
172,2,-1.0,0.0,-1.0,-1.0,0.1,-1.0,-1.0,-1.0
173,2,-1.0,1.0,-1.0,-1.0,-0.8,-1.0,-1.0,-1.0
174,3,-1.0,0.1,0.0,-1.0,-1.0,-1.0,-1.0,-1.0
175,3,-1.0,-0.8,1.0,-1.0,-1.0,-1.0,-1.0,-1.0
176,8,-1.0,-1.0,0.1,-1.0,-1.0,-1.0,-1.0,0.0
177,8,-1.0,-1.0,-0.8,-1.0,-1.0,-1.0,-1.0,1.0
178,5,-1.0,-1.0,-1.0,-1.0,0.0,-1.0,-1.0,0.1
179,5,-1.0,-1.0,-1.0,-1.0,1.0,-1.0,-1.0,-0.8
180,2,-1.0,0.0,-1.0,-1.0,0.1,-1.0,-1.0,-1.0
181,2,-1.0,1.0,-1.0,-1.0,-0.8,-1.0,-1.0,-1.0
182,6,-1.0,0.1,-1.0,-1.0,-1.0,0.0,-1.0,-1.0
183,6,-1.0,-0.8,-1.0,-1.0,-1.0,1.0,-1.0,-1.0
184,1,0.0,-1.0,-1.0,-1.0,-1.0,0.1,-1.0,-1.0
185,1,1.0,-1.0,-1.0,-1.0,-1.0,-0.8,-1.0,-1.0
186,3,0.1,-1.0,0.0,-1.0,-1.0,-1.0,-1.0,-1.0
187,3,-0.8,-1.0,1.0,-1.0,-1.0,-1.0,-1.0,-1.0
188,2,-1.0,0.0,0.1,-1.0,-1.0,-1.0,-1.0,-1.0
189,2,-1.0,1.0,-0.8,-1.0,-1.0,-1.0,-1.0,-1.0
190,5,-1.0,0.1,-1.0,-1.0,0.0,-1.0,-1.0,-1.0
191,5,-1.0,-0.8,-1.0,-1.0,1.0,-1.0,-1.0,-1.0
192,6,-1.0,-1.0,-1.0,-1.0,0.1,0.0,-1.0,-1.0
193,6,-1.0,-1.0,-1.0,-1.0,-0.8,1.0,-1.0,-1.0
194,3,-1.0,-1.0,0.0,-1.0,-1.0,0.1,-1.0,-1.0
195,3,-1.0,-1.0,1.0,-1.0,-1.0,-0.8,-1.0,-1.0
196,2,-1.0,0.0,0.1,-1.0,-1.0,-1.0,-1.0,-1.0
197,2,-1.0,1.0,-0.8,-1.0,-1.0,-1.0,-1.0,-1.0
198,1,0.0,0.1,-1.0,-1.0,-1.0,-1.0,-1.0,-1.0
199,1,1.0,-0.8,-1.0,-1.0,-1.0,-1.0,-1.0,-1.0
200,4,0.1,-1.0,-1.0,0.0,-1.0,-1.0,-1.0,-1.0
201,4,-0.8,-1.0,-1.0,1.0,-1.0,-1.0,-1.0,-1.0
202,5,-1.0,-1.0,-1.0,0.1,0.0,-1.0,-1.0,-1.0
203,5,-1.0,-1.0,-1.0,-0.8,1.0,-1.0,-1.0,-1.0
204,2,-1.0,0.0,-1.0,-1.0,0.1,-1.0,-1.0,-1.0
205,2,-1.0,1.0,-1.0,-1.0,-0.8,-1.0,-1.0,-1.0
206,8,-1.0,0.1,-1.0,-1.0,-1.0,-1.0,-1.0,0.0
207,8,-1.0,-0.8,-1.0,-1.0,-1.0,-1.0,-1.0,1.0
208,6,-1.0,-1.0,-1.0,-1.0,-1.0,0.0,-1.0,0.1
209,6,-1.0,-1.0,-1.0,-1.0,-1.0,1.0,-1.0,-0.8
210,3,-1.0,-1.0,0.0,-1.0,-1.0,0.1,-1.0,-1.0
211,3,-1.0,-1.0,1.0,-1.0,-1.0,-0.8,-1.0,-1.0
212,2,-1.0,0.0,0.1,-1.0,-1.0,-1.0,-1.0,-1.0
213,2,-1.0,1.0,-0.8,-1.0,-1.0,-1.0,-1.0,-1.0
214,1,0.0,0.1,-1.0,-1.0,-1.0,-1.0,-1.0,-1.0
215,1,1.0,-0.8,-1.0,-1.0,-1.0,-1.0,-1.0,-1.0
216,4,0.1,-1.0,-1.0,0.0,-1.0,-1.0,-1.0,-1.0
217,4,-0.8,-1.0,-1.0,1.0,-1.0,-1.0,-1.0,-1.0
218,2,-1.0,0.0,-1.0,0.1,-1.0,-1.0,-1.0,-1.0
219,2,-1.0,1.0,-1.0,-0.8,-1.0,-1.0,-1.0,-1.0
220,7,-1.0,0.1,-1.0,-1.0,-1.0,-1.0,0.0,-1.0
221,7,-1.0,-0.8,-1.0,-1.0,-1.0,-1.0,1.0,-1.0
222,3,-1.0,-1.0,0.0,-1.0,-1.0,-1.0,0.1,-1.0
223,3,-1.0,-1.0,1.0,-1.0,-1.0,-1.0,-0.8,-1.0
224,6,-1.0,-1.0,0.1,-1.0,-1.0,0.0,-1.0,-1.0
225,6,-1.0,-1.0,-0.8,-1.0,-1.0,1.0,-1.0,-1.0
226,4,-1.0,-1.0,-1.0,0.0,-1.0,0.1,-1.0,-1.0
227,4,-1.0,-1.0,-1.0,1.0,-1.0,-0.8,-1.0,-1.0
228,1,0.0,-1.0,-1.0,0.1,-1.0,-1.0,-1.0,-1.0
229,1,1.0,-1.0,-1.0,-0.8,-1.0,-1.0,-1.0,-1.0
230,8,0.1,-1.0,-1.0,-1.0,-1.0,-1.0,-1.0,0.0
231,8,-0.8,-1.0,-1.0,-1.0,-1.0,-1.0,-1.0,1.0
232,4,-1.0,-1.0,-1.0,0.0,-1.0,-1.0,-1.0,0.1
233,4,-1.0,-1.0,-1.0,1.0,-1.0,-1.0,-1.0,-0.8
234,1,0.0,-1.0,-1.0,0.1,-1.0,-1.0,-1.0,-1.0
235,1,1.0,-1.0,-1.0,-0.8,-1.0,-1.0,-1.0,-1.0
236,7,0.1,-1.0,-1.0,-1.0,-1.0,-1.0,0.0,-1.0
237,7,-0.8,-1.0,-1.0,-1.0,-1.0,-1.0,1.0,-1.0
238,5,-1.0,-1.0,-1.0,-1.0,0.0,-1.0,0.1,-1.0
239,5,-1.0,-1.0,-1.0,-1.0,1.0,-1.0,-0.8,-1.0
240,2,-1.0,0.0,-1.0,-1.0,0.1,-1.0,-1.0,-1.0
241,2,-1.0,1.0,-1.0,-1.0,-0.8,-1.0,-1.0,-1.0
242,7,-1.0,0.1,-1.0,-1.0,-1.0,-1.0,0.0,-1.0
243,7,-1.0,-0.8,-1.0,-1.0,-1.0,-1.0,1.0,-1.0
244,1,0.0,-1.0,-1.0,-1.0,-1.0,-1.0,0.1,-1.0
245,1,1.0,-1.0,-1.0,-1.0,-1.0,-1.0,-0.8,-1.0
246,2,0.1,0.0,-1.0,-1.0,-1.0,-1.0,-1.0,-1.0
247,2,-0.8,1.0,-1.0,-1.0,-1.0,-1.0,-1.0,-1.0
248,3,-1.0,0.1,0.0,-1.0,-1.0,-1.0,-1.0,-1.0
249,3,-1.0,-0.8,1.0,-1.0,-1.0,-1.0,-1.0,-1.0
250,1,0.0,-1.0,0.1,-1.0,-1.0,-1.0,-1.0,-1.0
251,1,1.0,-1.0,-0.8,-1.0,-1.0,-1.0,-1.0,-1.0
252,4,0.1,-1.0,-1.0,0.0,-1.0,-1.0,-1.0,-1.0
253,4,-0.8,-1.0,-1.0,1.0,-1.0,-1.0,-1.0,-1.0
254,5,-1.0,-1.0,-1.0,0.1,0.0,-1.0,-1.0,-1.0
255,5,-1.0,-1.0,-1.0,-0.8,1.0,-1.0,-1.0,-1.0
256,8,-1.0,-1.0,-1.0,-1.0,0.1,-1.0,-1.0,0.0
257,8,-1.0,-1.0,-1.0,-1.0,-0.8,-1.0,-1.0,1.0
258,4,-1.0,-1.0,-1.0,0.0,-1.0,-1.0,-1.0,0.1
259,4,-1.0,-1.0,-1.0,1.0,-1.0,-1.0,-1.0,-0.8
260,2,-1.0,0.0,-1.0,0.1,-1.0,-1.0,-1.0,-1.0
261,2,-1.0,1.0,-1.0,-0.8,-1.0,-1.0,-1.0,-1.0
262,1,0.0,0.1,-1.0,-1.0,-1.0,-1.0,-1.0,-1.0
263,1,1.0,-0.8,-1.0,-1.0,-1.0,-1.0,-1.0,-1.0
264,4,0.1,-1.0,-1.0,0.0,-1.0,-1.0,-1.0,-1.0
265,4,-0.8,-1.0,-1.0,1.0,-1.0,-1.0,-1.0,-1.0
266,7,-1.0,-1.0,-1.0,0.1,-1.0,-1.0,0.0,-1.0
267,7,-1.0,-1.0,-1.0,-0.8,-1.0,-1.0,1.0,-1.0
268,8,-1.0,-1.0,-1.0,-1.0,-1.0,-1.0,0.1,0.0
269,8,-1.0,-1.0,-1.0,-1.0,-1.0,-1.0,-0.8,1.0
270,1,0.0,-1.0,-1.0,-1.0,-1.0,-1.0,-1.0,0.1
271,1,1.0,-1.0,-1.0,-1.0,-1.0,-1.0,-1.0,-0.8
272,5,0.1,-1.0,-1.0,-1.0,0.0,-1.0,-1.0,-1.0
273,5,-0.8,-1.0,-1.0,-1.0,1.0,-1.0,-1.0,-1.0
274,2,-1.0,0.0,-1.0,-1.0,0.1,-1.0,-1.0,-1.0
275,2,-1.0,1.0,-1.0,-1.0,-0.8,-1.0,-1.0,-1.0
276,8,-1.0,0.1,-1.0,-1.0,-1.0,-1.0,-1.0,0.0
277,8,-1.0,-0.8,-1.0,-1.0,-1.0,-1.0,-1.0,1.0
278,5,-1.0,-1.0,-1.0,-1.0,0.0,-1.0,-1.0,0.1
279,5,-1.0,-1.0,-1.0,-1.0,1.0,-1.0,-1.0,-0.8
280,7,-1.0,-1.0,-1.0,-1.0,0.1,-1.0,0.0,-1.0
281,7,-1.0,-1.0,-1.0,-1.0,-0.8,-1.0,1.0,-1.0
282,4,-1.0,-1.0,-1.0,0.0,-1.0,-1.0,0.1,-1.0
283,4,-1.0,-1.0,-1.0,1.0,-1.0,-1.0,-0.8,-1.0
284,3,-1.0,-1.0,0.0,0.1,-1.0,-1.0,-1.0,-1.0
285,3,-1.0,-1.0,1.0,-0.8,-1.0,-1.0,-1.0,-1.0
286,5,-1.0,-1.0,0.1,-1.0,0.0,-1.0,-1.0,-1.0
287,5,-1.0,-1.0,-0.8,-1.0,1.0,-1.0,-1.0,-1.0
288,2,-1.0,0.0,-1.0,-1.0,0.1,-1.0,-1.0,-1.0
289,2,-1.0,1.0,-1.0,-1.0,-0.8,-1.0,-1.0,-1.0
290,3,-1.0,0.1,0.0,-1.0,-1.0,-1.0,-1.0,-1.0
291,3,-1.0,-0.8,1.0,-1.0,-1.0,-1.0,-1.0,-1.0
292,6,-1.0,-1.0,0.1,-1.0,-1.0,0.0,-1.0,-1.0
293,6,-1.0,-1.0,-0.8,-1.0,-1.0,1.0,-1.0,-1.0
294,1,0.0,-1.0,-1.0,-1.0,-1.0,0.1,-1.0,-1.0
295,1,1.0,-1.0,-1.0,-1.0,-1.0,-0.8,-1.0,-1.0
296,7,0.1,-1.0,-1.0,-1.0,-1.0,-1.0,0.0,-1.0
297,7,-0.8,-1.0,-1.0,-1.0,-1.0,-1.0,1.0,-1.0
298,6,-1.0,-1.0,-1.0,-1.0,-1.0,0.0,0.1,-1.0
299,6,-1.0,-1.0,-1.0,-1.0,-1.0,1.0,-0.8,-1.0
300,1,0.0,-1.0,-1.0,-1.0,-1.0,0.1,-1.0,-1.0
301,1,1.0,-1.0,-1.0,-1.0,-1.0,-0.8,-1.0,-1.0
302,2,0.1,0.0,-1.0,-1.0,-1.0,-1.0,-1.0,-1.0
303,2,-0.8,1.0,-1.0,-1.0,-1.0,-1.0,-1.0,-1.0
304,5,-1.0,0.1,-1.0,-1.0,0.0,-1.0,-1.0,-1.0
305,5,-1.0,-0.8,-1.0,-1.0,1.0,-1.0,-1.0,-1.0
306,7,-1.0,-1.0,-1.0,-1.0,0.1,-1.0,0.0,-1.0
307,7,-1.0,-1.0,-1.0,-1.0,-0.8,-1.0,1.0,-1.0
308,4,-1.0,-1.0,-1.0,0.0,-1.0,-1.0,0.1,-1.0
309,4,-1.0,-1.0,-1.0,1.0,-1.0,-1.0,-0.8,-1.0
310,8,-1.0,-1.0,-1.0,0.1,-1.0,-1.0,-1.0,0.0
311,8,-1.0,-1.0,-1.0,-0.8,-1.0,-1.0,-1.0,1.0
312,2,-1.0,0.0,-1.0,-1.0,-1.0,-1.0,-1.0,0.1
313,2,-1.0,1.0,-1.0,-1.0,-1.0,-1.0,-1.0,-0.8
314,7,-1.0,0.1,-1.0,-1.0,-1.0,-1.0,0.0,-1.0
315,7,-1.0,-0.8,-1.0,-1.0,-1.0,-1.0,1.0,-1.0
316,4,-1.0,-1.0,-1.0,0.0,-1.0,-1.0,0.1,-1.0
317,4,-1.0,-1.0,-1.0,1.0,-1.0,-1.0,-0.8,-1.0
318,6,-1.0,-1.0,-1.0,0.1,-1.0,0.0,-1.0,-1.0
319,6,-1.0,-1.0,-1.0,-0.8,-1.0,1.0,-1.0,-1.0
320,1,0.0,-1.0,-1.0,-1.0,-1.0,0.1,-1.0,-1.0
321,1,1.0,-1.0,-1.0,-1.0,-1.0,-0.8,-1.0,-1.0
322,7,0.1,-1.0,-1.0,-1.0,-1.0,-1.0,0.0,-1.0
323,7,-0.8,-1.0,-1.0,-1.0,-1.0,-1.0,1.0,-1.0
324,5,-1.0,-1.0,-1.0,-1.0,0.0,-1.0,0.1,-1.0
325,5,-1.0,-1.0,-1.0,-1.0,1.0,-1.0,-0.8,-1.0
326,3,-1.0,-1.0,0.0,-1.0,0.1,-1.0,-1.0,-1.0
327,3,-1.0,-1.0,1.0,-1.0,-0.8,-1.0,-1.0,-1.0
328,1,0.0,-1.0,0.1,-1.0,-1.0,-1.0,-1.0,-1.0
329,1,1.0,-1.0,-0.8,-1.0,-1.0,-1.0,-1.0,-1.0
330,8,0.1,-1.0,-1.0,-1.0,-1.0,-1.0,-1.0,0.0
331,8,-0.8,-1.0,-1.0,-1.0,-1.0,-1.0,-1.0,1.0
332,5,-1.0,-1.0,-1.0,-1.0,0.0,-1.0,-1.0,0.1
333,5,-1.0,-1.0,-1.0,-1.0,1.0,-1.0,-1.0,-0.8
334,7,-1.0,-1.0,-1.0,-1.0,0.1,-1.0,0.0,-1.0
335,7,-1.0,-1.0,-1.0,-1.0,-0.8,-1.0,1.0,-1.0
336,2,-1.0,0.0,-1.0,-1.0,-1.0,-1.0,0.1,-1.0
337,2,-1.0,1.0,-1.0,-1.0,-1.0,-1.0,-0.8,-1.0
338,4,-1.0,0.1,-1.0,0.0,-1.0,-1.0,-1.0,-1.0
339,4,-1.0,-0.8,-1.0,1.0,-1.0,-1.0,-1.0,-1.0
340,6,-1.0,-1.0,-1.0,0.1,-1.0,0.0,-1.0,-1.0
341,6,-1.0,-1.0,-1.0,-0.8,-1.0,1.0,-1.0,-1.0
342,5,-1.0,-1.0,-1.0,-1.0,0.0,0.1,-1.0,-1.0
343,5,-1.0,-1.0,-1.0,-1.0,1.0,-0.8,-1.0,-1.0
344,8,-1.0,-1.0,-1.0,-1.0,0.1,-1.0,-1.0,0.0
345,8,-1.0,-1.0,-1.0,-1.0,-0.8,-1.0,-1.0,1.0
346,1,0.0,-1.0,-1.0,-1.0,-1.0,-1.0,-1.0,0.1
347,1,1.0,-1.0,-1.0,-1.0,-1.0,-1.0,-1.0,-0.8
348,3,0.1,-1.0,0.0,-1.0,-1.0,-1.0,-1.0,-1.0
349,3,-0.8,-1.0,1.0,-1.0,-1.0,-1.0,-1.0,-1.0
350,8,-1.0,-1.0,0.1,-1.0,-1.0,-1.0,-1.0,0.0
351,8,-1.0,-1.0,-0.8,-1.0,-1.0,-1.0,-1.0,1.0
352,5,-1.0,-1.0,-1.0,-1.0,0.0,-1.0,-1.0,0.1
353,5,-1.0,-1.0,-1.0,-1.0,1.0,-1.0,-1.0,-0.8
354,3,-1.0,-1.0,0.0,-1.0,0.1,-1.0,-1.0,-1.0
355,3,-1.0,-1.0,1.0,-1.0,-0.8,-1.0,-1.0,-1.0
356,6,-1.0,-1.0,0.1,-1.0,-1.0,0.0,-1.0,-1.0
357,6,-1.0,-1.0,-0.8,-1.0,-1.0,1.0,-1.0,-1.0
358,7,-1.0,-1.0,-1.0,-1.0,-1.0,0.1,0.0,-1.0
359,7,-1.0,-1.0,-1.0,-1.0,-1.0,-0.8,1.0,-1.0
360,3,-1.0,-1.0,0.0,-1.0,-1.0,-1.0,0.1,-1.0
361,3,-1.0,-1.0,1.0,-1.0,-1.0,-1.0,-0.8,-1.0
362,4,-1.0,-1.0,0.1,0.0,-1.0,-1.0,-1.0,-1.0
363,4,-1.0,-1.0,-0.8,1.0,-1.0,-1.0,-1.0,-1.0
364,6,-1.0,-1.0,-1.0,0.1,-1.0,0.0,-1.0,-1.0
365,6,-1.0,-1.0,-1.0,-0.8,-1.0,1.0,-1.0,-1.0
366,1,0.0,-1.0,-1.0,-1.0,-1.0,0.1,-1.0,-1.0
367,1,1.0,-1.0,-1.0,-1.0,-1.0,-0.8,-1.0,-1.0
368,4,0.1,-1.0,-1.0,0.0,-1.0,-1.0,-1.0,-1.0
369,4,-0.8,-1.0,-1.0,1.0,-1.0,-1.0,-1.0,-1.0
370,7,-1.0,-1.0,-1.0,0.1,-1.0,-1.0,0.0,-1.0
371,7,-1.0,-1.0,-1.0,-0.8,-1.0,-1.0,1.0,-1.0
372,8,-1.0,-1.0,-1.0,-1.0,-1.0,-1.0,0.1,0.0
373,8,-1.0,-1.0,-1.0,-1.0,-1.0,-1.0,-0.8,1.0
374,1,0.0,-1.0,-1.0,-1.0,-1.0,-1.0,-1.0,0.1
375,1,1.0,-1.0,-1.0,-1.0,-1.0,-1.0,-1.0,-0.8
376,2,0.1,0.0,-1.0,-1.0,-1.0,-1.0,-1.0,-1.0
377,2,-0.8,1.0,-1.0,-1.0,-1.0,-1.0,-1.0,-1.0
378,3,-1.0,0.1,0.0,-1.0,-1.0,-1.0,-1.0,-1.0
379,3,-1.0,-0.8,1.0,-1.0,-1.0,-1.0,-1.0,-1.0
380,5,-1.0,-1.0,0.1,-1.0,0.0,-1.0,-1.0,-1.0
381,5,-1.0,-1.0,-0.8,-1.0,1.0,-1.0,-1.0,-1.0
382,1,0.0,-1.0,-1.0,-1.0,0.1,-1.0,-1.0,-1.0
383,1,1.0,-1.0,-1.0,-1.0,-0.8,-1.0,-1.0,-1.0
384,6,0.1,-1.0,-1.0,-1.0,-1.0,0.0,-1.0,-1.0
385,6,-0.8,-1.0,-1.0,-1.0,-1.0,1.0,-1.0,-1.0
386,2,-1.0,0.0,-1.0,-1.0,-1.0,0.1,-1.0,-1.0
387,2,-1.0,1.0,-1.0,-1.0,-1.0,-0.8,-1.0,-1.0
388,7,-1.0,0.1,-1.0,-1.0,-1.0,-1.0,0.0,-1.0
389,7,-1.0,-0.8,-1.0,-1.0,-1.0,-1.0,1.0,-1.0
390,3,-1.0,-1.0,0.0,-1.0,-1.0,-1.0,0.1,-1.0
391,3,-1.0,-1.0,1.0,-1.0,-1.0,-1.0,-0.8,-1.0
392,6,-1.0,-1.0,0.1,-1.0,-1.0,0.0,-1.0,-1.0
393,6,-1.0,-1.0,-0.8,-1.0,-1.0,1.0,-1.0,-1.0
394,4,-1.0,-1.0,-1.0,0.0,-1.0,0.1,-1.0,-1.0
395,4,-1.0,-1.0,-1.0,1.0,-1.0,-0.8,-1.0,-1.0
396,1,0.0,-1.0,-1.0,0.1,-1.0,-1.0,-1.0,-1.0
397,1,1.0,-1.0,-1.0,-0.8,-1.0,-1.0,-1.0,-1.0
398,2,0.1,0.0,-1.0,-1.0,-1.0,-1.0,-1.0,-1.0
399,2,-0.8,1.0,-1.0,-1.0,-1.0,-1.0,-1.0,-1.0
400,6,-1.0,0.1,-1.0,-1.0,-1.0,0.0,-1.0,-1.0
401,6,-1.0,-0.8,-1.0,-1.0,-1.0,1.0,-1.0,-1.0
402,8,-1.0,-1.0,-1.0,-1.0,-1.0,0.1,-1.0,0.0
403,8,-1.0,-1.0,-1.0,-1.0,-1.0,-0.8,-1.0,1.0
404,1,0.0,-1.0,-1.0,-1.0,-1.0,-1.0,-1.0,0.1
405,1,1.0,-1.0,-1.0,-1.0,-1.0,-1.0,-1.0,-0.8
406,6,0.1,-1.0,-1.0,-1.0,-1.0,0.0,-1.0,-1.0
407,6,-0.8,-1.0,-1.0,-1.0,-1.0,1.0,-1.0,-1.0
408,4,-1.0,-1.0,-1.0,0.0,-1.0,0.1,-1.0,-1.0
409,4,-1.0,-1.0,-1.0,1.0,-1.0,-0.8,-1.0,-1.0
410,2,-1.0,0.0,-1.0,0.1,-1.0,-1.0,-1.0,-1.0
411,2,-1.0,1.0,-1.0,-0.8,-1.0,-1.0,-1.0,-1.0
412,1,0.0,0.1,-1.0,-1.0,-1.0,-1.0,-1.0,-1.0
413,1,1.0,-0.8,-1.0,-1.0,-1.0,-1.0,-1.0,-1.0
414,4,0.1,-1.0,-1.0,0.0,-1.0,-1.0,-1.0,-1.0
415,4,-0.8,-1.0,-1.0,1.0,-1.0,-1.0,-1.0,-1.0
416,2,-1.0,0.0,-1.0,0.1,-1.0,-1.0,-1.0,-1.0
417,2,-1.0,1.0,-1.0,-0.8,-1.0,-1.0,-1.0,-1.0
418,5,-1.0,0.1,-1.0,-1.0,0.0,-1.0,-1.0,-1.0
419,5,-1.0,-0.8,-1.0,-1.0,1.0,-1.0,-1.0,-1.0
420,8,-1.0,-1.0,-1.0,-1.0,0.1,-1.0,-1.0,0.0
421,8,-1.0,-1.0,-1.0,-1.0,-0.8,-1.0,-1.0,1.0
422,6,-1.0,-1.0,-1.0,-1.0,-1.0,0.0,-1.0,0.1
423,6,-1.0,-1.0,-1.0,-1.0,-1.0,1.0,-1.0,-0.8
424,3,-1.0,-1.0,0.0,-1.0,-1.0,0.1,-1.0,-1.0
425,3,-1.0,-1.0,1.0,-1.0,-1.0,-0.8,-1.0,-1.0
426,2,-1.0,0.0,0.1,-1.0,-1.0,-1.0,-1.0,-1.0
427,2,-1.0,1.0,-0.8,-1.0,-1.0,-1.0,-1.0,-1.0
428,1,0.0,0.1,-1.0,-1.0,-1.0,-1.0,-1.0,-1.0
429,1,1.0,-0.8,-1.0,-1.0,-1.0,-1.0,-1.0,-1.0
430,4,0.1,-1.0,-1.0,0.0,-1.0,-1.0,-1.0,-1.0
431,4,-0.8,-1.0,-1.0,1.0,-1.0,-1.0,-1.0,-1.0
432,7,-1.0,-1.0,-1.0,0.1,-1.0,-1.0,0.0,-1.0
433,7,-1.0,-1.0,-1.0,-0.8,-1.0,-1.0,1.0,-1.0
434,3,-1.0,-1.0,0.0,-1.0,-1.0,-1.0,0.1,-1.0
435,3,-1.0,-1.0,1.0,-1.0,-1.0,-1.0,-0.8,-1.0
436,2,-1.0,0.0,0.1,-1.0,-1.0,-1.0,-1.0,-1.0
437,2,-1.0,1.0,-0.8,-1.0,-1.0,-1.0,-1.0,-1.0
438,4,-1.0,0.1,-1.0,0.0,-1.0,-1.0,-1.0,-1.0
439,4,-1.0,-0.8,-1.0,1.0,-1.0,-1.0,-1.0,-1.0
440,7,-1.0,-1.0,-1.0,0.1,-1.0,-1.0,0.0,-1.0
441,7,-1.0,-1.0,-1.0,-0.8,-1.0,-1.0,1.0,-1.0
442,1,0.0,-1.0,-1.0,-1.0,-1.0,-1.0,0.1,-1.0
443,1,1.0,-1.0,-1.0,-1.0,-1.0,-1.0,-0.8,-1.0
444,3,0.1,-1.0,0.0,-1.0,-1.0,-1.0,-1.0,-1.0
445,3,-0.8,-1.0,1.0,-1.0,-1.0,-1.0,-1.0,-1.0
446,7,-1.0,-1.0,0.1,-1.0,-1.0,-1.0,0.0,-1.0
447,7,-1.0,-1.0,-0.8,-1.0,-1.0,-1.0,1.0,-1.0
448,1,0.0,-1.0,-1.0,-1.0,-1.0,-1.0,0.1,-1.0
449,1,1.0,-1.0,-1.0,-1.0,-1.0,-1.0,-0.8,-1.0
450,8,0.1,-1.0,-1.0,-1.0,-1.0,-1.0,-1.0,0.0
451,8,-0.8,-1.0,-1.0,-1.0,-1.0,-1.0,-1.0,1.0
452,2,-1.0,0.0,-1.0,-1.0,-1.0,-1.0,-1.0,0.1
453,2,-1.0,1.0,-1.0,-1.0,-1.0,-1.0,-1.0,-0.8
454,7,-1.0,0.1,-1.0,-1.0,-1.0,-1.0,0.0,-1.0
455,7,-1.0,-0.8,-1.0,-1.0,-1.0,-1.0,1.0,-1.0
456,4,-1.0,-1.0,-1.0,0.0,-1.0,-1.0,0.1,-1.0
457,4,-1.0,-1.0,-1.0,1.0,-1.0,-1.0,-0.8,-1.0
458,6,-1.0,-1.0,-1.0,0.1,-1.0,0.0,-1.0,-1.0
459,6,-1.0,-1.0,-1.0,-0.8,-1.0,1.0,-1.0,-1.0
460,1,0.0,-1.0,-1.0,-1.0,-1.0,0.1,-1.0,-1.0
461,1,1.0,-1.0,-1.0,-1.0,-1.0,-0.8,-1.0,-1.0
462,8,0.1,-1.0,-1.0,-1.0,-1.0,-1.0,-1.0,0.0
463,8,-0.8,-1.0,-1.0,-1.0,-1.0,-1.0,-1.0,1.0
464,7,-1.0,-1.0,-1.0,-1.0,-1.0,-1.0,0.0,0.1
465,7,-1.0,-1.0,-1.0,-1.0,-1.0,-1.0,1.0,-0.8
466,3,-1.0,-1.0,0.0,-1.0,-1.0,-1.0,0.1,-1.0
467,3,-1.0,-1.0,1.0,-1.0,-1.0,-1.0,-0.8,-1.0
468,5,-1.0,-1.0,0.1,-1.0,0.0,-1.0,-1.0,-1.0
469,5,-1.0,-1.0,-0.8,-1.0,1.0,-1.0,-1.0,-1.0
470,7,-1.0,-1.0,-1.0,-1.0,0.1,-1.0,0.0,-1.0
471,7,-1.0,-1.0,-1.0,-1.0,-0.8,-1.0,1.0,-1.0
472,4,-1.0,-1.0,-1.0,0.0,-1.0,-1.0,0.1,-1.0
473,4,-1.0,-1.0,-1.0,1.0,-1.0,-1.0,-0.8,-1.0
474,1,0.0,-1.0,-1.0,0.1,-1.0,-1.0,-1.0,-1.0
475,1,1.0,-1.0,-1.0,-0.8,-1.0,-1.0,-1.0,-1.0
476,7,0.1,-1.0,-1.0,-1.0,-1.0,-1.0,0.0,-1.0
477,7,-0.8,-1.0,-1.0,-1.0,-1.0,-1.0,1.0,-1.0
478,4,-1.0,-1.0,-1.0,0.0,-1.0,-1.0,0.1,-1.0
479,4,-1.0,-1.0,-1.0,1.0,-1.0,-1.0,-0.8,-1.0
480,1,0.0,-1.0,-1.0,0.1,-1.0,-1.0,-1.0,-1.0
481,1,1.0,-1.0,-1.0,-0.8,-1.0,-1.0,-1.0,-1.0
482,7,0.1,-1.0,-1.0,-1.0,-1.0,-1.0,0.0,-1.0
483,7,-0.8,-1.0,-1.0,-1.0,-1.0,-1.0,1.0,-1.0
484,6,-1.0,-1.0,-1.0,-1.0,-1.0,0.0,0.1,-1.0
485,6,-1.0,-1.0,-1.0,-1.0,-1.0,1.0,-0.8,-1.0
486,4,-1.0,-1.0,-1.0,0.0,-1.0,0.1,-1.0,-1.0
487,4,-1.0,-1.0,-1.0,1.0,-1.0,-0.8,-1.0,-1.0
488,1,0.0,-1.0,-1.0,0.1,-1.0,-1.0,-1.0,-1.0
489,1,1.0,-1.0,-1.0,-0.8,-1.0,-1.0,-1.0,-1.0
490,5,0.1,-1.0,-1.0,-1.0,0.0,-1.0,-1.0,-1.0
491,5,-0.8,-1.0,-1.0,-1.0,1.0,-1.0,-1.0,-1.0
492,4,-1.0,-1.0,-1.0,0.0,0.1,-1.0,-1.0,-1.0
493,4,-1.0,-1.0,-1.0,1.0,-0.8,-1.0,-1.0,-1.0
494,1,0.0,-1.0,-1.0,0.1,-1.0,-1.0,-1.0,-1.0
495,1,1.0,-1.0,-1.0,-0.8,-1.0,-1.0,-1.0,-1.0
496,2,0.1,0.0,-1.0,-1.0,-1.0,-1.0,-1.0,-1.0
497,2,-0.8,1.0,-1.0,-1.0,-1.0,-1.0,-1.0,-1.0
498,8,-1.0,0.1,-1.0,-1.0,-1.0,-1.0,-1.0,0.0
499,8,-1.0,-0.8,-1.0,-1.0,-1.0,-1.0,-1.0,1.0
500,3,-1.0,-1.0,0.0,-1.0,-1.0,-1.0,-1.0,0.1
501,3,-1.0,-1.0,1.0,-1.0,-1.0,-1.0,-1.0,-0.8
502,5,-1.0,-1.0,0.1,-1.0,0.0,-1.0,-1.0,-1.0
503,5,-1.0,-1.0,-0.8,-1.0,1.0,-1.0,-1.0,-1.0
504,1,0.0,-1.0,-1.0,-1.0,0.1,-1.0,-1.0,-1.0
505,1,1.0,-1.0,-1.0,-1.0,-0.8,-1.0,-1.0,-1.0
506,2,0.1,0.0,-1.0,-1.0,-1.0,-1.0,-1.0,-1.0
507,2,-0.8,1.0,-1.0,-1.0,-1.0,-1.0,-1.0,-1.0
508,4,-1.0,0.1,-1.0,0.0,-1.0,-1.0,-1.0,-1.0
509,4,-1.0,-0.8,-1.0,1.0,-1.0,-1.0,-1.0,-1.0
510,3,-1.0,-1.0,0.0,0.1,-1.0,-1.0,-1.0,-1.0
511,3,-1.0,-1.0,1.0,-0.8,-1.0,-1.0,-1.0,-1.0
512,7,-1.0,-1.0,0.1,-1.0,-1.0,-1.0,0.0,-1.0
513,7,-1.0,-1.0,-0.8,-1.0,-1.0,-1.0,1.0,-1.0
514,4,-1.0,-1.0,-1.0,0.0,-1.0,-1.0,0.1,-1.0
515,4,-1.0,-1.0,-1.0,1.0,-1.0,-1.0,-0.8,-1.0
516,5,-1.0,-1.0,-1.0,0.1,0.0,-1.0,-1.0,-1.0
517,5,-1.0,-1.0,-1.0,-0.8,1.0,-1.0,-1.0,-1.0
518,7,-1.0,-1.0,-1.0,-1.0,0.1,-1.0,0.0,-1.0
519,7,-1.0,-1.0,-1.0,-1.0,-0.8,-1.0,1.0,-1.0
520,1,0.0,-1.0,-1.0,-1.0,-1.0,-1.0,0.1,-1.0
521,1,1.0,-1.0,-1.0,-1.0,-1.0,-1.0,-0.8,-1.0
522,3,0.1,-1.0,0.0,-1.0,-1.0,-1.0,-1.0,-1.0
523,3,-0.8,-1.0,1.0,-1.0,-1.0,-1.0,-1.0,-1.0
524,8,-1.0,-1.0,0.1,-1.0,-1.0,-1.0,-1.0,0.0
525,8,-1.0,-1.0,-0.8,-1.0,-1.0,-1.0,-1.0,1.0
526,4,-1.0,-1.0,-1.0,0.0,-1.0,-1.0,-1.0,0.1
527,4,-1.0,-1.0,-1.0,1.0,-1.0,-1.0,-1.0,-0.8
528,6,-1.0,-1.0,-1.0,0.1,-1.0,0.0,-1.0,-1.0
529,6,-1.0,-1.0,-1.0,-0.8,-1.0,1.0,-1.0,-1.0
530,8,-1.0,-1.0,-1.0,-1.0,-1.0,0.1,-1.0,0.0
531,8,-1.0,-1.0,-1.0,-1.0,-1.0,-0.8,-1.0,1.0
532,3,-1.0,-1.0,0.0,-1.0,-1.0,-1.0,-1.0,0.1
533,3,-1.0,-1.0,1.0,-1.0,-1.0,-1.0,-1.0,-0.8
534,7,-1.0,-1.0,0.1,-1.0,-1.0,-1.0,0.0,-1.0
535,7,-1.0,-1.0,-0.8,-1.0,-1.0,-1.0,1.0,-1.0
536,2,-1.0,0.0,-1.0,-1.0,-1.0,-1.0,0.1,-1.0
537,2,-1.0,1.0,-1.0,-1.0,-1.0,-1.0,-0.8,-1.0
538,6,-1.0,0.1,-1.0,-1.0,-1.0,0.0,-1.0,-1.0
539,6,-1.0,-0.8,-1.0,-1.0,-1.0,1.0,-1.0,-1.0
540,7,-1.0,-1.0,-1.0,-1.0,-1.0,0.1,0.0,-1.0
541,7,-1.0,-1.0,-1.0,-1.0,-1.0,-0.8,1.0,-1.0
542,3,-1.0,-1.0,0.0,-1.0,-1.0,-1.0,0.1,-1.0
543,3,-1.0,-1.0,1.0,-1.0,-1.0,-1.0,-0.8,-1.0
544,8,-1.0,-1.0,0.1,-1.0,-1.0,-1.0,-1.0,0.0
545,8,-1.0,-1.0,-0.8,-1.0,-1.0,-1.0,-1.0,1.0
546,2,-1.0,0.0,-1.0,-1.0,-1.0,-1.0,-1.0,0.1
547,2,-1.0,1.0,-1.0,-1.0,-1.0,-1.0,-1.0,-0.8
548,1,0.0,0.1,-1.0,-1.0,-1.0,-1.0,-1.0,-1.0
549,1,1.0,-0.8,-1.0,-1.0,-1.0,-1.0,-1.0,-1.0
550,7,0.1,-1.0,-1.0,-1.0,-1.0,-1.0,0.0,-1.0
551,7,-0.8,-1.0,-1.0,-1.0,-1.0,-1.0,1.0,-1.0
552,2,-1.0,0.0,-1.0,-1.0,-1.0,-1.0,0.1,-1.0
553,2,-1.0,1.0,-1.0,-1.0,-1.0,-1.0,-0.8,-1.0
554,3,-1.0,0.1,0.0,-1.0,-1.0,-1.0,-1.0,-1.0
555,3,-1.0,-0.8,1.0,-1.0,-1.0,-1.0,-1.0,-1.0
556,7,-1.0,-1.0,0.1,-1.0,-1.0,-1.0,0.0,-1.0
557,7,-1.0,-1.0,-0.8,-1.0,-1.0,-1.0,1.0,-1.0
558,6,-1.0,-1.0,-1.0,-1.0,-1.0,0.0,0.1,-1.0
559,6,-1.0,-1.0,-1.0,-1.0,-1.0,1.0,-0.8,-1.0
560,8,-1.0,-1.0,-1.0,-1.0,-1.0,0.1,-1.0,0.0
561,8,-1.0,-1.0,-1.0,-1.0,-1.0,-0.8,-1.0,1.0
562,1,0.0,-1.0,-1.0,-1.0,-1.0,-1.0,-1.0,0.1
563,1,1.0,-1.0,-1.0,-1.0,-1.0,-1.0,-1.0,-0.8
564,7,0.1,-1.0,-1.0,-1.0,-1.0,-1.0,0.0,-1.0
565,7,-0.8,-1.0,-1.0,-1.0,-1.0,-1.0,1.0,-1.0
566,5,-1.0,-1.0,-1.0,-1.0,0.0,-1.0,0.1,-1.0
567,5,-1.0,-1.0,-1.0,-1.0,1.0,-1.0,-0.8,-1.0
568,1,0.0,-1.0,-1.0,-1.0,0.1,-1.0,-1.0,-1.0
569,1,1.0,-1.0,-1.0,-1.0,-0.8,-1.0,-1.0,-1.0
570,2,0.1,0.0,-1.0,-1.0,-1.0,-1.0,-1.0,-1.0
571,2,-0.8,1.0,-1.0,-1.0,-1.0,-1.0,-1.0,-1.0
572,6,-1.0,0.1,-1.0,-1.0,-1.0,0.0,-1.0,-1.0
573,6,-1.0,-0.8,-1.0,-1.0,-1.0,1.0,-1.0,-1.0
574,3,-1.0,-1.0,0.0,-1.0,-1.0,0.1,-1.0,-1.0
575,3,-1.0,-1.0,1.0,-1.0,-1.0,-0.8,-1.0,-1.0
576,2,-1.0,0.0,0.1,-1.0,-1.0,-1.0,-1.0,-1.0
577,2,-1.0,1.0,-0.8,-1.0,-1.0,-1.0,-1.0,-1.0
578,7,-1.0,0.1,-1.0,-1.0,-1.0,-1.0,0.0,-1.0
579,7,-1.0,-0.8,-1.0,-1.0,-1.0,-1.0,1.0,-1.0
580,4,-1.0,-1.0,-1.0,0.0,-1.0,-1.0,0.1,-1.0
581,4,-1.0,-1.0,-1.0,1.0,-1.0,-1.0,-0.8,-1.0
582,8,-1.0,-1.0,-1.0,0.1,-1.0,-1.0,-1.0,0.0
583,8,-1.0,-1.0,-1.0,-0.8,-1.0,-1.0,-1.0,1.0
584,3,-1.0,-1.0,0.0,-1.0,-1.0,-1.0,-1.0,0.1
585,3,-1.0,-1.0,1.0,-1.0,-1.0,-1.0,-1.0,-0.8
586,6,-1.0,-1.0,0.1,-1.0,-1.0,0.0,-1.0,-1.0
587,6,-1.0,-1.0,-0.8,-1.0,-1.0,1.0,-1.0,-1.0
588,4,-1.0,-1.0,-1.0,0.0,-1.0,0.1,-1.0,-1.0
589,4,-1.0,-1.0,-1.0,1.0,-1.0,-0.8,-1.0,-1.0
590,1,0.0,-1.0,-1.0,0.1,-1.0,-1.0,-1.0,-1.0
591,1,1.0,-1.0,-1.0,-0.8,-1.0,-1.0,-1.0,-1.0
592,2,0.1,0.0,-1.0,-1.0,-1.0,-1.0,-1.0,-1.0
593,2,-0.8,1.0,-1.0,-1.0,-1.0,-1.0,-1.0,-1.0
594,6,-1.0,0.1,-1.0,-1.0,-1.0,0.0,-1.0,-1.0
595,6,-1.0,-0.8,-1.0,-1.0,-1.0,1.0,-1.0,-1.0
596,5,-1.0,-1.0,-1.0,-1.0,0.0,0.1,-1.0,-1.0
597,5,-1.0,-1.0,-1.0,-1.0,1.0,-0.8,-1.0,-1.0
598,7,-1.0,-1.0,-1.0,-1.0,0.1,-1.0,0.0,-1.0
599,7,-1.0,-1.0,-1.0,-1.0,-0.8,-1.0,1.0,-1.0
600,6,-1.0,-1.0,-1.0,-1.0,-1.0,0.0,0.1,-1.0
601,6,-1.0,-1.0,-1.0,-1.0,-1.0,1.0,-0.8,-1.0
602,5,-1.0,-1.0,-1.0,-1.0,0.0,0.1,-1.0,-1.0
603,5,-1.0,-1.0,-1.0,-1.0,1.0,-0.8,-1.0,-1.0
604,1,0.0,-1.0,-1.0,-1.0,0.1,-1.0,-1.0,-1.0
605,1,1.0,-1.0,-1.0,-1.0,-0.8,-1.0,-1.0,-1.0
606,4,0.1,-1.0,-1.0,0.0,-1.0,-1.0,-1.0,-1.0
607,4,-0.8,-1.0,-1.0,1.0,-1.0,-1.0,-1.0,-1.0
608,8,-1.0,-1.0,-1.0,0.1,-1.0,-1.0,-1.0,0.0
609,8,-1.0,-1.0,-1.0,-0.8,-1.0,-1.0,-1.0,1.0
610,6,-1.0,-1.0,-1.0,-1.0,-1.0,0.0,-1.0,0.1
611,6,-1.0,-1.0,-1.0,-1.0,-1.0,1.0,-1.0,-0.8
612,5,-1.0,-1.0,-1.0,-1.0,0.0,0.1,-1.0,-1.0
613,5,-1.0,-1.0,-1.0,-1.0,1.0,-0.8,-1.0,-1.0
614,1,0.0,-1.0,-1.0,-1.0,0.1,-1.0,-1.0,-1.0
615,1,1.0,-1.0,-1.0,-1.0,-0.8,-1.0,-1.0,-1.0
616,8,0.1,-1.0,-1.0,-1.0,-1.0,-1.0,-1.0,0.0
617,8,-0.8,-1.0,-1.0,-1.0,-1.0,-1.0,-1.0,1.0
618,2,-1.0,0.0,-1.0,-1.0,-1.0,-1.0,-1.0,0.1
619,2,-1.0,1.0,-1.0,-1.0,-1.0,-1.0,-1.0,-0.8
620,7,-1.0,0.1,-1.0,-1.0,-1.0,-1.0,0.0,-1.0
621,7,-1.0,-0.8,-1.0,-1.0,-1.0,-1.0,1.0,-1.0
622,1,0.0,-1.0,-1.0,-1.0,-1.0,-1.0,0.1,-1.0
623,1,1.0,-1.0,-1.0,-1.0,-1.0,-1.0,-0.8,-1.0
624,4,0.1,-1.0,-1.0,0.0,-1.0,-1.0,-1.0,-1.0
625,4,-0.8,-1.0,-1.0,1.0,-1.0,-1.0,-1.0,-1.0
626,7,-1.0,-1.0,-1.0,0.1,-1.0,-1.0,0.0,-1.0
627,7,-1.0,-1.0,-1.0,-0.8,-1.0,-1.0,1.0,-1.0
628,2,-1.0,0.0,-1.0,-1.0,-1.0,-1.0,0.1,-1.0
629,2,-1.0,1.0,-1.0,-1.0,-1.0,-1.0,-0.8,-1.0
630,3,-1.0,0.1,0.0,-1.0,-1.0,-1.0,-1.0,-1.0
631,3,-1.0,-0.8,1.0,-1.0,-1.0,-1.0,-1.0,-1.0
632,7,-1.0,-1.0,0.1,-1.0,-1.0,-1.0,0.0,-1.0
633,7,-1.0,-1.0,-0.8,-1.0,-1.0,-1.0,1.0,-1.0
634,6,-1.0,-1.0,-1.0,-1.0,-1.0,0.0,0.1,-1.0
635,6,-1.0,-1.0,-1.0,-1.0,-1.0,1.0,-0.8,-1.0
636,5,-1.0,-1.0,-1.0,-1.0,0.0,0.1,-1.0,-1.0
637,5,-1.0,-1.0,-1.0,-1.0,1.0,-0.8,-1.0,-1.0
638,7,-1.0,-1.0,-1.0,-1.0,0.1,-1.0,0.0,-1.0
639,7,-1.0,-1.0,-1.0,-1.0,-0.8,-1.0,1.0,-1.0
640,8,-1.0,-1.0,-1.0,-1.0,-1.0,-1.0,0.1,0.0
641,8,-1.0,-1.0,-1.0,-1.0,-1.0,-1.0,-0.8,1.0
642,3,-1.0,-1.0,0.0,-1.0,-1.0,-1.0,-1.0,0.1
643,3,-1.0,-1.0,1.0,-1.0,-1.0,-1.0,-1.0,-0.8
644,2,-1.0,0.0,0.1,-1.0,-1.0,-1.0,-1.0,-1.0
645,2,-1.0,1.0,-0.8,-1.0,-1.0,-1.0,-1.0,-1.0
646,6,-1.0,0.1,-1.0,-1.0,-1.0,0.0,-1.0,-1.0
647,6,-1.0,-0.8,-1.0,-1.0,-1.0,1.0,-1.0,-1.0
648,3,-1.0,-1.0,0.0,-1.0,-1.0,0.1,-1.0,-1.0
649,3,-1.0,-1.0,1.0,-1.0,-1.0,-0.8,-1.0,-1.0
650,2,-1.0,0.0,0.1,-1.0,-1.0,-1.0,-1.0,-1.0
651,2,-1.0,1.0,-0.8,-1.0,-1.0,-1.0,-1.0,-1.0
652,1,0.0,0.1,-1.0,-1.0,-1.0,-1.0,-1.0,-1.0
653,1,1.0,-0.8,-1.0,-1.0,-1.0,-1.0,-1.0,-1.0
654,7,0.1,-1.0,-1.0,-1.0,-1.0,-1.0,0.0,-1.0
655,7,-0.8,-1.0,-1.0,-1.0,-1.0,-1.0,1.0,-1.0
656,6,-1.0,-1.0,-1.0,-1.0,-1.0,0.0,0.1,-1.0
657,6,-1.0,-1.0,-1.0,-1.0,-1.0,1.0,-0.8,-1.0
658,5,-1.0,-1.0,-1.0,-1.0,0.0,0.1,-1.0,-1.0
659,5,-1.0,-1.0,-1.0,-1.0,1.0,-0.8,-1.0,-1.0
660,1,0.0,-1.0,-1.0,-1.0,0.1,-1.0,-1.0,-1.0
661,1,1.0,-1.0,-1.0,-1.0,-0.8,-1.0,-1.0,-1.0
662,4,0.1,-1.0,-1.0,0.0,-1.0,-1.0,-1.0,-1.0
663,4,-0.8,-1.0,-1.0,1.0,-1.0,-1.0,-1.0,-1.0
664,5,-1.0,-1.0,-1.0,0.1,0.0,-1.0,-1.0,-1.0
665,5,-1.0,-1.0,-1.0,-0.8,1.0,-1.0,-1.0,-1.0
666,6,-1.0,-1.0,-1.0,-1.0,0.1,0.0,-1.0,-1.0
667,6,-1.0,-1.0,-1.0,-1.0,-0.8,1.0,-1.0,-1.0
668,3,-1.0,-1.0,0.0,-1.0,-1.0,0.1,-1.0,-1.0
669,3,-1.0,-1.0,1.0,-1.0,-1.0,-0.8,-1.0,-1.0
670,4,-1.0,-1.0,0.1,0.0,-1.0,-1.0,-1.0,-1.0
671,4,-1.0,-1.0,-0.8,1.0,-1.0,-1.0,-1.0,-1.0
672,7,-1.0,-1.0,-1.0,0.1,-1.0,-1.0,0.0,-1.0
673,7,-1.0,-1.0,-1.0,-0.8,-1.0,-1.0,1.0,-1.0
674,8,-1.0,-1.0,-1.0,-1.0,-1.0,-1.0,0.1,0.0
675,8,-1.0,-1.0,-1.0,-1.0,-1.0,-1.0,-0.8,1.0
676,2,-1.0,0.0,-1.0,-1.0,-1.0,-1.0,-1.0,0.1
677,2,-1.0,1.0,-1.0,-1.0,-1.0,-1.0,-1.0,-0.8
678,4,-1.0,0.1,-1.0,0.0,-1.0,-1.0,-1.0,-1.0
679,4,-1.0,-0.8,-1.0,1.0,-1.0,-1.0,-1.0,-1.0
680,5,-1.0,-1.0,-1.0,0.1,0.0,-1.0,-1.0,-1.0
681,5,-1.0,-1.0,-1.0,-0.8,1.0,-1.0,-1.0,-1.0
682,1,0.0,-1.0,-1.0,-1.0,0.1,-1.0,-1.0,-1.0
683,1,1.0,-1.0,-1.0,-1.0,-0.8,-1.0,-1.0,-1.0
684,6,0.1,-1.0,-1.0,-1.0,-1.0,0.0,-1.0,-1.0
685,6,-0.8,-1.0,-1.0,-1.0,-1.0,1.0,-1.0,-1.0
686,8,-1.0,-1.0,-1.0,-1.0,-1.0,0.1,-1.0,0.0
687,8,-1.0,-1.0,-1.0,-1.0,-1.0,-0.8,-1.0,1.0
688,1,0.0,-1.0,-1.0,-1.0,-1.0,-1.0,-1.0,0.1
689,1,1.0,-1.0,-1.0,-1.0,-1.0,-1.0,-1.0,-0.8
690,6,0.1,-1.0,-1.0,-1.0,-1.0,0.0,-1.0,-1.0
691,6,-0.8,-1.0,-1.0,-1.0,-1.0,1.0,-1.0,-1.0
692,3,-1.0,-1.0,0.0,-1.0,-1.0,0.1,-1.0,-1.0
693,3,-1.0,-1.0,1.0,-1.0,-1.0,-0.8,-1.0,-1.0
694,5,-1.0,-1.0,0.1,-1.0,0.0,-1.0,-1.0,-1.0
695,5,-1.0,-1.0,-0.8,-1.0,1.0,-1.0,-1.0,-1.0
696,1,0.0,-1.0,-1.0,-1.0,0.1,-1.0,-1.0,-1.0
697,1,1.0,-1.0,-1.0,-1.0,-0.8,-1.0,-1.0,-1.0
698,4,0.1,-1.0,-1.0,0.0,-1.0,-1.0,-1.0,-1.0
699,4,-0.8,-1.0,-1.0,1.0,-1.0,-1.0,-1.0,-1.0
700,5,-1.0,-1.0,-1.0,0.1,0.0,-1.0,-1.0,-1.0
701,5,-1.0,-1.0,-1.0,-0.8,1.0,-1.0,-1.0,-1.0
702,6,-1.0,-1.0,-1.0,-1.0,0.1,0.0,-1.0,-1.0
703,6,-1.0,-1.0,-1.0,-1.0,-0.8,1.0,-1.0,-1.0
704,3,-1.0,-1.0,0.0,-1.0,-1.0,0.1,-1.0,-1.0
705,3,-1.0,-1.0,1.0,-1.0,-1.0,-0.8,-1.0,-1.0
706,1,0.0,-1.0,0.1,-1.0,-1.0,-1.0,-1.0,-1.0
707,1,1.0,-1.0,-0.8,-1.0,-1.0,-1.0,-1.0,-1.0
708,2,0.1,0.0,-1.0,-1.0,-1.0,-1.0,-1.0,-1.0
709,2,-0.8,1.0,-1.0,-1.0,-1.0,-1.0,-1.0,-1.0
710,5,-1.0,0.1,-1.0,-1.0,0.0,-1.0,-1.0,-1.0
711,5,-1.0,-0.8,-1.0,-1.0,1.0,-1.0,-1.0,-1.0
712,4,-1.0,-1.0,-1.0,0.0,0.1,-1.0,-1.0,-1.0
713,4,-1.0,-1.0,-1.0,1.0,-0.8,-1.0,-1.0,-1.0
714,7,-1.0,-1.0,-1.0,0.1,-1.0,-1.0,0.0,-1.0
715,7,-1.0,-1.0,-1.0,-0.8,-1.0,-1.0,1.0,-1.0
716,2,-1.0,0.0,-1.0,-1.0,-1.0,-1.0,0.1,-1.0
717,2,-1.0,1.0,-1.0,-1.0,-1.0,-1.0,-0.8,-1.0
718,5,-1.0,0.1,-1.0,-1.0,0.0,-1.0,-1.0,-1.0
719,5,-1.0,-0.8,-1.0,-1.0,1.0,-1.0,-1.0,-1.0
720,1,0.0,-1.0,-1.0,-1.0,0.1,-1.0,-1.0,-1.0
721,1,1.0,-1.0,-1.0,-1.0,-0.8,-1.0,-1.0,-1.0
722,6,0.1,-1.0,-1.0,-1.0,-1.0,0.0,-1.0,-1.0
723,6,-0.8,-1.0,-1.0,-1.0,-1.0,1.0,-1.0,-1.0
724,7,-1.0,-1.0,-1.0,-1.0,-1.0,0.1,0.0,-1.0
725,7,-1.0,-1.0,-1.0,-1.0,-1.0,-0.8,1.0,-1.0
726,1,0.0,-1.0,-1.0,-1.0,-1.0,-1.0,0.1,-1.0
727,1,1.0,-1.0,-1.0,-1.0,-1.0,-1.0,-0.8,-1.0
728,6,0.1,-1.0,-1.0,-1.0,-1.0,0.0,-1.0,-1.0
729,6,-0.8,-1.0,-1.0,-1.0,-1.0,1.0,-1.0,-1.0
730,7,-1.0,-1.0,-1.0,-1.0,-1.0,0.1,0.0,-1.0
731,7,-1.0,-1.0,-1.0,-1.0,-1.0,-0.8,1.0,-1.0
732,8,-1.0,-1.0,-1.0,-1.0,-1.0,-1.0,0.1,0.0
733,8,-1.0,-1.0,-1.0,-1.0,-1.0,-1.0,-0.8,1.0
734,3,-1.0,-1.0,0.0,-1.0,-1.0,-1.0,-1.0,0.1
735,3,-1.0,-1.0,1.0,-1.0,-1.0,-1.0,-1.0,-0.8
736,7,-1.0,-1.0,0.1,-1.0,-1.0,-1.0,0.0,-1.0
737,7,-1.0,-1.0,-0.8,-1.0,-1.0,-1.0,1.0,-1.0
738,5,-1.0,-1.0,-1.0,-1.0,0.0,-1.0,0.1,-1.0
739,5,-1.0,-1.0,-1.0,-1.0,1.0,-1.0,-0.8,-1.0
740,4,-1.0,-1.0,-1.0,0.0,0.1,-1.0,-1.0,-1.0
741,4,-1.0,-1.0,-1.0,1.0,-0.8,-1.0,-1.0,-1.0
742,3,-1.0,-1.0,0.0,0.1,-1.0,-1.0,-1.0,-1.0
743,3,-1.0,-1.0,1.0,-0.8,-1.0,-1.0,-1.0,-1.0
744,8,-1.0,-1.0,0.1,-1.0,-1.0,-1.0,-1.0,0.0
745,8,-1.0,-1.0,-0.8,-1.0,-1.0,-1.0,-1.0,1.0
746,5,-1.0,-1.0,-1.0,-1.0,0.0,-1.0,-1.0,0.1
747,5,-1.0,-1.0,-1.0,-1.0,1.0,-1.0,-1.0,-0.8
748,7,-1.0,-1.0,-1.0,-1.0,0.1,-1.0,0.0,-1.0
749,7,-1.0,-1.0,-1.0,-1.0,-0.8,-1.0,1.0,-1.0
750,3,-1.0,-1.0,0.0,-1.0,-1.0,-1.0,0.1,-1.0
751,3,-1.0,-1.0,1.0,-1.0,-1.0,-1.0,-0.8,-1.0
752,1,0.0,-1.0,0.1,-1.0,-1.0,-1.0,-1.0,-1.0
753,1,1.0,-1.0,-0.8,-1.0,-1.0,-1.0,-1.0,-1.0
754,7,0.1,-1.0,-1.0,-1.0,-1.0,-1.0,0.0,-1.0
755,7,-0.8,-1.0,-1.0,-1.0,-1.0,-1.0,1.0,-1.0
756,6,-1.0,-1.0,-1.0,-1.0,-1.0,0.0,0.1,-1.0
757,6,-1.0,-1.0,-1.0,-1.0,-1.0,1.0,-0.8,-1.0
758,8,-1.0,-1.0,-1.0,-1.0,-1.0,0.1,-1.0,0.0
759,8,-1.0,-1.0,-1.0,-1.0,-1.0,-0.8,-1.0,1.0
760,4,-1.0,-1.0,-1.0,0.0,-1.0,-1.0,-1.0,0.1
761,4,-1.0,-1.0,-1.0,1.0,-1.0,-1.0,-1.0,-0.8
762,7,-1.0,-1.0,-1.0,0.1,-1.0,-1.0,0.0,-1.0
763,7,-1.0,-1.0,-1.0,-0.8,-1.0,-1.0,1.0,-1.0
764,8,-1.0,-1.0,-1.0,-1.0,-1.0,-1.0,0.1,0.0
765,8,-1.0,-1.0,-1.0,-1.0,-1.0,-1.0,-0.8,1.0
766,2,-1.0,0.0,-1.0,-1.0,-1.0,-1.0,-1.0,0.1
767,2,-1.0,1.0,-1.0,-1.0,-1.0,-1.0,-1.0,-0.8
768,6,-1.0,0.1,-1.0,-1.0,-1.0,0.0,-1.0,-1.0
769,6,-1.0,-0.8,-1.0,-1.0,-1.0,1.0,-1.0,-1.0
770,4,-1.0,-1.0,-1.0,0.0,-1.0,0.1,-1.0,-1.0
771,4,-1.0,-1.0,-1.0,1.0,-1.0,-0.8,-1.0,-1.0
772,8,-1.0,-1.0,-1.0,0.1,-1.0,-1.0,-1.0,0.0
773,8,-1.0,-1.0,-1.0,-0.8,-1.0,-1.0,-1.0,1.0
774,2,-1.0,0.0,-1.0,-1.0,-1.0,-1.0,-1.0,0.1
775,2,-1.0,1.0,-1.0,-1.0,-1.0,-1.0,-1.0,-0.8
776,3,-1.0,0.1,0.0,-1.0,-1.0,-1.0,-1.0,-1.0
777,3,-1.0,-0.8,1.0,-1.0,-1.0,-1.0,-1.0,-1.0
778,7,-1.0,-1.0,0.1,-1.0,-1.0,-1.0,0.0,-1.0
779,7,-1.0,-1.0,-0.8,-1.0,-1.0,-1.0,1.0,-1.0
780,6,-1.0,-1.0,-1.0,-1.0,-1.0,0.0,0.1,-1.0
781,6,-1.0,-1.0,-1.0,-1.0,-1.0,1.0,-0.8,-1.0
782,5,-1.0,-1.0,-1.0,-1.0,0.0,0.1,-1.0,-1.0
783,5,-1.0,-1.0,-1.0,-1.0,1.0,-0.8,-1.0,-1.0
784,3,-1.0,-1.0,0.0,-1.0,0.1,-1.0,-1.0,-1.0
785,3,-1.0,-1.0,1.0,-1.0,-0.8,-1.0,-1.0,-1.0
786,2,-1.0,0.0,0.1,-1.0,-1.0,-1.0,-1.0,-1.0
787,2,-1.0,1.0,-0.8,-1.0,-1.0,-1.0,-1.0,-1.0
788,6,-1.0,0.1,-1.0,-1.0,-1.0,0.0,-1.0,-1.0
789,6,-1.0,-0.8,-1.0,-1.0,-1.0,1.0,-1.0,-1.0
790,4,-1.0,-1.0,-1.0,0.0,-1.0,0.1,-1.0,-1.0
791,4,-1.0,-1.0,-1.0,1.0,-1.0,-0.8,-1.0,-1.0
792,1,0.0,-1.0,-1.0,0.1,-1.0,-1.0,-1.0,-1.0
793,1,1.0,-1.0,-1.0,-0.8,-1.0,-1.0,-1.0,-1.0
794,8,0.1,-1.0,-1.0,-1.0,-1.0,-1.0,-1.0,0.0
795,8,-0.8,-1.0,-1.0,-1.0,-1.0,-1.0,-1.0,1.0
796,6,-1.0,-1.0,-1.0,-1.0,-1.0,0.0,-1.0,0.1
797,6,-1.0,-1.0,-1.0,-1.0,-1.0,1.0,-1.0,-0.8
798,2,-1.0,0.0,-1.0,-1.0,-1.0,0.1,-1.0,-1.0
799,2,-1.0,1.0,-1.0,-1.0,-1.0,-0.8,-1.0,-1.0
800,8,-1.0,0.1,-1.0,-1.0,-1.0,-1.0,-1.0,0.0
801,8,-1.0,-0.8,-1.0,-1.0,-1.0,-1.0,-1.0,1.0
802,4,-1.0,-1.0,-1.0,0.0,-1.0,-1.0,-1.0,0.1
803,4,-1.0,-1.0,-1.0,1.0,-1.0,-1.0,-1.0,-0.8
804,1,0.0,-1.0,-1.0,0.1,-1.0,-1.0,-1.0,-1.0
805,1,1.0,-1.0,-1.0,-0.8,-1.0,-1.0,-1.0,-1.0
806,5,0.1,-1.0,-1.0,-1.0,0.0,-1.0,-1.0,-1.0
807,5,-0.8,-1.0,-1.0,-1.0,1.0,-1.0,-1.0,-1.0
808,4,-1.0,-1.0,-1.0,0.0,0.1,-1.0,-1.0,-1.0
809,4,-1.0,-1.0,-1.0,1.0,-0.8,-1.0,-1.0,-1.0
810,6,-1.0,-1.0,-1.0,0.1,-1.0,0.0,-1.0,-1.0
811,6,-1.0,-1.0,-1.0,-0.8,-1.0,1.0,-1.0,-1.0
812,8,-1.0,-1.0,-1.0,-1.0,-1.0,0.1,-1.0,0.0
813,8,-1.0,-1.0,-1.0,-1.0,-1.0,-0.8,-1.0,1.0
814,4,-1.0,-1.0,-1.0,0.0,-1.0,-1.0,-1.0,0.1
815,4,-1.0,-1.0,-1.0,1.0,-1.0,-1.0,-1.0,-0.8
816,3,-1.0,-1.0,0.0,0.1,-1.0,-1.0,-1.0,-1.0
817,3,-1.0,-1.0,1.0,-0.8,-1.0,-1.0,-1.0,-1.0
818,1,0.0,-1.0,0.1,-1.0,-1.0,-1.0,-1.0,-1.0
819,1,1.0,-1.0,-0.8,-1.0,-1.0,-1.0,-1.0,-1.0
820,4,0.1,-1.0,-1.0,0.0,-1.0,-1.0,-1.0,-1.0
821,4,-0.8,-1.0,-1.0,1.0,-1.0,-1.0,-1.0,-1.0
822,3,-1.0,-1.0,0.0,0.1,-1.0,-1.0,-1.0,-1.0
823,3,-1.0,-1.0,1.0,-0.8,-1.0,-1.0,-1.0,-1.0
824,8,-1.0,-1.0,0.1,-1.0,-1.0,-1.0,-1.0,0.0
825,8,-1.0,-1.0,-0.8,-1.0,-1.0,-1.0,-1.0,1.0
826,6,-1.0,-1.0,-1.0,-1.0,-1.0,0.0,-1.0,0.1
827,6,-1.0,-1.0,-1.0,-1.0,-1.0,1.0,-1.0,-0.8
828,5,-1.0,-1.0,-1.0,-1.0,0.0,0.1,-1.0,-1.0
829,5,-1.0,-1.0,-1.0,-1.0,1.0,-0.8,-1.0,-1.0
830,2,-1.0,0.0,-1.0,-1.0,0.1,-1.0,-1.0,-1.0
831,2,-1.0,1.0,-1.0,-1.0,-0.8,-1.0,-1.0,-1.0
832,4,-1.0,0.1,-1.0,0.0,-1.0,-1.0,-1.0,-1.0
833,4,-1.0,-0.8,-1.0,1.0,-1.0,-1.0,-1.0,-1.0
834,5,-1.0,-1.0,-1.0,0.1,0.0,-1.0,-1.0,-1.0
835,5,-1.0,-1.0,-1.0,-0.8,1.0,-1.0,-1.0,-1.0
836,6,-1.0,-1.0,-1.0,-1.0,0.1,0.0,-1.0,-1.0
837,6,-1.0,-1.0,-1.0,-1.0,-0.8,1.0,-1.0,-1.0
838,8,-1.0,-1.0,-1.0,-1.0,-1.0,0.1,-1.0,0.0
839,8,-1.0,-1.0,-1.0,-1.0,-1.0,-0.8,-1.0,1.0
840,4,-1.0,-1.0,-1.0,0.0,-1.0,-1.0,-1.0,0.1
841,4,-1.0,-1.0,-1.0,1.0,-1.0,-1.0,-1.0,-0.8
842,6,-1.0,-1.0,-1.0,0.1,-1.0,0.0,-1.0,-1.0
843,6,-1.0,-1.0,-1.0,-0.8,-1.0,1.0,-1.0,-1.0
844,2,-1.0,0.0,-1.0,-1.0,-1.0,0.1,-1.0,-1.0
845,2,-1.0,1.0,-1.0,-1.0,-1.0,-0.8,-1.0,-1.0
846,4,-1.0,0.1,-1.0,0.0,-1.0,-1.0,-1.0,-1.0
847,4,-1.0,-0.8,-1.0,1.0,-1.0,-1.0,-1.0,-1.0
848,3,-1.0,-1.0,0.0,0.1,-1.0,-1.0,-1.0,-1.0
849,3,-1.0,-1.0,1.0,-0.8,-1.0,-1.0,-1.0,-1.0
850,1,0.0,-1.0,0.1,-1.0,-1.0,-1.0,-1.0,-1.0
851,1,1.0,-1.0,-0.8,-1.0,-1.0,-1.0,-1.0,-1.0
852,4,0.1,-1.0,-1.0,0.0,-1.0,-1.0,-1.0,-1.0
853,4,-0.8,-1.0,-1.0,1.0,-1.0,-1.0,-1.0,-1.0
854,2,-1.0,0.0,-1.0,0.1,-1.0,-1.0,-1.0,-1.0
855,2,-1.0,1.0,-1.0,-0.8,-1.0,-1.0,-1.0,-1.0
856,6,-1.0,0.1,-1.0,-1.0,-1.0,0.0,-1.0,-1.0
857,6,-1.0,-0.8,-1.0,-1.0,-1.0,1.0,-1.0,-1.0
858,5,-1.0,-1.0,-1.0,-1.0,0.0,0.1,-1.0,-1.0
859,5,-1.0,-1.0,-1.0,-1.0,1.0,-0.8,-1.0,-1.0
860,7,-1.0,-1.0,-1.0,-1.0,0.1,-1.0,0.0,-1.0
861,7,-1.0,-1.0,-1.0,-1.0,-0.8,-1.0,1.0,-1.0
862,2,-1.0,0.0,-1.0,-1.0,-1.0,-1.0,0.1,-1.0
863,2,-1.0,1.0,-1.0,-1.0,-1.0,-1.0,-0.8,-1.0
864,3,-1.0,0.1,0.0,-1.0,-1.0,-1.0,-1.0,-1.0
865,3,-1.0,-0.8,1.0,-1.0,-1.0,-1.0,-1.0,-1.0
866,1,0.0,-1.0,0.1,-1.0,-1.0,-1.0,-1.0,-1.0
867,1,1.0,-1.0,-0.8,-1.0,-1.0,-1.0,-1.0,-1.0
868,6,0.1,-1.0,-1.0,-1.0,-1.0,0.0,-1.0,-1.0
869,6,-0.8,-1.0,-1.0,-1.0,-1.0,1.0,-1.0,-1.0
870,2,-1.0,0.0,-1.0,-1.0,-1.0,0.1,-1.0,-1.0
871,2,-1.0,1.0,-1.0,-1.0,-1.0,-0.8,-1.0,-1.0
872,5,-1.0,0.1,-1.0,-1.0,0.0,-1.0,-1.0,-1.0
873,5,-1.0,-0.8,-1.0,-1.0,1.0,-1.0,-1.0,-1.0
874,1,0.0,-1.0,-1.0,-1.0,0.1,-1.0,-1.0,-1.0
875,1,1.0,-1.0,-1.0,-1.0,-0.8,-1.0,-1.0,-1.0
876,6,0.1,-1.0,-1.0,-1.0,-1.0,0.0,-1.0,-1.0
877,6,-0.8,-1.0,-1.0,-1.0,-1.0,1.0,-1.0,-1.0
878,2,-1.0,0.0,-1.0,-1.0,-1.0,0.1,-1.0,-1.0
879,2,-1.0,1.0,-1.0,-1.0,-1.0,-0.8,-1.0,-1.0
880,5,-1.0,0.1,-1.0,-1.0,0.0,-1.0,-1.0,-1.0
881,5,-1.0,-0.8,-1.0,-1.0,1.0,-1.0,-1.0,-1.0
882,8,-1.0,-1.0,-1.0,-1.0,0.1,-1.0,-1.0,0.0
883,8,-1.0,-1.0,-1.0,-1.0,-0.8,-1.0,-1.0,1.0
884,1,0.0,-1.0,-1.0,-1.0,-1.0,-1.0,-1.0,0.1
885,1,1.0,-1.0,-1.0,-1.0,-1.0,-1.0,-1.0,-0.8
886,3,0.1,-1.0,0.0,-1.0,-1.0,-1.0,-1.0,-1.0
887,3,-0.8,-1.0,1.0,-1.0,-1.0,-1.0,-1.0,-1.0
888,7,-1.0,-1.0,0.1,-1.0,-1.0,-1.0,0.0,-1.0
889,7,-1.0,-1.0,-0.8,-1.0,-1.0,-1.0,1.0,-1.0
890,8,-1.0,-1.0,-1.0,-1.0,-1.0,-1.0,0.1,0.0
891,8,-1.0,-1.0,-1.0,-1.0,-1.0,-1.0,-0.8,1.0
892,6,-1.0,-1.0,-1.0,-1.0,-1.0,0.0,-1.0,0.1
893,6,-1.0,-1.0,-1.0,-1.0,-1.0,1.0,-1.0,-0.8
894,1,0.0,-1.0,-1.0,-1.0,-1.0,0.1,-1.0,-1.0
895,1,1.0,-1.0,-1.0,-1.0,-1.0,-0.8,-1.0,-1.0
896,7,0.1,-1.0,-1.0,-1.0,-1.0,-1.0,0.0,-1.0
897,7,-0.8,-1.0,-1.0,-1.0,-1.0,-1.0,1.0,-1.0
898,3,-1.0,-1.0,0.0,-1.0,-1.0,-1.0,0.1,-1.0
899,3,-1.0,-1.0,1.0,-1.0,-1.0,-1.0,-0.8,-1.0
900,8,-1.0,-1.0,0.1,-1.0,-1.0,-1.0,-1.0,0.0
901,8,-1.0,-1.0,-0.8,-1.0,-1.0,-1.0,-1.0,1.0
902,2,-1.0,0.0,-1.0,-1.0,-1.0,-1.0,-1.0,0.1
903,2,-1.0,1.0,-1.0,-1.0,-1.0,-1.0,-1.0,-0.8
904,5,-1.0,0.1,-1.0,-1.0,0.0,-1.0,-1.0,-1.0
905,5,-1.0,-0.8,-1.0,-1.0,1.0,-1.0,-1.0,-1.0
906,7,-1.0,-1.0,-1.0,-1.0,0.1,-1.0,0.0,-1.0
907,7,-1.0,-1.0,-1.0,-1.0,-0.8,-1.0,1.0,-1.0
908,3,-1.0,-1.0,0.0,-1.0,-1.0,-1.0,0.1,-1.0
909,3,-1.0,-1.0,1.0,-1.0,-1.0,-1.0,-0.8,-1.0
910,5,-1.0,-1.0,0.1,-1.0,0.0,-1.0,-1.0,-1.0
911,5,-1.0,-1.0,-0.8,-1.0,1.0,-1.0,-1.0,-1.0
912,7,-1.0,-1.0,-1.0,-1.0,0.1,-1.0,0.0,-1.0
913,7,-1.0,-1.0,-1.0,-1.0,-0.8,-1.0,1.0,-1.0
914,1,0.0,-1.0,-1.0,-1.0,-1.0,-1.0,0.1,-1.0
915,1,1.0,-1.0,-1.0,-1.0,-1.0,-1.0,-0.8,-1.0
916,2,0.1,0.0,-1.0,-1.0,-1.0,-1.0,-1.0,-1.0
917,2,-0.8,1.0,-1.0,-1.0,-1.0,-1.0,-1.0,-1.0
918,4,-1.0,0.1,-1.0,0.0,-1.0,-1.0,-1.0,-1.0
919,4,-1.0,-0.8,-1.0,1.0,-1.0,-1.0,-1.0,-1.0
920,8,-1.0,-1.0,-1.0,0.1,-1.0,-1.0,-1.0,0.0
921,8,-1.0,-1.0,-1.0,-0.8,-1.0,-1.0,-1.0,1.0
922,3,-1.0,-1.0,0.0,-1.0,-1.0,-1.0,-1.0,0.1
923,3,-1.0,-1.0,1.0,-1.0,-1.0,-1.0,-1.0,-0.8
924,1,0.0,-1.0,0.1,-1.0,-1.0,-1.0,-1.0,-1.0
925,1,1.0,-1.0,-0.8,-1.0,-1.0,-1.0,-1.0,-1.0
926,7,0.1,-1.0,-1.0,-1.0,-1.0,-1.0,0.0,-1.0
927,7,-0.8,-1.0,-1.0,-1.0,-1.0,-1.0,1.0,-1.0
928,8,-1.0,-1.0,-1.0,-1.0,-1.0,-1.0,0.1,0.0
929,8,-1.0,-1.0,-1.0,-1.0,-1.0,-1.0,-0.8,1.0
930,6,-1.0,-1.0,-1.0,-1.0,-1.0,0.0,-1.0,0.1
931,6,-1.0,-1.0,-1.0,-1.0,-1.0,1.0,-1.0,-0.8
932,5,-1.0,-1.0,-1.0,-1.0,0.0,0.1,-1.0,-1.0
933,5,-1.0,-1.0,-1.0,-1.0,1.0,-0.8,-1.0,-1.0
934,8,-1.0,-1.0,-1.0,-1.0,0.1,-1.0,-1.0,0.0
935,8,-1.0,-1.0,-1.0,-1.0,-0.8,-1.0,-1.0,1.0
936,1,0.0,-1.0,-1.0,-1.0,-1.0,-1.0,-1.0,0.1
937,1,1.0,-1.0,-1.0,-1.0,-1.0,-1.0,-1.0,-0.8
938,6,0.1,-1.0,-1.0,-1.0,-1.0,0.0,-1.0,-1.0
939,6,-0.8,-1.0,-1.0,-1.0,-1.0,1.0,-1.0,-1.0
940,7,-1.0,-1.0,-1.0,-1.0,-1.0,0.1,0.0,-1.0
941,7,-1.0,-1.0,-1.0,-1.0,-1.0,-0.8,1.0,-1.0
942,2,-1.0,0.0,-1.0,-1.0,-1.0,-1.0,0.1,-1.0
943,2,-1.0,1.0,-1.0,-1.0,-1.0,-1.0,-0.8,-1.0
944,4,-1.0,0.1,-1.0,0.0,-1.0,-1.0,-1.0,-1.0
945,4,-1.0,-0.8,-1.0,1.0,-1.0,-1.0,-1.0,-1.0
946,3,-1.0,-1.0,0.0,0.1,-1.0,-1.0,-1.0,-1.0
947,3,-1.0,-1.0,1.0,-0.8,-1.0,-1.0,-1.0,-1.0
948,5,-1.0,-1.0,0.1,-1.0,0.0,-1.0,-1.0,-1.0
949,5,-1.0,-1.0,-0.8,-1.0,1.0,-1.0,-1.0,-1.0
950,7,-1.0,-1.0,-1.0,-1.0,0.1,-1.0,0.0,-1.0
951,7,-1.0,-1.0,-1.0,-1.0,-0.8,-1.0,1.0,-1.0
952,8,-1.0,-1.0,-1.0,-1.0,-1.0,-1.0,0.1,0.0
953,8,-1.0,-1.0,-1.0,-1.0,-1.0,-1.0,-0.8,1.0
954,3,-1.0,-1.0,0.0,-1.0,-1.0,-1.0,-1.0,0.1
955,3,-1.0,-1.0,1.0,-1.0,-1.0,-1.0,-1.0,-0.8
956,6,-1.0,-1.0,0.1,-1.0,-1.0,0.0,-1.0,-1.0
957,6,-1.0,-1.0,-0.8,-1.0,-1.0,1.0,-1.0,-1.0
958,7,-1.0,-1.0,-1.0,-1.0,-1.0,0.1,0.0,-1.0
959,7,-1.0,-1.0,-1.0,-1.0,-1.0,-0.8,1.0,-1.0
960,2,-1.0,0.0,-1.0,-1.0,-1.0,-1.0,0.1,-1.0
961,2,-1.0,1.0,-1.0,-1.0,-1.0,-1.0,-0.8,-1.0
962,3,-1.0,0.1,0.0,-1.0,-1.0,-1.0,-1.0,-1.0
963,3,-1.0,-0.8,1.0,-1.0,-1.0,-1.0,-1.0,-1.0
964,8,-1.0,-1.0,0.1,-1.0,-1.0,-1.0,-1.0,0.0
965,8,-1.0,-1.0,-0.8,-1.0,-1.0,-1.0,-1.0,1.0
966,5,-1.0,-1.0,-1.0,-1.0,0.0,-1.0,-1.0,0.1
967,5,-1.0,-1.0,-1.0,-1.0,1.0,-1.0,-1.0,-0.8
968,1,0.0,-1.0,-1.0,-1.0,0.1,-1.0,-1.0,-1.0
969,1,1.0,-1.0,-1.0,-1.0,-0.8,-1.0,-1.0,-1.0
970,6,0.1,-1.0,-1.0,-1.0,-1.0,0.0,-1.0,-1.0
971,6,-0.8,-1.0,-1.0,-1.0,-1.0,1.0,-1.0,-1.0
972,5,-1.0,-1.0,-1.0,-1.0,0.0,0.1,-1.0,-1.0
973,5,-1.0,-1.0,-1.0,-1.0,1.0,-0.8,-1.0,-1.0
974,8,-1.0,-1.0,-1.0,-1.0,0.1,-1.0,-1.0,0.0
975,8,-1.0,-1.0,-1.0,-1.0,-0.8,-1.0,-1.0,1.0
976,3,-1.0,-1.0,0.0,-1.0,-1.0,-1.0,-1.0,0.1
977,3,-1.0,-1.0,1.0,-1.0,-1.0,-1.0,-1.0,-0.8
978,7,-1.0,-1.0,0.1,-1.0,-1.0,-1.0,0.0,-1.0
979,7,-1.0,-1.0,-0.8,-1.0,-1.0,-1.0,1.0,-1.0
980,8,-1.0,-1.0,-1.0,-1.0,-1.0,-1.0,0.1,0.0
981,8,-1.0,-1.0,-1.0,-1.0,-1.0,-1.0,-0.8,1.0
982,5,-1.0,-1.0,-1.0,-1.0,0.0,-1.0,-1.0,0.1
983,5,-1.0,-1.0,-1.0,-1.0,1.0,-1.0,-1.0,-0.8
984,6,-1.0,-1.0,-1.0,-1.0,0.1,0.0,-1.0,-1.0
985,6,-1.0,-1.0,-1.0,-1.0,-0.8,1.0,-1.0,-1.0
986,7,-1.0,-1.0,-1.0,-1.0,-1.0,0.1,0.0,-1.0
987,7,-1.0,-1.0,-1.0,-1.0,-1.0,-0.8,1.0,-1.0
988,1,0.0,-1.0,-1.0,-1.0,-1.0,-1.0,0.1,-1.0
989,1,1.0,-1.0,-1.0,-1.0,-1.0,-1.0,-0.8,-1.0
990,4,0.1,-1.0,-1.0,0.0,-1.0,-1.0,-1.0,-1.0
991,4,-0.8,-1.0,-1.0,1.0,-1.0,-1.0,-1.0,-1.0
992,5,-1.0,-1.0,-1.0,0.1,0.0,-1.0,-1.0,-1.0
993,5,-1.0,-1.0,-1.0,-0.8,1.0,-1.0,-1.0,-1.0
994,7,-1.0,-1.0,-1.0,-1.0,0.1,-1.0,0.0,-1.0
995,7,-1.0,-1.0,-1.0,-1.0,-0.8,-1.0,1.0,-1.0
996,4,-1.0,-1.0,-1.0,0.0,-1.0,-1.0,0.1,-1.0
997,4,-1.0,-1.0,-1.0,1.0,-1.0,-1.0,-0.8,-1.0
998,1,0.0,-1.0,-1.0,0.1,-1.0,-1.0,-1.0,-1.0
999,1,1.0,-1.0,-1.0,-0.8,-1.0,-1.0,-1.0,-1.0
