step,active_motive,motive_1,motive_2,motive_3,motive_4,motive_5,motive_6,motive_7,motive_8
0,,0.12589,0.24862,0.15044,0.14242,0.01844,0.30478,0.25134,0.02574
1,,0.11589,0.23862,0.14044,0.13242,0.00844,0.29478,0.24134,0.01574
2,,0.10589,0.22862,0.13044,0.12242,-0.00156,0.28478,0.23134,0.00574
3,5,0.19589,0.37762,0.42044,0.55342,0.99844,0.71578,0.52134,0.15474
4,5,0.28589,0.52662,0.71044,0.98442,1.0,1.0,0.81134,0.30374
5,,0.27589,0.51662,0.70044,0.97442,0.99,0.99,0.80134,0.29374
6,,0.26589,0.50662,0.69044,0.96442,0.98,0.98,0.79134,0.28374
7,,0.25589,0.49662,0.68044,0.95442,0.97,0.97,0.78134,0.27374
8,,0.24589,0.48662,0.67044,0.94442,0.96,0.96,0.77134,0.26374
9,,0.23589,0.47662,0.66044,0.93442,0.95,0.95,0.76134,0.25374
10,,0.22589,0.46662,0.65044,0.92442,0.94,0.94,0.75134,0.24374
11,,0.21589,0.45662,0.64044,0.91442,0.93,0.93,0.74134,0.23374
12,,0.20589,0.44662,0.63044,0.90442,0.92,0.92,0.73134,0.22374
13,,0.19589,0.43662,0.62044,0.89442,0.91,0.91,0.72134,0.21374
14,,0.18589,0.42662,0.61044,0.88442,0.9,0.9,0.71134,0.20374
15,,0.17589,0.41662,0.60044,0.87442,0.89,0.89,0.70134,0.19374
16,,0.16589,0.40662,0.59044,0.86442,0.88,0.88,0.69134,0.18374
17,,0.15589,0.39662,0.58044,0.85442,0.87,0.87,0.68134,0.17374
18,,0.14589,0.38662,0.57044,0.84442,0.86,0.86,0.67134,0.16374
19,,0.13589,0.37662,0.56044,0.83442,0.85,0.85,0.66134,0.15374
20,,0.12589,0.36662,0.55044,0.82442,0.84,0.84,0.65134,0.14374
21,,0.11589,0.35662,0.54044,0.81442,0.83,0.83,0.64134,0.13374
22,,0.10589,0.34662,0.53044,0.80442,0.82,0.82,0.63134,0.12374
23,,0.09589,0.33662,0.52044,0.79442,0.81,0.81,0.62134,0.11374
24,,0.08589,0.32662,0.51044,0.78442,0.8,0.8,0.61134,0.10374
25,,0.07589,0.31662,0.50044,0.77442,0.79,0.79,0.60134,0.09374
26,,0.06589,0.30662,0.49044,0.76442,0.78,0.78,0.59134,0.08374
27,,0.05589,0.29662,0.48044,0.75442,0.77,0.77,0.58134,0.07374
28,,0.04589,0.28662,0.47044,0.74442,0.76,0.76,0.57134,0.06374
29,,0.03589,0.27662,0.46044,0.73442,0.75,0.75,0.56134,0.05374
30,,0.02589,0.26662,0.45044,0.72442,0.74,0.74,0.55134,0.04374
31,,0.01589,0.25662,0.44044,0.71442,0.73,0.73,0.54134,0.03374
32,,0.00589,0.24662,0.43044,0.70442,0.72,0.72,0.53134,0.02374
33,,-0.00411,0.23662,0.42044,0.69442,0.71,0.71,0.52134,0.01374
34,1,0.99589,0.66762,0.71044,0.84342,0.8,0.859,0.81134,0.44474
35,1,1.0,1.0,1.0,0.99242,0.89,1.0,1.0,0.87574
36,,0.99,0.99,0.99,0.98242,0.88,0.99,0.99,0.86574
37,,0.98,0.98,0.98,0.97242,0.87,0.98,0.98,0.85574
38,,0.97,0.97,0.97,0.96242,0.86,0.97,0.97,0.84574
39,,0.96,0.96,0.96,0.95242,0.85,0.96,0.96,0.83574
40,,0.95,0.95,0.95,0.94242,0.84,0.95,0.95,0.82574
41,,0.94,0.94,0.94,0.93242,0.83,0.94,0.94,0.81574
42,,0.93,0.93,0.93,0.92242,0.82,0.93,0.93,0.80574
43,,0.92,0.92,0.92,0.91242,0.81,0.92,0.92,0.79574
44,,0.91,0.91,0.91,0.90242,0.8,0.91,0.91,0.78574
45,,0.9,0.9,0.9,0.89242,0.79,0.9,0.9,0.77574
46,,0.89,0.89,0.89,0.88242,0.78,0.89,0.89,0.76574
47,,0.88,0.88,0.88,0.87242,0.77,0.88,0.88,0.75574
48,,0.87,0.87,0.87,0.86242,0.76,0.87,0.87,0.74574
49,,0.86,0.86,0.86,0.85242,0.75,0.86,0.86,0.73574
50,,0.85,0.85,0.85,0.84242,0.74,0.85,0.85,0.72574
51,,0.84,0.84,0.84,0.83242,0.73,0.84,0.84,0.71574
52,,0.83,0.83,0.83,0.82242,0.72,0.83,0.83,0.70574
53,,0.82,0.82,0.82,0.81242,0.71,0.82,0.82,0.69574
54,,0.81,0.81,0.81,0.80242,0.7,0.81,0.81,0.68574
55,,0.8,0.8,0.8,0.79242,0.69,0.8,0.8,0.67574
56,,0.79,0.79,0.79,0.78242,0.68,0.79,0.79,0.66574
57,,0.78,0.78,0.78,0.77242,0.67,0.78,0.78,0.65574
58,,0.77,0.77,0.77,0.76242,0.66,0.77,0.77,0.64574
59,,0.76,0.76,0.76,0.75242,0.65,0.76,0.76,0.63574
60,,0.75,0.75,0.75,0.74242,0.64,0.75,0.75,0.62574
61,,0.74,0.74,0.74,0.73242,0.63,0.74,0.74,0.61574
62,,0.73,0.73,0.73,0.72242,0.62,0.73,0.73,0.60574
63,,0.72,0.72,0.72,0.71242,0.61,0.72,0.72,0.59574
64,,0.71,0.71,0.71,0.70242,0.6,0.71,0.71,0.58574
65,,0.7,0.7,0.7,0.69242,0.59,0.7,0.7,0.57574
66,,0.69,0.69,0.69,0.68242,0.58,0.69,0.69,0.56574
67,,0.68,0.68,0.68,0.67242,0.57,0.68,0.68,0.55574
68,,0.67,0.67,0.67,0.66242,0.56,0.67,0.67,0.54574
69,,0.66,0.66,0.66,0.65242,0.55,0.66,0.66,0.53574
70,,0.65,0.65,0.65,0.64242,0.54,0.65,0.65,0.52574
71,,0.64,0.64,0.64,0.63242,0.53,0.64,0.64,0.51574
72,,0.63,0.63,0.63,0.62242,0.52,0.63,0.63,0.50574
73,,0.62,0.62,0.62,0.61242,0.51,0.62,0.62,0.49574
74,,0.61,0.61,0.61,0.60242,0.5,0.61,0.61,0.48574
75,,0.6,0.6,0.6,0.59242,0.49,0.6,0.6,0.47574
76,,0.59,0.59,0.59,0.58242,0.48,0.59,0.59,0.46574
77,,0.58,0.58,0.58,0.57242,0.47,0.58,0.58,0.45574
78,,0.57,0.57,0.57,0.56242,0.46,0.57,0.57,0.44574
79,,0.56,0.56,0.56,0.55242,0.45,0.56,0.56,0.43574
80,,0.55,0.55,0.55,0.54242,0.44,0.55,0.55,0.42574
81,,0.54,0.54,0.54,0.53242,0.43,0.54,0.54,0.41574
82,,0.53,0.53,0.53,0.52242,0.42,0.53,0.53,0.40574
83,,0.52,0.52,0.52,0.51242,0.41,0.52,0.52,0.39574
84,,0.51,0.51,0.51,0.50242,0.4,0.51,0.51,0.38574
85,,0.5,0.5,0.5,0.49242,0.39,0.5,0.5,0.37574
86,,0.49,0.49,0.49,0.48242,0.38,0.49,0.49,0.36574
87,,0.48,0.48,0.48,0.47242,0.37,0.48,0.48,0.35574
88,,0.47,0.47,0.47,0.46242,0.36,0.47,0.47,0.34574
89,,0.46,0.46,0.46,0.45242,0.35,0.46,0.46,0.33574
90,,0.45,0.45,0.45,0.44242,0.34,0.45,0.45,0.32574
91,,0.44,0.44,0.44,0.43242,0.33,0.44,0.44,0.31574
92,,0.43,0.43,0.43,0.42242,0.32,0.43,0.43,0.30574
93,,0.42,0.42,0.42,0.41242,0.31,0.42,0.42,0.29574
94,,0.41,0.41,0.41,0.40242,0.3,0.41,0.41,0.28574
95,,0.4,0.4,0.4,0.39242,0.29,0.4,0.4,0.27574
96,,0.39,0.39,0.39,0.38242,0.28,0.39,0.39,0.26574
97,,0.38,0.38,0.38,0.37242,0.27,0.38,0.38,0.25574
98,,0.37,0.37,0.37,0.36242,0.26,0.37,0.37,0.24574
99,,0.36,0.36,0.36,0.35242,0.25,0.36,0.36,0.23574
100,,0.35,0.35,0.35,0.34242,0.24,0.35,0.35,0.22574
101,,0.34,0.34,0.34,0.33242,0.23,0.34,0.34,0.21574
102,,0.33,0.33,0.33,0.32242,0.22,0.33,0.33,0.20574
103,,0.32,0.32,0.32,0.31242,0.21,0.32,0.32,0.19574
104,,0.31,0.31,0.31,0.30242,0.2,0.31,0.31,0.18574
105,,0.3,0.3,0.3,0.29242,0.19,0.3,0.3,0.17574
106,,0.29,0.29,0.29,0.28242,0.18,0.29,0.29,0.16574
107,,0.28,0.28,0.28,0.27242,0.17,0.28,0.28,0.15574
108,,0.27,0.27,0.27,0.26242,0.16,0.27,0.27,0.14574
109,,0.26,0.26,0.26,0.25242,0.15,0.26,0.26,0.13574
110,,0.25,0.25,0.25,0.24242,0.14,0.25,0.25,0.12574
111,,0.24,0.24,0.24,0.23242,0.13,0.24,0.24,0.11574
112,,0.23,0.23,0.23,0.22242,0.12,0.23,0.23,0.10574
113,,0.22,0.22,0.22,0.21242,0.11,0.22,0.22,0.09574
114,,0.21,0.21,0.21,0.20242,0.1,0.21,0.21,0.08574
115,,0.2,0.2,0.2,0.19242,0.09,0.2,0.2,0.07574
116,,0.19,0.19,0.19,0.18242,0.08,0.19,0.19,0.06574
117,,0.18,0.18,0.18,0.17242,0.07,0.18,0.18,0.05574
118,,0.17,0.17,0.17,0.16242,0.06,0.17,0.17,0.04574
119,,0.16,0.16,0.16,0.15242,0.05,0.16,0.16,0.03574
120,,0.15,0.15,0.15,0.14242,0.04,0.15,0.15,0.02574
121,,0.14,0.14,0.14,0.13242,0.03,0.14,0.14,0.01574
122,,0.13,0.13,0.13,0.12242,0.02,0.13,0.13,0.00574
123,,0.12,0.12,0.12,0.11242,0.01,0.12,0.12,-0.00426
124,8,0.551,0.41,0.269,0.20242,0.159,0.41,0.551,0.99574
125,8,0.982,0.7,0.418,0.29242,0.308,0.7,0.982,1.0
126,,0.972,0.69,0.408,0.28242,0.298,0.69,0.972,0.99
127,,0.962,0.68,0.398,0.27242,0.288,0.68,0.962,0.98
128,,0.952,0.67,0.388,0.26242,0.278,0.67,0.952,0.97
129,,0.942,0.66,0.378,0.25242,0.268,0.66,0.942,0.96
130,,0.932,0.65,0.368,0.24242,0.258,0.65,0.932,0.95
131,,0.922,0.64,0.358,0.23242,0.248,0.64,0.922,0.94
132,,0.912,0.63,0.348,0.22242,0.238,0.63,0.912,0.93
133,,0.902,0.62,0.338,0.21242,0.228,0.62,0.902,0.92
134,,0.892,0.61,0.328,0.20242,0.218,0.61,0.892,0.91
135,,0.882,0.6,0.318,0.19242,0.208,0.6,0.882,0.9
136,,0.872,0.59,0.308,0.18242,0.198,0.59,0.872,0.89
137,,0.862,0.58,0.298,0.17242,0.188,0.58,0.862,0.88
138,,0.852,0.57,0.288,0.16242,0.178,0.57,0.852,0.87
139,,0.842,0.56,0.278,0.15242,0.168,0.56,0.842,0.86
140,,0.832,0.55,0.268,0.14242,0.158,0.55,0.832,0.85
141,,0.822,0.54,0.258,0.13242,0.148,0.54,0.822,0.84
142,,0.812,0.53,0.248,0.12242,0.138,0.53,0.812,0.83
143,,0.802,0.52,0.238,0.11242,0.128,0.52,0.802,0.82
144,,0.792,0.51,0.228,0.10242,0.118,0.51,0.792,0.81
145,,0.782,0.5,0.218,0.09242,0.108,0.5,0.782,0.8
146,,0.772,0.49,0.208,0.08242,0.098,0.49,0.772,0.79
147,,0.762,0.48,0.198,0.07242,0.088,0.48,0.762,0.78
148,,0.752,0.47,0.188,0.06242,0.078,0.47,0.752,0.77
149,,0.742,0.46,0.178,0.05242,0.068,0.46,0.742,0.76
150,,0.732,0.45,0.168,0.04242,0.058,0.45,0.732,0.75
151,,0.722,0.44,0.158,0.03242,0.048,0.44,0.722,0.74
152,,0.712,0.43,0.148,0.02242,0.038,0.43,0.712,0.73
153,,0.702,0.42,0.138,0.01242,0.028,0.42,0.702,0.72
154,,0.692,0.41,0.128,0.00242,0.018,0.41,0.692,0.71
155,,0.682,0.4,0.118,-0.00758,0.008,0.4,0.682,0.7
156,4,0.831,0.69,0.549,0.99242,0.439,0.69,0.831,0.79
157,4,0.98,0.98,0.98,1.0,0.87,0.98,0.98,0.88
158,,0.97,0.97,0.97,0.99,0.86,0.97,0.97,0.87
159,,0.96,0.96,0.96,0.98,0.85,0.96,0.96,0.86
160,,0.95,0.95,0.95,0.97,0.84,0.95,0.95,0.85
161,,0.94,0.94,0.94,0.96,0.83,0.94,0.94,0.84
162,,0.93,0.93,0.93,0.95,0.82,0.93,0.93,0.83
163,,0.92,0.92,0.92,0.94,0.81,0.92,0.92,0.82
164,,0.91,0.91,0.91,0.93,0.8,0.91,0.91,0.81
165,,0.9,0.9,0.9,0.92,0.79,0.9,0.9,0.8
166,,0.89,0.89,0.89,0.91,0.78,0.89,0.89,0.79
167,,0.88,0.88,0.88,0.9,0.77,0.88,0.88,0.78
168,,0.87,0.87,0.87,0.89,0.76,0.87,0.87,0.77
169,,0.86,0.86,0.86,0.88,0.75,0.86,0.86,0.76
170,,0.85,0.85,0.85,0.87,0.74,0.85,0.85,0.75
171,,0.84,0.84,0.84,0.86,0.73,0.84,0.84,0.74
172,,0.83,0.83,0.83,0.85,0.72,0.83,0.83,0.73
173,,0.82,0.82,0.82,0.84,0.71,0.82,0.82,0.72
174,,0.81,0.81,0.81,0.83,0.7,0.81,0.81,0.71
175,,0.8,0.8,0.8,0.82,0.69,0.8,0.8,0.7
176,,0.79,0.79,0.79,0.81,0.68,0.79,0.79,0.69
177,,0.78,0.78,0.78,0.8,0.67,0.78,0.78,0.68
178,,0.77,0.77,0.77,0.79,0.66,0.77,0.77,0.67
179,,0.76,0.76,0.76,0.78,0.65,0.76,0.76,0.66
180,,0.75,0.75,0.75,0.77,0.64,0.75,0.75,0.65
181,,0.74,0.74,0.74,0.76,0.63,0.74,0.74,0.64
182,,0.73,0.73,0.73,0.75,0.62,0.73,0.73,0.63
183,,0.72,0.72,0.72,0.74,0.61,0.72,0.72,0.62
184,,0.71,0.71,0.71,0.73,0.6,0.71,0.71,0.61
185,,0.7,0.7,0.7,0.72,0.59,0.7,0.7,0.6
186,,0.69,0.69,0.69,0.71,0.58,0.69,0.69,0.59
187,,0.68,0.68,0.68,0.7,0.57,0.68,0.68,0.58
188,,0.67,0.67,0.67,0.69,0.56,0.67,0.67,0.57
189,,0.66,0.66,0.66,0.68,0.55,0.66,0.66,0.56
190,,0.65,0.65,0.65,0.67,0.54,0.65,0.65,0.55
191,,0.64,0.64,0.64,0.66,0.53,0.64,0.64,0.54
192,,0.63,0.63,0.63,0.65,0.52,0.63,0.63,0.53
193,,0.62,0.62,0.62,0.64,0.51,0.62,0.62,0.52
194,,0.61,0.61,0.61,0.63,0.5,0.61,0.61,0.51
195,,0.6,0.6,0.6,0.62,0.49,0.6,0.6,0.5
196,,0.59,0.59,0.59,0.61,0.48,0.59,0.59,0.49
197,,0.58,0.58,0.58,0.6,0.47,0.58,0.58,0.48
198,,0.57,0.57,0.57,0.59,0.46,0.57,0.57,0.47
199,,0.56,0.56,0.56,0.58,0.45,0.56,0.56,0.46
200,,0.55,0.55,0.55,0.57,0.44,0.55,0.55,0.45
201,,0.54,0.54,0.54,0.56,0.43,0.54,0.54,0.44
202,,0.53,0.53,0.53,0.55,0.42,0.53,0.53,0.43
203,,0.52,0.52,0.52,0.54,0.41,0.52,0.52,0.42
204,,0.51,0.51,0.51,0.53,0.4,0.51,0.51,0.41
205,,0.5,0.5,0.5,0.52,0.39,0.5,0.5,0.4
206,,0.49,0.49,0.49,0.51,0.38,0.49,0.49,0.39
207,,0.48,0.48,0.48,0.5,0.37,0.48,0.48,0.38
208,,0.47,0.47,0.47,0.49,0.36,0.47,0.47,0.37
209,,0.46,0.46,0.46,0.48,0.35,0.46,0.46,0.36
210,,0.45,0.45,0.45,0.47,0.34,0.45,0.45,0.35
211,,0.44,0.44,0.44,0.46,0.33,0.44,0.44,0.34
212,,0.43,0.43,0.43,0.45,0.32,0.43,0.43,0.33
213,,0.42,0.42,0.42,0.44,0.31,0.42,0.42,0.32
214,,0.41,0.41,0.41,0.43,0.3,0.41,0.41,0.31
215,,0.4,0.4,0.4,0.42,0.29,0.4,0.4,0.3
216,,0.39,0.39,0.39,0.41,0.28,0.39,0.39,0.29
217,,0.38,0.38,0.38,0.4,0.27,0.38,0.38,0.28
218,,0.37,0.37,0.37,0.39,0.26,0.37,0.37,0.27
219,,0.36,0.36,0.36,0.38,0.25,0.36,0.36,0.26
220,,0.35,0.35,0.35,0.37,0.24,0.35,0.35,0.25
221,,0.34,0.34,0.34,0.36,0.23,0.34,0.34,0.24
222,,0.33,0.33,0.33,0.35,0.22,0.33,0.33,0.23
223,,0.32,0.32,0.32,0.34,0.21,0.32,0.32,0.22
224,,0.31,0.31,0.31,0.33,0.2,0.31,0.31,0.21
225,,0.3,0.3,0.3,0.32,0.19,0.3,0.3,0.2
226,,0.29,0.29,0.29,0.31,0.18,0.29,0.29,0.19
227,,0.28,0.28,0.28,0.3,0.17,0.28,0.28,0.18
228,,0.27,0.27,0.27,0.29,0.16,0.27,0.27,0.17
229,,0.26,0.26,0.26,0.28,0.15,0.26,0.26,0.16
230,,0.25,0.25,0.25,0.27,0.14,0.25,0.25,0.15
231,,0.24,0.24,0.24,0.26,0.13,0.24,0.24,0.14
232,,0.23,0.23,0.23,0.25,0.12,0.23,0.23,0.13
233,,0.22,0.22,0.22,0.24,0.11,0.22,0.22,0.12
234,,0.21,0.21,0.21,0.23,0.1,0.21,0.21,0.11
235,,0.2,0.2,0.2,0.22,0.09,0.2,0.2,0.1
236,,0.19,0.19,0.19,0.21,0.08,0.19,0.19,0.09
237,,0.18,0.18,0.18,0.2,0.07,0.18,0.18,0.08
238,,0.17,0.17,0.17,0.19,0.06,0.17,0.17,0.07
239,,0.16,0.16,0.16,0.18,0.05,0.16,0.16,0.06
240,,0.15,0.15,0.15,0.17,0.04,0.15,0.15,0.05
241,,0.14,0.14,0.14,0.16,0.03,0.14,0.14,0.04
242,,0.13,0.13,0.13,0.15,0.02,0.13,0.13,0.03
243,,0.12,0.12,0.12,0.14,0.01,0.12,0.12,0.02
244,,0.11,0.11,0.11,0.13,0.0,0.11,0.11,0.01
245,,0.1,0.1,0.1,0.12,-0.01,0.1,0.1,0.0
246,5,0.19,0.249,0.39,0.551,0.99,0.531,0.39,0.149
247,5,0.28,0.398,0.68,0.982,1.0,0.962,0.68,0.298
248,,0.27,0.388,0.67,0.972,0.99,0.952,0.67,0.288
249,,0.26,0.378,0.66,0.962,0.98,0.942,0.66,0.278
250,,0.25,0.368,0.65,0.952,0.97,0.932,0.65,0.268
251,,0.24,0.358,0.64,0.942,0.96,0.922,0.64,0.258
252,,0.23,0.348,0.63,0.932,0.95,0.912,0.63,0.248
253,,0.22,0.338,0.62,0.922,0.94,0.902,0.62,0.238
254,,0.21,0.328,0.61,0.912,0.93,0.892,0.61,0.228
255,,0.2,0.318,0.6,0.902,0.92,0.882,0.6,0.218
256,,0.19,0.308,0.59,0.892,0.91,0.872,0.59,0.208
257,,0.18,0.298,0.58,0.882,0.9,0.862,0.58,0.198
258,,0.17,0.288,0.57,0.872,0.89,0.852,0.57,0.188
259,,0.16,0.278,0.56,0.862,0.88,0.842,0.56,0.178
260,,0.15,0.268,0.55,0.852,0.87,0.832,0.55,0.168
261,,0.14,0.258,0.54,0.842,0.86,0.822,0.54,0.158
262,,0.13,0.248,0.53,0.832,0.85,0.812,0.53,0.148
263,,0.12,0.238,0.52,0.822,0.84,0.802,0.52,0.138
264,,0.11,0.228,0.51,0.812,0.83,0.792,0.51,0.128
265,,0.1,0.218,0.5,0.802,0.82,0.782,0.5,0.118
266,,0.09,0.208,0.49,0.792,0.81,0.772,0.49,0.108
267,,0.08,0.198,0.48,0.782,0.8,0.762,0.48,0.098
268,,0.07,0.188,0.47,0.772,0.79,0.752,0.47,0.088
269,,0.06,0.178,0.46,0.762,0.78,0.742,0.46,0.078
270,,0.05,0.168,0.45,0.752,0.77,0.732,0.45,0.068
271,,0.04,0.158,0.44,0.742,0.76,0.722,0.44,0.058
272,,0.03,0.148,0.43,0.732,0.75,0.712,0.43,0.048
273,,0.02,0.138,0.42,0.722,0.74,0.702,0.42,0.038
274,,0.01,0.128,0.41,0.712,0.73,0.692,0.41,0.028
275,,0.0,0.118,0.4,0.702,0.72,0.682,0.4,0.018
276,,-0.01,0.108,0.39,0.692,0.71,0.672,0.39,0.008
277,1,0.99,0.539,0.68,0.841,0.8,0.821,0.68,0.439
278,1,1.0,0.97,0.97,0.99,0.89,0.97,0.97,0.87
279,,0.99,0.96,0.96,0.98,0.88,0.96,0.96,0.86
280,,0.98,0.95,0.95,0.97,0.87,0.95,0.95,0.85
281,,0.97,0.94,0.94,0.96,0.86,0.94,0.94,0.84
282,,0.96,0.93,0.93,0.95,0.85,0.93,0.93,0.83
283,,0.95,0.92,0.92,0.94,0.84,0.92,0.92,0.82
284,,0.94,0.91,0.91,0.93,0.83,0.91,0.91,0.81
285,,0.93,0.9,0.9,0.92,0.82,0.9,0.9,0.8
286,,0.92,0.89,0.89,0.91,0.81,0.89,0.89,0.79
287,,0.91,0.88,0.88,0.9,0.8,0.88,0.88,0.78
288,,0.9,0.87,0.87,0.89,0.79,0.87,0.87,0.77
289,,0.89,0.86,0.86,0.88,0.78,0.86,0.86,0.76
290,,0.88,0.85,0.85,0.87,0.77,0.85,0.85,0.75
291,,0.87,0.84,0.84,0.86,0.76,0.84,0.84,0.74
292,,0.86,0.83,0.83,0.85,0.75,0.83,0.83,0.73
293,,0.85,0.82,0.82,0.84,0.74,0.82,0.82,0.72
294,,0.84,0.81,0.81,0.83,0.73,0.81,0.81,0.71
295,,0.83,0.8,0.8,0.82,0.72,0.8,0.8,0.7
296,,0.82,0.79,0.79,0.81,0.71,0.79,0.79,0.69
297,,0.81,0.78,0.78,0.8,0.7,0.78,0.78,0.68
298,,0.8,0.77,0.77,0.79,0.69,0.77,0.77,0.67
299,,0.79,0.76,0.76,0.78,0.68,0.76,0.76,0.66
300,,0.78,0.75,0.75,0.77,0.67,0.75,0.75,0.65
301,,0.77,0.74,0.74,0.76,0.66,0.74,0.74,0.64
302,,0.76,0.73,0.73,0.75,0.65,0.73,0.73,0.63
303,,0.75,0.72,0.72,0.74,0.64,0.72,0.72,0.62
304,,0.74,0.71,0.71,0.73,0.63,0.71,0.71,0.61
305,,0.73,0.7,0.7,0.72,0.62,0.7,0.7,0.6
306,,0.72,0.69,0.69,0.71,0.61,0.69,0.69,0.59
307,,0.71,0.68,0.68,0.7,0.6,0.68,0.68,0.58
308,,0.7,0.67,0.67,0.69,0.59,0.67,0.67,0.57
309,,0.69,0.66,0.66,0.68,0.58,0.66,0.66,0.56
310,,0.68,0.65,0.65,0.67,0.57,0.65,0.65,0.55
311,,0.67,0.64,0.64,0.66,0.56,0.64,0.64,0.54
312,,0.66,0.63,0.63,0.65,0.55,0.63,0.63,0.53
313,,0.65,0.62,0.62,0.64,0.54,0.62,0.62,0.52
314,,0.64,0.61,0.61,0.63,0.53,0.61,0.61,0.51
315,,0.63,0.6,0.6,0.62,0.52,0.6,0.6,0.5
316,,0.62,0.59,0.59,0.61,0.51,0.59,0.59,0.49
317,,0.61,0.58,0.58,0.6,0.5,0.58,0.58,0.48
318,,0.6,0.57,0.57,0.59,0.49,0.57,0.57,0.47
319,,0.59,0.56,0.56,0.58,0.48,0.56,0.56,0.46
320,,0.58,0.55,0.55,0.57,0.47,0.55,0.55,0.45
321,,0.57,0.54,0.54,0.56,0.46,0.54,0.54,0.44
322,,0.56,0.53,0.53,0.55,0.45,0.53,0.53,0.43
323,,0.55,0.52,0.52,0.54,0.44,0.52,0.52,0.42
324,,0.54,0.51,0.51,0.53,0.43,0.51,0.51,0.41
325,,0.53,0.5,0.5,0.52,0.42,0.5,0.5,0.4
326,,0.52,0.49,0.49,0.51,0.41,0.49,0.49,0.39
327,,0.51,0.48,0.48,0.5,0.4,0.48,0.48,0.38
328,,0.5,0.47,0.47,0.49,0.39,0.47,0.47,0.37
329,,0.49,0.46,0.46,0.48,0.38,0.46,0.46,0.36
330,,0.48,0.45,0.45,0.47,0.37,0.45,0.45,0.35
331,,0.47,0.44,0.44,0.46,0.36,0.44,0.44,0.34
332,,0.46,0.43,0.43,0.45,0.35,0.43,0.43,0.33
333,,0.45,0.42,0.42,0.44,0.34,0.42,0.42,0.32
334,,0.44,0.41,0.41,0.43,0.33,0.41,0.41,0.31
335,,0.43,0.4,0.4,0.42,0.32,0.4,0.4,0.3
336,,0.42,0.39,0.39,0.41,0.31,0.39,0.39,0.29
337,,0.41,0.38,0.38,0.4,0.3,0.38,0.38,0.28
338,,0.4,0.37,0.37,0.39,0.29,0.37,0.37,0.27
339,,0.39,0.36,0.36,0.38,0.28,0.36,0.36,0.26
340,,0.38,0.35,0.35,0.37,0.27,0.35,0.35,0.25
341,,0.37,0.34,0.34,0.36,0.26,0.34,0.34,0.24
342,,0.36,0.33,0.33,0.35,0.25,0.33,0.33,0.23
343,,0.35,0.32,0.32,0.34,0.24,0.32,0.32,0.22
344,,0.34,0.31,0.31,0.33,0.23,0.31,0.31,0.21
345,,0.33,0.3,0.3,0.32,0.22,0.3,0.3,0.2
346,,0.32,0.29,0.29,0.31,0.21,0.29,0.29,0.19
347,,0.31,0.28,0.28,0.3,0.2,0.28,0.28,0.18
348,,0.3,0.27,0.27,0.29,0.19,0.27,0.27,0.17
349,,0.29,0.26,0.26,0.28,0.18,0.26,0.26,0.16
350,,0.28,0.25,0.25,0.27,0.17,0.25,0.25,0.15
351,,0.27,0.24,0.24,0.26,0.16,0.24,0.24,0.14
352,,0.26,0.23,0.23,0.25,0.15,0.23,0.23,0.13
353,,0.25,0.22,0.22,0.24,0.14,0.22,0.22,0.12
354,,0.24,0.21,0.21,0.23,0.13,0.21,0.21,0.11
355,,0.23,0.2,0.2,0.22,0.12,0.2,0.2,0.1
356,,0.22,0.19,0.19,0.21,0.11,0.19,0.19,0.09
357,,0.21,0.18,0.18,0.2,0.1,0.18,0.18,0.08
358,,0.2,0.17,0.17,0.19,0.09,0.17,0.17,0.07
359,,0.19,0.16,0.16,0.18,0.08,0.16,0.16,0.06
360,,0.18,0.15,0.15,0.17,0.07,0.15,0.15,0.05
361,,0.17,0.14,0.14,0.16,0.06,0.14,0.14,0.04
362,,0.16,0.13,0.13,0.15,0.05,0.13,0.13,0.03
363,,0.15,0.12,0.12,0.14,0.04,0.12,0.12,0.02
364,,0.14,0.11,0.11,0.13,0.03,0.11,0.11,0.01
365,,0.13,0.1,0.1,0.12,0.02,0.1,0.1,0.0
366,,0.12,0.09,0.09,0.11,0.01,0.09,0.09,-0.01
367,8,0.551,0.38,0.239,0.2,0.159,0.38,0.521,0.99
368,8,0.982,0.67,0.388,0.29,0.308,0.67,0.952,1.0
369,,0.972,0.66,0.378,0.28,0.298,0.66,0.942,0.99
370,,0.962,0.65,0.368,0.27,0.288,0.65,0.932,0.98
371,,0.952,0.64,0.358,0.26,0.278,0.64,0.922,0.97
372,,0.942,0.63,0.348,0.25,0.268,0.63,0.912,0.96
373,,0.932,0.62,0.338,0.24,0.258,0.62,0.902,0.95
374,,0.922,0.61,0.328,0.23,0.248,0.61,0.892,0.94
375,,0.912,0.6,0.318,0.22,0.238,0.6,0.882,0.93
376,,0.902,0.59,0.308,0.21,0.228,0.59,0.872,0.92
377,,0.892,0.58,0.298,0.2,0.218,0.58,0.862,0.91
378,,0.882,0.57,0.288,0.19,0.208,0.57,0.852,0.9
379,,0.872,0.56,0.278,0.18,0.198,0.56,0.842,0.89
380,,0.862,0.55,0.268,0.17,0.188,0.55,0.832,0.88
381,,0.852,0.54,0.258,0.16,0.178,0.54,0.822,0.87
382,,0.842,0.53,0.248,0.15,0.168,0.53,0.812,0.86
383,,0.832,0.52,0.238,0.14,0.158,0.52,0.802,0.85
384,,0.822,0.51,0.228,0.13,0.148,0.51,0.792,0.84
385,,0.812,0.5,0.218,0.12,0.138,0.5,0.782,0.83
386,,0.802,0.49,0.208,0.11,0.128,0.49,0.772,0.82
387,,0.792,0.48,0.198,0.1,0.118,0.48,0.762,0.81
388,,0.782,0.47,0.188,0.09,0.108,0.47,0.752,0.8
389,,0.772,0.46,0.178,0.08,0.098,0.46,0.742,0.79
390,,0.762,0.45,0.168,0.07,0.088,0.45,0.732,0.78
391,,0.752,0.44,0.158,0.06,0.078,0.44,0.722,0.77
392,,0.742,0.43,0.148,0.05,0.068,0.43,0.712,0.76
393,,0.732,0.42,0.138,0.04,0.058,0.42,0.702,0.75
394,,0.722,0.41,0.128,0.03,0.048,0.41,0.692,0.74
395,,0.712,0.4,0.118,0.02,0.038,0.4,0.682,0.73
396,,0.702,0.39,0.108,0.01,0.028,0.39,0.672,0.72
397,,0.692,0.38,0.098,0.0,0.018,0.38,0.662,0.71
398,,0.682,0.37,0.088,-0.01,0.008,0.37,0.652,0.7
399,4,0.831,0.66,0.519,0.99,0.439,0.66,0.801,0.79
400,4,0.98,0.95,0.95,1.0,0.87,0.95,0.95,0.88
401,,0.97,0.94,0.94,0.99,0.86,0.94,0.94,0.87
402,,0.96,0.93,0.93,0.98,0.85,0.93,0.93,0.86
403,,0.95,0.92,0.92,0.97,0.84,0.92,0.92,0.85
404,,0.94,0.91,0.91,0.96,0.83,0.91,0.91,0.84
405,,0.93,0.9,0.9,0.95,0.82,0.9,0.9,0.83
406,,0.92,0.89,0.89,0.94,0.81,0.89,0.89,0.82
407,,0.91,0.88,0.88,0.93,0.8,0.88,0.88,0.81
408,,0.9,0.87,0.87,0.92,0.79,0.87,0.87,0.8
409,,0.89,0.86,0.86,0.91,0.78,0.86,0.86,0.79
410,,0.88,0.85,0.85,0.9,0.77,0.85,0.85,0.78
411,,0.87,0.84,0.84,0.89,0.76,0.84,0.84,0.77
412,,0.86,0.83,0.83,0.88,0.75,0.83,0.83,0.76
413,,0.85,0.82,0.82,0.87,0.74,0.82,0.82,0.75
414,,0.84,0.81,0.81,0.86,0.73,0.81,0.81,0.74
415,,0.83,0.8,0.8,0.85,0.72,0.8,0.8,0.73
416,,0.82,0.79,0.79,0.84,0.71,0.79,0.79,0.72
417,,0.81,0.78,0.78,0.83,0.7,0.78,0.78,0.71
418,,0.8,0.77,0.77,0.82,0.69,0.77,0.77,0.7
419,,0.79,0.76,0.76,0.81,0.68,0.76,0.76,0.69
420,,0.78,0.75,0.75,0.8,0.67,0.75,0.75,0.68
421,,0.77,0.74,0.74,0.79,0.66,0.74,0.74,0.67
422,,0.76,0.73,0.73,0.78,0.65,0.73,0.73,0.66
423,,0.75,0.72,0.72,0.77,0.64,0.72,0.72,0.65
424,,0.74,0.71,0.71,0.76,0.63,0.71,0.71,0.64
425,,0.73,0.7,0.7,0.75,0.62,0.7,0.7,0.63
426,,0.72,0.69,0.69,0.74,0.61,0.69,0.69,0.62
427,,0.71,0.68,0.68,0.73,0.6,0.68,0.68,0.61
428,,0.7,0.67,0.67,0.72,0.59,0.67,0.67,0.6
429,,0.69,0.66,0.66,0.71,0.58,0.66,0.66,0.59
430,,0.68,0.65,0.65,0.7,0.57,0.65,0.65,0.58
431,,0.67,0.64,0.64,0.69,0.56,0.64,0.64,0.57
432,,0.66,0.63,0.63,0.68,0.55,0.63,0.63,0.56
433,,0.65,0.62,0.62,0.67,0.54,0.62,0.62,0.55
434,,0.64,0.61,0.61,0.66,0.53,0.61,0.61,0.54
435,,0.63,0.6,0.6,0.65,0.52,0.6,0.6,0.53
436,,0.62,0.59,0.59,0.64,0.51,0.59,0.59,0.52
437,,0.61,0.58,0.58,0.63,0.5,0.58,0.58,0.51
438,,0.6,0.57,0.57,0.62,0.49,0.57,0.57,0.5
439,,0.59,0.56,0.56,0.61,0.48,0.56,0.56,0.49
440,,0.58,0.55,0.55,0.6,0.47,0.55,0.55,0.48
441,,0.57,0.54,0.54,0.59,0.46,0.54,0.54,0.47
442,,0.56,0.53,0.53,0.58,0.45,0.53,0.53,0.46
443,,0.55,0.52,0.52,0.57,0.44,0.52,0.52,0.45
444,,0.54,0.51,0.51,0.56,0.43,0.51,0.51,0.44
445,,0.53,0.5,0.5,0.55,0.42,0.5,0.5,0.43
446,,0.52,0.49,0.49,0.54,0.41,0.49,0.49,0.42
447,,0.51,0.48,0.48,0.53,0.4,0.48,0.48,0.41
448,,0.5,0.47,0.47,0.52,0.39,0.47,0.47,0.4
449,,0.49,0.46,0.46,0.51,0.38,0.46,0.46,0.39
450,,0.48,0.45,0.45,0.5,0.37,0.45,0.45,0.38
451,,0.47,0.44,0.44,0.49,0.36,0.44,0.44,0.37
452,,0.46,0.43,0.43,0.48,0.35,0.43,0.43,0.36
453,,0.45,0.42,0.42,0.47,0.34,0.42,0.42,0.35
454,,0.44,0.41,0.41,0.46,0.33,0.41,0.41,0.34
455,,0.43,0.4,0.4,0.45,0.32,0.4,0.4,0.33
456,,0.42,0.39,0.39,0.44,0.31,0.39,0.39,0.32
457,,0.41,0.38,0.38,0.43,0.3,0.38,0.38,0.31
458,,0.4,0.37,0.37,0.42,0.29,0.37,0.37,0.3
459,,0.39,0.36,0.36,0.41,0.28,0.36,0.36,0.29
460,,0.38,0.35,0.35,0.4,0.27,0.35,0.35,0.28
461,,0.37,0.34,0.34,0.39,0.26,0.34,0.34,0.27
462,,0.36,0.33,0.33,0.38,0.25,0.33,0.33,0.26
463,,0.35,0.32,0.32,0.37,0.24,0.32,0.32,0.25
464,,0.34,0.31,0.31,0.36,0.23,0.31,0.31,0.24
465,,0.33,0.3,0.3,0.35,0.22,0.3,0.3,0.23
466,,0.32,0.29,0.29,0.34,0.21,0.29,0.29,0.22
467,,0.31,0.28,0.28,0.33,0.2,0.28,0.28,0.21
468,,0.3,0.27,0.27,0.32,0.19,0.27,0.27,0.2
469,,0.29,0.26,0.26,0.31,0.18,0.26,0.26,0.19
470,,0.28,0.25,0.25,0.3,0.17,0.25,0.25,0.18
471,,0.27,0.24,0.24,0.29,0.16,0.24,0.24,0.17
472,,0.26,0.23,0.23,0.28,0.15,0.23,0.23,0.16
473,,0.25,0.22,0.22,0.27,0.14,0.22,0.22,0.15
474,,0.24,0.21,0.21,0.26,0.13,0.21,0.21,0.14
475,,0.23,0.2,0.2,0.25,0.12,0.2,0.2,0.13
476,,0.22,0.19,0.19,0.24,0.11,0.19,0.19,0.12
477,,0.21,0.18,0.18,0.23,0.1,0.18,0.18,0.11
478,,0.2,0.17,0.17,0.22,0.09,0.17,0.17,0.1
479,,0.19,0.16,0.16,0.21,0.08,0.16,0.16,0.09
480,,0.18,0.15,0.15,0.2,0.07,0.15,0.15,0.08
481,,0.17,0.14,0.14,0.19,0.06,0.14,0.14,0.07
482,,0.16,0.13,0.13,0.18,0.05,0.13,0.13,0.06
483,,0.15,0.12,0.12,0.17,0.04,0.12,0.12,0.05
484,,0.14,0.11,0.11,0.16,0.03,0.11,0.11,0.04
485,,0.13,0.1,0.1,0.15,0.02,0.1,0.1,0.03
486,,0.12,0.09,0.09,0.14,0.01,0.09,0.09,0.02
487,,0.11,0.08,0.08,0.13,0.0,0.08,0.08,0.01
488,,0.1,0.07,0.07,0.12,-0.01,0.07,0.07,0.0
489,5,0.19,0.219,0.36,0.551,0.99,0.501,0.36,0.149
490,5,0.28,0.368,0.65,0.982,1.0,0.932,0.65,0.298
491,,0.27,0.358,0.64,0.972,0.99,0.922,0.64,0.288
492,,0.26,0.348,0.63,0.962,0.98,0.912,0.63,0.278
493,,0.25,0.338,0.62,0.952,0.97,0.902,0.62,0.268
494,,0.24,0.328,0.61,0.942,0.96,0.892,0.61,0.258
495,,0.23,0.318,0.6,0.932,0.95,0.882,0.6,0.248
496,,0.22,0.308,0.59,0.922,0.94,0.872,0.59,0.238
497,,0.21,0.298,0.58,0.912,0.93,0.862,0.58,0.228
498,,0.2,0.288,0.57,0.902,0.92,0.852,0.57,0.218
499,,0.19,0.278,0.56,0.892,0.91,0.842,0.56,0.208
500,,0.18,0.268,0.55,0.882,0.9,0.832,0.55,0.198
501,,0.17,0.258,0.54,0.872,0.89,0.822,0.54,0.188
502,,0.16,0.248,0.53,0.862,0.88,0.812,0.53,0.178
503,,0.15,0.238,0.52,0.852,0.87,0.802,0.52,0.168
504,,0.14,0.228,0.51,0.842,0.86,0.792,0.51,0.158
505,,0.13,0.218,0.5,0.832,0.85,0.782,0.5,0.148
506,,0.12,0.208,0.49,0.822,0.84,0.772,0.49,0.138
507,,0.11,0.198,0.48,0.812,0.83,0.762,0.48,0.128
508,,0.1,0.188,0.47,0.802,0.82,0.752,0.47,0.118
509,,0.09,0.178,0.46,0.792,0.81,0.742,0.46,0.108
510,,0.08,0.168,0.45,0.782,0.8,0.732,0.45,0.098
511,,0.07,0.158,0.44,0.772,0.79,0.722,0.44,0.088
512,,0.06,0.148,0.43,0.762,0.78,0.712,0.43,0.078
513,,0.05,0.138,0.42,0.752,0.77,0.702,0.42,0.068
514,,0.04,0.128,0.41,0.742,0.76,0.692,0.41,0.058
515,,0.03,0.118,0.4,0.732,0.75,0.682,0.4,0.048
516,,0.02,0.108,0.39,0.722,0.74,0.672,0.39,0.038
517,,0.01,0.098,0.38,0.712,0.73,0.662,0.38,0.028
518,,0.0,0.088,0.37,0.702,0.72,0.652,0.37,0.018
519,,-0.01,0.078,0.36,0.692,0.71,0.642,0.36,0.008
520,1,0.99,0.509,0.65,0.841,0.8,0.791,0.65,0.439
521,1,1.0,0.94,0.94,0.99,0.89,0.94,0.94,0.87
522,,0.99,0.93,0.93,0.98,0.88,0.93,0.93,0.86
523,,0.98,0.92,0.92,0.97,0.87,0.92,0.92,0.85
524,,0.97,0.91,0.91,0.96,0.86,0.91,0.91,0.84
525,,0.96,0.9,0.9,0.95,0.85,0.9,0.9,0.83
526,,0.95,0.89,0.89,0.94,0.84,0.89,0.89,0.82
527,,0.94,0.88,0.88,0.93,0.83,0.88,0.88,0.81
528,,0.93,0.87,0.87,0.92,0.82,0.87,0.87,0.8
529,,0.92,0.86,0.86,0.91,0.81,0.86,0.86,0.79
530,,0.91,0.85,0.85,0.9,0.8,0.85,0.85,0.78
531,,0.9,0.84,0.84,0.89,0.79,0.84,0.84,0.77
532,,0.89,0.83,0.83,0.88,0.78,0.83,0.83,0.76
533,,0.88,0.82,0.82,0.87,0.77,0.82,0.82,0.75
534,,0.87,0.81,0.81,0.86,0.76,0.81,0.81,0.74
535,,0.86,0.8,0.8,0.85,0.75,0.8,0.8,0.73
536,,0.85,0.79,0.79,0.84,0.74,0.79,0.79,0.72
537,,0.84,0.78,0.78,0.83,0.73,0.78,0.78,0.71
538,,0.83,0.77,0.77,0.82,0.72,0.77,0.77,0.7
539,,0.82,0.76,0.76,0.81,0.71,0.76,0.76,0.69
540,,0.81,0.75,0.75,0.8,0.7,0.75,0.75,0.68
541,,0.8,0.74,0.74,0.79,0.69,0.74,0.74,0.67
542,,0.79,0.73,0.73,0.78,0.68,0.73,0.73,0.66
543,,0.78,0.72,0.72,0.77,0.67,0.72,0.72,0.65
544,,0.77,0.71,0.71,0.76,0.66,0.71,0.71,0.64
545,,0.76,0.7,0.7,0.75,0.65,0.7,0.7,0.63
546,,0.75,0.69,0.69,0.74,0.64,0.69,0.69,0.62
547,,0.74,0.68,0.68,0.73,0.63,0.68,0.68,0.61
548,,0.73,0.67,0.67,0.72,0.62,0.67,0.67,0.6
549,,0.72,0.66,0.66,0.71,0.61,0.66,0.66,0.59
550,,0.71,0.65,0.65,0.7,0.6,0.65,0.65,0.58
551,,0.7,0.64,0.64,0.69,0.59,0.64,0.64,0.57
552,,0.69,0.63,0.63,0.68,0.58,0.63,0.63,0.56
553,,0.68,0.62,0.62,0.67,0.57,0.62,0.62,0.55
554,,0.67,0.61,0.61,0.66,0.56,0.61,0.61,0.54
555,,0.66,0.6,0.6,0.65,0.55,0.6,0.6,0.53
556,,0.65,0.59,0.59,0.64,0.54,0.59,0.59,0.52
557,,0.64,0.58,0.58,0.63,0.53,0.58,0.58,0.51
558,,0.63,0.57,0.57,0.62,0.52,0.57,0.57,0.5
559,,0.62,0.56,0.56,0.61,0.51,0.56,0.56,0.49
560,,0.61,0.55,0.55,0.6,0.5,0.55,0.55,0.48
561,,0.6,0.54,0.54,0.59,0.49,0.54,0.54,0.47
562,,0.59,0.53,0.53,0.58,0.48,0.53,0.53,0.46
563,,0.58,0.52,0.52,0.57,0.47,0.52,0.52,0.45
564,,0.57,0.51,0.51,0.56,0.46,0.51,0.51,0.44
565,,0.56,0.5,0.5,0.55,0.45,0.5,0.5,0.43
566,,0.55,0.49,0.49,0.54,0.44,0.49,0.49,0.42
567,,0.54,0.48,0.48,0.53,0.43,0.48,0.48,0.41
568,,0.53,0.47,0.47,0.52,0.42,0.47,0.47,0.4
569,,0.52,0.46,0.46,0.51,0.41,0.46,0.46,0.39
570,,0.51,0.45,0.45,0.5,0.4,0.45,0.45,0.38
571,,0.5,0.44,0.44,0.49,0.39,0.44,0.44,0.37
572,,0.49,0.43,0.43,0.48,0.38,0.43,0.43,0.36
573,,0.48,0.42,0.42,0.47,0.37,0.42,0.42,0.35
574,,0.47,0.41,0.41,0.46,0.36,0.41,0.41,0.34
575,,0.46,0.4,0.4,0.45,0.35,0.4,0.4,0.33
576,,0.45,0.39,0.39,0.44,0.34,0.39,0.39,0.32
577,,0.44,0.38,0.38,0.43,0.33,0.38,0.38,0.31
578,,0.43,0.37,0.37,0.42,0.32,0.37,0.37,0.3
579,,0.42,0.36,0.36,0.41,0.31,0.36,0.36,0.29
580,,0.41,0.35,0.35,0.4,0.3,0.35,0.35,0.28
581,,0.4,0.34,0.34,0.39,0.29,0.34,0.34,0.27
582,,0.39,0.33,0.33,0.38,0.28,0.33,0.33,0.26
583,,0.38,0.32,0.32,0.37,0.27,0.32,0.32,0.25
584,,0.37,0.31,0.31,0.36,0.26,0.31,0.31,0.24
585,,0.36,0.3,0.3,0.35,0.25,0.3,0.3,0.23
586,,0.35,0.29,0.29,0.34,0.24,0.29,0.29,0.22
587,,0.34,0.28,0.28,0.33,0.23,0.28,0.28,0.21
588,,0.33,0.27,0.27,0.32,0.22,0.27,0.27,0.2
589,,0.32,0.26,0.26,0.31,0.21,0.26,0.26,0.19
590,,0.31,0.25,0.25,0.3,0.2,0.25,0.25,0.18
591,,0.3,0.24,0.24,0.29,0.19,0.24,0.24,0.17
592,,0.29,0.23,0.23,0.28,0.18,0.23,0.23,0.16
593,,0.28,0.22,0.22,0.27,0.17,0.22,0.22,0.15
594,,0.27,0.21,0.21,0.26,0.16,0.21,0.21,0.14
595,,0.26,0.2,0.2,0.25,0.15,0.2,0.2,0.13
596,,0.25,0.19,0.19,0.24,0.14,0.19,0.19,0.12
597,,0.24,0.18,0.18,0.23,0.13,0.18,0.18,0.11
598,,0.23,0.17,0.17,0.22,0.12,0.17,0.17,0.1
599,,0.22,0.16,0.16,0.21,0.11,0.16,0.16,0.09
600,,0.21,0.15,0.15,0.2,0.1,0.15,0.15,0.08
601,,0.2,0.14,0.14,0.19,0.09,0.14,0.14,0.07
602,,0.19,0.13,0.13,0.18,0.08,0.13,0.13,0.06
603,,0.18,0.12,0.12,0.17,0.07,0.12,0.12,0.05
604,,0.17,0.11,0.11,0.16,0.06,0.11,0.11,0.04
605,,0.16,0.1,0.1,0.15,0.05,0.1,0.1,0.03
606,,0.15,0.09,0.09,0.14,0.04,0.09,0.09,0.02
607,,0.14,0.08,0.08,0.13,0.03,0.08,0.08,0.01
608,,0.13,0.07,0.07,0.12,0.02,0.07,0.07,0.0
609,,0.12,0.06,0.06,0.11,0.01,0.06,0.06,-0.01
610,8,0.551,0.35,0.209,0.2,0.159,0.35,0.491,0.99
611,8,0.982,0.64,0.358,0.29,0.308,0.64,0.922,1.0
612,,0.972,0.63,0.348,0.28,0.298,0.63,0.912,0.99
613,,0.962,0.62,0.338,0.27,0.288,0.62,0.902,0.98
614,,0.952,0.61,0.328,0.26,0.278,0.61,0.892,0.97
615,,0.942,0.6,0.318,0.25,0.268,0.6,0.882,0.96
616,,0.932,0.59,0.308,0.24,0.258,0.59,0.872,0.95
617,,0.922,0.58,0.298,0.23,0.248,0.58,0.862,0.94
618,,0.912,0.57,0.288,0.22,0.238,0.57,0.852,0.93
619,,0.902,0.56,0.278,0.21,0.228,0.56,0.842,0.92
620,,0.892,0.55,0.268,0.2,0.218,0.55,0.832,0.91
621,,0.882,0.54,0.258,0.19,0.208,0.54,0.822,0.9
622,,0.872,0.53,0.248,0.18,0.198,0.53,0.812,0.89
623,,0.862,0.52,0.238,0.17,0.188,0.52,0.802,0.88
624,,0.852,0.51,0.228,0.16,0.178,0.51,0.792,0.87
625,,0.842,0.5,0.218,0.15,0.168,0.5,0.782,0.86
626,,0.832,0.49,0.208,0.14,0.158,0.49,0.772,0.85
627,,0.822,0.48,0.198,0.13,0.148,0.48,0.762,0.84
628,,0.812,0.47,0.188,0.12,0.138,0.47,0.752,0.83
629,,0.802,0.46,0.178,0.11,0.128,0.46,0.742,0.82
630,,0.792,0.45,0.168,0.1,0.118,0.45,0.732,0.81
631,,0.782,0.44,0.158,0.09,0.108,0.44,0.722,0.8
632,,0.772,0.43,0.148,0.08,0.098,0.43,0.712,0.79
633,,0.762,0.42,0.138,0.07,0.088,0.42,0.702,0.78
634,,0.752,0.41,0.128,0.06,0.078,0.41,0.692,0.77
635,,0.742,0.4,0.118,0.05,0.068,0.4,0.682,0.76
636,,0.732,0.39,0.108,0.04,0.058,0.39,0.672,0.75
637,,0.722,0.38,0.098,0.03,0.048,0.38,0.662,0.74
638,,0.712,0.37,0.088,0.02,0.038,0.37,0.652,0.73
639,,0.702,0.36,0.078,0.01,0.028,0.36,0.642,0.72
640,,0.692,0.35,0.068,0.0,0.018,0.35,0.632,0.71
641,,0.682,0.34,0.058,-0.01,0.008,0.34,0.622,0.7
642,4,0.831,0.63,0.489,0.99,0.439,0.63,0.771,0.79
643,4,0.98,0.92,0.92,1.0,0.87,0.92,0.92,0.88
644,,0.97,0.91,0.91,0.99,0.86,0.91,0.91,0.87
645,,0.96,0.9,0.9,0.98,0.85,0.9,0.9,0.86
646,,0.95,0.89,0.89,0.97,0.84,0.89,0.89,0.85
647,,0.94,0.88,0.88,0.96,0.83,0.88,0.88,0.84
648,,0.93,0.87,0.87,0.95,0.82,0.87,0.87,0.83
649,,0.92,0.86,0.86,0.94,0.81,0.86,0.86,0.82
650,,0.91,0.85,0.85,0.93,0.8,0.85,0.85,0.81
651,,0.9,0.84,0.84,0.92,0.79,0.84,0.84,0.8
652,,0.89,0.83,0.83,0.91,0.78,0.83,0.83,0.79
653,,0.88,0.82,0.82,0.9,0.77,0.82,0.82,0.78
654,,0.87,0.81,0.81,0.89,0.76,0.81,0.81,0.77
655,,0.86,0.8,0.8,0.88,0.75,0.8,0.8,0.76
656,,0.85,0.79,0.79,0.87,0.74,0.79,0.79,0.75
657,,0.84,0.78,0.78,0.86,0.73,0.78,0.78,0.74
658,,0.83,0.77,0.77,0.85,0.72,0.77,0.77,0.73
659,,0.82,0.76,0.76,0.84,0.71,0.76,0.76,0.72
660,,0.81,0.75,0.75,0.83,0.7,0.75,0.75,0.71
661,,0.8,0.74,0.74,0.82,0.69,0.74,0.74,0.7
662,,0.79,0.73,0.73,0.81,0.68,0.73,0.73,0.69
663,,0.78,0.72,0.72,0.8,0.67,0.72,0.72,0.68
664,,0.77,0.71,0.71,0.79,0.66,0.71,0.71,0.67
665,,0.76,0.7,0.7,0.78,0.65,0.7,0.7,0.66
666,,0.75,0.69,0.69,0.77,0.64,0.69,0.69,0.65
667,,0.74,0.68,0.68,0.76,0.63,0.68,0.68,0.64
668,,0.73,0.67,0.67,0.75,0.62,0.67,0.67,0.63
669,,0.72,0.66,0.66,0.74,0.61,0.66,0.66,0.62
670,,0.71,0.65,0.65,0.73,0.6,0.65,0.65,0.61
671,,0.7,0.64,0.64,0.72,0.59,0.64,0.64,0.6
672,,0.69,0.63,0.63,0.71,0.58,0.63,0.63,0.59
673,,0.68,0.62,0.62,0.7,0.57,0.62,0.62,0.58
674,,0.67,0.61,0.61,0.69,0.56,0.61,0.61,0.57
675,,0.66,0.6,0.6,0.68,0.55,0.6,0.6,0.56
676,,0.65,0.59,0.59,0.67,0.54,0.59,0.59,0.55
677,,0.64,0.58,0.58,0.66,0.53,0.58,0.58,0.54
678,,0.63,0.57,0.57,0.65,0.52,0.57,0.57,0.53
679,,0.62,0.56,0.56,0.64,0.51,0.56,0.56,0.52
680,,0.61,0.55,0.55,0.63,0.5,0.55,0.55,0.51
681,,0.6,0.54,0.54,0.62,0.49,0.54,0.54,0.5
682,,0.59,0.53,0.53,0.61,0.48,0.53,0.53,0.49
683,,0.58,0.52,0.52,0.6,0.47,0.52,0.52,0.48
684,,0.57,0.51,0.51,0.59,0.46,0.51,0.51,0.47
685,,0.56,0.5,0.5,0.58,0.45,0.5,0.5,0.46
686,,0.55,0.49,0.49,0.57,0.44,0.49,0.49,0.45
687,,0.54,0.48,0.48,0.56,0.43,0.48,0.48,0.44
688,,0.53,0.47,0.47,0.55,0.42,0.47,0.47,0.43
689,,0.52,0.46,0.46,0.54,0.41,0.46,0.46,0.42
690,,0.51,0.45,0.45,0.53,0.4,0.45,0.45,0.41
691,,0.5,0.44,0.44,0.52,0.39,0.44,0.44,0.4
692,,0.49,0.43,0.43,0.51,0.38,0.43,0.43,0.39
693,,0.48,0.42,0.42,0.5,0.37,0.42,0.42,0.38
694,,0.47,0.41,0.41,0.49,0.36,0.41,0.41,0.37
695,,0.46,0.4,0.4,0.48,0.35,0.4,0.4,0.36
696,,0.45,0.39,0.39,0.47,0.34,0.39,0.39,0.35
697,,0.44,0.38,0.38,0.46,0.33,0.38,0.38,0.34
698,,0.43,0.37,0.37,0.45,0.32,0.37,0.37,0.33
699,,0.42,0.36,0.36,0.44,0.31,0.36,0.36,0.32
700,,0.41,0.35,0.35,0.43,0.3,0.35,0.35,0.31
701,,0.4,0.34,0.34,0.42,0.29,0.34,0.34,0.3
702,,0.39,0.33,0.33,0.41,0.28,0.33,0.33,0.29
703,,0.38,0.32,0.32,0.4,0.27,0.32,0.32,0.28
704,,0.37,0.31,0.31,0.39,0.26,0.31,0.31,0.27
705,,0.36,0.3,0.3,0.38,0.25,0.3,0.3,0.26
706,,0.35,0.29,0.29,0.37,0.24,0.29,0.29,0.25
707,,0.34,0.28,0.28,0.36,0.23,0.28,0.28,0.24
708,,0.33,0.27,0.27,0.35,0.22,0.27,0.27,0.23
709,,0.32,0.26,0.26,0.34,0.21,0.26,0.26,0.22
710,,0.31,0.25,0.25,0.33,0.2,0.25,0.25,0.21
711,,0.3,0.24,0.24,0.32,0.19,0.24,0.24,0.2
712,,0.29,0.23,0.23,0.31,0.18,0.23,0.23,0.19
713,,0.28,0.22,0.22,0.3,0.17,0.22,0.22,0.18
714,,0.27,0.21,0.21,0.29,0.16,0.21,0.21,0.17
715,,0.26,0.2,0.2,0.28,0.15,0.2,0.2,0.16
716,,0.25,0.19,0.19,0.27,0.14,0.19,0.19,0.15
717,,0.24,0.18,0.18,0.26,0.13,0.18,0.18,0.14
718,,0.23,0.17,0.17,0.25,0.12,0.17,0.17,0.13
719,,0.22,0.16,0.16,0.24,0.11,0.16,0.16,0.12
720,,0.21,0.15,0.15,0.23,0.1,0.15,0.15,0.11
721,,0.2,0.14,0.14,0.22,0.09,0.14,0.14,0.1
722,,0.19,0.13,0.13,0.21,0.08,0.13,0.13,0.09
723,,0.18,0.12,0.12,0.2,0.07,0.12,0.12,0.08
724,,0.17,0.11,0.11,0.19,0.06,0.11,0.11,0.07
725,,0.16,0.1,0.1,0.18,0.05,0.1,0.1,0.06
726,,0.15,0.09,0.09,0.17,0.04,0.09,0.09,0.05
727,,0.14,0.08,0.08,0.16,0.03,0.08,0.08,0.04
728,,0.13,0.07,0.07,0.15,0.02,0.07,0.07,0.03
729,,0.12,0.06,0.06,0.14,0.01,0.06,0.06,0.02
730,,0.11,0.05,0.05,0.13,0.0,0.05,0.05,0.01
731,,0.1,0.04,0.04,0.12,-0.01,0.04,0.04,0.0
732,5,0.19,0.189,0.33,0.551,0.99,0.471,0.33,0.149
733,5,0.28,0.338,0.62,0.982,1.0,0.902,0.62,0.298
734,,0.27,0.328,0.61,0.972,0.99,0.892,0.61,0.288
735,,0.26,0.318,0.6,0.962,0.98,0.882,0.6,0.278
736,,0.25,0.308,0.59,0.952,0.97,0.872,0.59,0.268
737,,0.24,0.298,0.58,0.942,0.96,0.862,0.58,0.258
738,,0.23,0.288,0.57,0.932,0.95,0.852,0.57,0.248
739,,0.22,0.278,0.56,0.922,0.94,0.842,0.56,0.238
740,,0.21,0.268,0.55,0.912,0.93,0.832,0.55,0.228
741,,0.2,0.258,0.54,0.902,0.92,0.822,0.54,0.218
742,,0.19,0.248,0.53,0.892,0.91,0.812,0.53,0.208
743,,0.18,0.238,0.52,0.882,0.9,0.802,0.52,0.198
744,,0.17,0.228,0.51,0.872,0.89,0.792,0.51,0.188
745,,0.16,0.218,0.5,0.862,0.88,0.782,0.5,0.178
746,,0.15,0.208,0.49,0.852,0.87,0.772,0.49,0.168
747,,0.14,0.198,0.48,0.842,0.86,0.762,0.48,0.158
748,,0.13,0.188,0.47,0.832,0.85,0.752,0.47,0.148
749,,0.12,0.178,0.46,0.822,0.84,0.742,0.46,0.138
750,,0.11,0.168,0.45,0.812,0.83,0.732,0.45,0.128
751,,0.1,0.158,0.44,0.802,0.82,0.722,0.44,0.118
752,,0.09,0.148,0.43,0.792,0.81,0.712,0.43,0.108
753,,0.08,0.138,0.42,0.782,0.8,0.702,0.42,0.098
754,,0.07,0.128,0.41,0.772,0.79,0.692,0.41,0.088
755,,0.06,0.118,0.4,0.762,0.78,0.682,0.4,0.078
756,,0.05,0.108,0.39,0.752,0.77,0.672,0.39,0.068
757,,0.04,0.098,0.38,0.742,0.76,0.662,0.38,0.058
758,,0.03,0.088,0.37,0.732,0.75,0.652,0.37,0.048
759,,0.02,0.078,0.36,0.722,0.74,0.642,0.36,0.038
760,,0.01,0.068,0.35,0.712,0.73,0.632,0.35,0.028
761,,0.0,0.058,0.34,0.702,0.72,0.622,0.34,0.018
762,,-0.01,0.048,0.33,0.692,0.71,0.612,0.33,0.008
763,1,0.99,0.479,0.62,0.841,0.8,0.761,0.62,0.439
764,1,1.0,0.91,0.91,0.99,0.89,0.91,0.91,0.87
765,,0.99,0.9,0.9,0.98,0.88,0.9,0.9,0.86
766,,0.98,0.89,0.89,0.97,0.87,0.89,0.89,0.85
767,,0.97,0.88,0.88,0.96,0.86,0.88,0.88,0.84
768,,0.96,0.87,0.87,0.95,0.85,0.87,0.87,0.83
769,,0.95,0.86,0.86,0.94,0.84,0.86,0.86,0.82
770,,0.94,0.85,0.85,0.93,0.83,0.85,0.85,0.81
771,,0.93,0.84,0.84,0.92,0.82,0.84,0.84,0.8
772,,0.92,0.83,0.83,0.91,0.81,0.83,0.83,0.79
773,,0.91,0.82,0.82,0.9,0.8,0.82,0.82,0.78
774,,0.9,0.81,0.81,0.89,0.79,0.81,0.81,0.77
775,,0.89,0.8,0.8,0.88,0.78,0.8,0.8,0.76
776,,0.88,0.79,0.79,0.87,0.77,0.79,0.79,0.75
777,,0.87,0.78,0.78,0.86,0.76,0.78,0.78,0.74
778,,0.86,0.77,0.77,0.85,0.75,0.77,0.77,0.73
779,,0.85,0.76,0.76,0.84,0.74,0.76,0.76,0.72
780,,0.84,0.75,0.75,0.83,0.73,0.75,0.75,0.71
781,,0.83,0.74,0.74,0.82,0.72,0.74,0.74,0.7
782,,0.82,0.73,0.73,0.81,0.71,0.73,0.73,0.69
783,,0.81,0.72,0.72,0.8,0.7,0.72,0.72,0.68
784,,0.8,0.71,0.71,0.79,0.69,0.71,0.71,0.67
785,,0.79,0.7,0.7,0.78,0.68,0.7,0.7,0.66
786,,0.78,0.69,0.69,0.77,0.67,0.69,0.69,0.65
787,,0.77,0.68,0.68,0.76,0.66,0.68,0.68,0.64
788,,0.76,0.67,0.67,0.75,0.65,0.67,0.67,0.63
789,,0.75,0.66,0.66,0.74,0.64,0.66,0.66,0.62
790,,0.74,0.65,0.65,0.73,0.63,0.65,0.65,0.61
791,,0.73,0.64,0.64,0.72,0.62,0.64,0.64,0.6
792,,0.72,0.63,0.63,0.71,0.61,0.63,0.63,0.59
793,,0.71,0.62,0.62,0.7,0.6,0.62,0.62,0.58
794,,0.7,0.61,0.61,0.69,0.59,0.61,0.61,0.57
795,,0.69,0.6,0.6,0.68,0.58,0.6,0.6,0.56
796,,0.68,0.59,0.59,0.67,0.57,0.59,0.59,0.55
797,,0.67,0.58,0.58,0.66,0.56,0.58,0.58,0.54
798,,0.66,0.57,0.57,0.65,0.55,0.57,0.57,0.53
799,,0.65,0.56,0.56,0.64,0.54,0.56,0.56,0.52
800,,0.64,0.55,0.55,0.63,0.53,0.55,0.55,0.51
801,,0.63,0.54,0.54,0.62,0.52,0.54,0.54,0.5
802,,0.62,0.53,0.53,0.61,0.51,0.53,0.53,0.49
803,,0.61,0.52,0.52,0.6,0.5,0.52,0.52,0.48
804,,0.6,0.51,0.51,0.59,0.49,0.51,0.51,0.47
805,,0.59,0.5,0.5,0.58,0.48,0.5,0.5,0.46
806,,0.58,0.49,0.49,0.57,0.47,0.49,0.49,0.45
807,,0.57,0.48,0.48,0.56,0.46,0.48,0.48,0.44
808,,0.56,0.47,0.47,0.55,0.45,0.47,0.47,0.43
809,,0.55,0.46,0.46,0.54,0.44,0.46,0.46,0.42
810,,0.54,0.45,0.45,0.53,0.43,0.45,0.45,0.41
811,,0.53,0.44,0.44,0.52,0.42,0.44,0.44,0.4
812,,0.52,0.43,0.43,0.51,0.41,0.43,0.43,0.39
813,,0.51,0.42,0.42,0.5,0.4,0.42,0.42,0.38
814,,0.5,0.41,0.41,0.49,0.39,0.41,0.41,0.37
815,,0.49,0.4,0.4,0.48,0.38,0.4,0.4,0.36
816,,0.48,0.39,0.39,0.47,0.37,0.39,0.39,0.35
817,,0.47,0.38,0.38,0.46,0.36,0.38,0.38,0.34
818,,0.46,0.37,0.37,0.45,0.35,0.37,0.37,0.33
819,,0.45,0.36,0.36,0.44,0.34,0.36,0.36,0.32
820,,0.44,0.35,0.35,0.43,0.33,0.35,0.35,0.31
821,,0.43,0.34,0.34,0.42,0.32,0.34,0.34,0.3
822,,0.42,0.33,0.33,0.41,0.31,0.33,0.33,0.29
823,,0.41,0.32,0.32,0.4,0.3,0.32,0.32,0.28
824,,0.4,0.31,0.31,0.39,0.29,0.31,0.31,0.27
825,,0.39,0.3,0.3,0.38,0.28,0.3,0.3,0.26
826,,0.38,0.29,0.29,0.37,0.27,0.29,0.29,0.25
827,,0.37,0.28,0.28,0.36,0.26,0.28,0.28,0.24
828,,0.36,0.27,0.27,0.35,0.25,0.27,0.27,0.23
829,,0.35,0.26,0.26,0.34,0.24,0.26,0.26,0.22
830,,0.34,0.25,0.25,0.33,0.23,0.25,0.25,0.21
831,,0.33,0.24,0.24,0.32,0.22,0.24,0.24,0.2
832,,0.32,0.23,0.23,0.31,0.21,0.23,0.23,0.19
833,,0.31,0.22,0.22,0.3,0.2,0.22,0.22,0.18
834,,0.3,0.21,0.21,0.29,0.19,0.21,0.21,0.17
835,,0.29,0.2,0.2,0.28,0.18,0.2,0.2,0.16
836,,0.28,0.19,0.19,0.27,0.17,0.19,0.19,0.15
837,,0.27,0.18,0.18,0.26,0.16,0.18,0.18,0.14
838,,0.26,0.17,0.17,0.25,0.15,0.17,0.17,0.13
839,,0.25,0.16,0.16,0.24,0.14,0.16,0.16,0.12
840,,0.24,0.15,0.15,0.23,0.13,0.15,0.15,0.11
841,,0.23,0.14,0.14,0.22,0.12,0.14,0.14,0.1
842,,0.22,0.13,0.13,0.21,0.11,0.13,0.13,0.09
843,,0.21,0.12,0.12,0.2,0.1,0.12,0.12,0.08
844,,0.2,0.11,0.11,0.19,0.09,0.11,0.11,0.07
845,,0.19,0.1,0.1,0.18,0.08,0.1,0.1,0.06
846,,0.18,0.09,0.09,0.17,0.07,0.09,0.09,0.05
847,,0.17,0.08,0.08,0.16,0.06,0.08,0.08,0.04
848,,0.16,0.07,0.07,0.15,0.05,0.07,0.07,0.03
849,,0.15,0.06,0.06,0.14,0.04,0.06,0.06,0.02
850,,0.14,0.05,0.05,0.13,0.03,0.05,0.05,0.01
851,,0.13,0.04,0.04,0.12,0.02,0.04,0.04,0.0
852,,0.12,0.03,0.03,0.11,0.01,0.03,0.03,-0.01
853,8,0.551,0.32,0.179,0.2,0.159,0.32,0.461,0.99
854,8,0.982,0.61,0.328,0.29,0.308,0.61,0.892,1.0
855,,0.972,0.6,0.318,0.28,0.298,0.6,0.882,0.99
856,,0.962,0.59,0.308,0.27,0.288,0.59,0.872,0.98
857,,0.952,0.58,0.298,0.26,0.278,0.58,0.862,0.97
858,,0.942,0.57,0.288,0.25,0.268,0.57,0.852,0.96
859,,0.932,0.56,0.278,0.24,0.258,0.56,0.842,0.95
860,,0.922,0.55,0.268,0.23,0.248,0.55,0.832,0.94
861,,0.912,0.54,0.258,0.22,0.238,0.54,0.822,0.93
862,,0.902,0.53,0.248,0.21,0.228,0.53,0.812,0.92
863,,0.892,0.52,0.238,0.2,0.218,0.52,0.802,0.91
864,,0.882,0.51,0.228,0.19,0.208,0.51,0.792,0.9
865,,0.872,0.5,0.218,0.18,0.198,0.5,0.782,0.89
866,,0.862,0.49,0.208,0.17,0.188,0.49,0.772,0.88
867,,0.852,0.48,0.198,0.16,0.178,0.48,0.762,0.87
868,,0.842,0.47,0.188,0.15,0.168,0.47,0.752,0.86
869,,0.832,0.46,0.178,0.14,0.158,0.46,0.742,0.85
870,,0.822,0.45,0.168,0.13,0.148,0.45,0.732,0.84
871,,0.812,0.44,0.158,0.12,0.138,0.44,0.722,0.83
872,,0.802,0.43,0.148,0.11,0.128,0.43,0.712,0.82
873,,0.792,0.42,0.138,0.1,0.118,0.42,0.702,0.81
874,,0.782,0.41,0.128,0.09,0.108,0.41,0.692,0.8
875,,0.772,0.4,0.118,0.08,0.098,0.4,0.682,0.79
876,,0.762,0.39,0.108,0.07,0.088,0.39,0.672,0.78
877,,0.752,0.38,0.098,0.06,0.078,0.38,0.662,0.77
878,,0.742,0.37,0.088,0.05,0.068,0.37,0.652,0.76
879,,0.732,0.36,0.078,0.04,0.058,0.36,0.642,0.75
880,,0.722,0.35,0.068,0.03,0.048,0.35,0.632,0.74
881,,0.712,0.34,0.058,0.02,0.038,0.34,0.622,0.73
882,,0.702,0.33,0.048,0.01,0.028,0.33,0.612,0.72
883,,0.692,0.32,0.038,0.0,0.018,0.32,0.602,0.71
884,,0.682,0.31,0.028,-0.01,0.008,0.31,0.592,0.7
885,4,0.831,0.6,0.459,0.99,0.439,0.6,0.741,0.79
886,4,0.98,0.89,0.89,1.0,0.87,0.89,0.89,0.88
887,,0.97,0.88,0.88,0.99,0.86,0.88,0.88,0.87
888,,0.96,0.87,0.87,0.98,0.85,0.87,0.87,0.86
889,,0.95,0.86,0.86,0.97,0.84,0.86,0.86,0.85
890,,0.94,0.85,0.85,0.96,0.83,0.85,0.85,0.84
891,,0.93,0.84,0.84,0.95,0.82,0.84,0.84,0.83
892,,0.92,0.83,0.83,0.94,0.81,0.83,0.83,0.82
893,,0.91,0.82,0.82,0.93,0.8,0.82,0.82,0.81
894,,0.9,0.81,0.81,0.92,0.79,0.81,0.81,0.8
895,,0.89,0.8,0.8,0.91,0.78,0.8,0.8,0.79
896,,0.88,0.79,0.79,0.9,0.77,0.79,0.79,0.78
897,,0.87,0.78,0.78,0.89,0.76,0.78,0.78,0.77
898,,0.86,0.77,0.77,0.88,0.75,0.77,0.77,0.76
899,,0.85,0.76,0.76,0.87,0.74,0.76,0.76,0.75
900,,0.84,0.75,0.75,0.86,0.73,0.75,0.75,0.74
901,,0.83,0.74,0.74,0.85,0.72,0.74,0.74,0.73
902,,0.82,0.73,0.73,0.84,0.71,0.73,0.73,0.72
903,,0.81,0.72,0.72,0.83,0.7,0.72,0.72,0.71
904,,0.8,0.71,0.71,0.82,0.69,0.71,0.71,0.7
905,,0.79,0.7,0.7,0.81,0.68,0.7,0.7,0.69
906,,0.78,0.69,0.69,0.8,0.67,0.69,0.69,0.68
907,,0.77,0.68,0.68,0.79,0.66,0.68,0.68,0.67
908,,0.76,0.67,0.67,0.78,0.65,0.67,0.67,0.66
909,,0.75,0.66,0.66,0.77,0.64,0.66,0.66,0.65
910,,0.74,0.65,0.65,0.76,0.63,0.65,0.65,0.64
911,,0.73,0.64,0.64,0.75,0.62,0.64,0.64,0.63
912,,0.72,0.63,0.63,0.74,0.61,0.63,0.63,0.62
913,,0.71,0.62,0.62,0.73,0.6,0.62,0.62,0.61
914,,0.7,0.61,0.61,0.72,0.59,0.61,0.61,0.6
915,,0.69,0.6,0.6,0.71,0.58,0.6,0.6,0.59
916,,0.68,0.59,0.59,0.7,0.57,0.59,0.59,0.58
917,,0.67,0.58,0.58,0.69,0.56,0.58,0.58,0.57
918,,0.66,0.57,0.57,0.68,0.55,0.57,0.57,0.56
919,,0.65,0.56,0.56,0.67,0.54,0.56,0.56,0.55
920,,0.64,0.55,0.55,0.66,0.53,0.55,0.55,0.54
921,,0.63,0.54,0.54,0.65,0.52,0.54,0.54,0.53
922,,0.62,0.53,0.53,0.64,0.51,0.53,0.53,0.52
923,,0.61,0.52,0.52,0.63,0.5,0.52,0.52,0.51
924,,0.6,0.51,0.51,0.62,0.49,0.51,0.51,0.5
925,,0.59,0.5,0.5,0.61,0.48,0.5,0.5,0.49
926,,0.58,0.49,0.49,0.6,0.47,0.49,0.49,0.48
927,,0.57,0.48,0.48,0.59,0.46,0.48,0.48,0.47
928,,0.56,0.47,0.47,0.58,0.45,0.47,0.47,0.46
929,,0.55,0.46,0.46,0.57,0.44,0.46,0.46,0.45
930,,0.54,0.45,0.45,0.56,0.43,0.45,0.45,0.44
931,,0.53,0.44,0.44,0.55,0.42,0.44,0.44,0.43
932,,0.52,0.43,0.43,0.54,0.41,0.43,0.43,0.42
933,,0.51,0.42,0.42,0.53,0.4,0.42,0.42,0.41
934,,0.5,0.41,0.41,0.52,0.39,0.41,0.41,0.4
935,,0.49,0.4,0.4,0.51,0.38,0.4,0.4,0.39
936,,0.48,0.39,0.39,0.5,0.37,0.39,0.39,0.38
937,,0.47,0.38,0.38,0.49,0.36,0.38,0.38,0.37
938,,0.46,0.37,0.37,0.48,0.35,0.37,0.37,0.36
939,,0.45,0.36,0.36,0.47,0.34,0.36,0.36,0.35
940,,0.44,0.35,0.35,0.46,0.33,0.35,0.35,0.34
941,,0.43,0.34,0.34,0.45,0.32,0.34,0.34,0.33
942,,0.42,0.33,0.33,0.44,0.31,0.33,0.33,0.32
943,,0.41,0.32,0.32,0.43,0.3,0.32,0.32,0.31
944,,0.4,0.31,0.31,0.42,0.29,0.31,0.31,0.3
945,,0.39,0.3,0.3,0.41,0.28,0.3,0.3,0.29
946,,0.38,0.29,0.29,0.4,0.27,0.29,0.29,0.28
947,,0.37,0.28,0.28,0.39,0.26,0.28,0.28,0.27
948,,0.36,0.27,0.27,0.38,0.25,0.27,0.27,0.26
949,,0.35,0.26,0.26,0.37,0.24,0.26,0.26,0.25
950,,0.34,0.25,0.25,0.36,0.23,0.25,0.25,0.24
951,,0.33,0.24,0.24,0.35,0.22,0.24,0.24,0.23
952,,0.32,0.23,0.23,0.34,0.21,0.23,0.23,0.22
953,,0.31,0.22,0.22,0.33,0.2,0.22,0.22,0.21
954,,0.3,0.21,0.21,0.32,0.19,0.21,0.21,0.2
955,,0.29,0.2,0.2,0.31,0.18,0.2,0.2,0.19
956,,0.28,0.19,0.19,0.3,0.17,0.19,0.19,0.18
957,,0.27,0.18,0.18,0.29,0.16,0.18,0.18,0.17
958,,0.26,0.17,0.17,0.28,0.15,0.17,0.17,0.16
959,,0.25,0.16,0.16,0.27,0.14,0.16,0.16,0.15
960,,0.24,0.15,0.15,0.26,0.13,0.15,0.15,0.14
961,,0.23,0.14,0.14,0.25,0.12,0.14,0.14,0.13
962,,0.22,0.13,0.13,0.24,0.11,0.13,0.13,0.12
963,,0.21,0.12,0.12,0.23,0.1,0.12,0.12,0.11
964,,0.2,0.11,0.11,0.22,0.09,0.11,0.11,0.1
965,,0.19,0.1,0.1,0.21,0.08,0.1,0.1,0.09
966,,0.18,0.09,0.09,0.2,0.07,0.09,0.09,0.08
967,,0.17,0.08,0.08,0.19,0.06,0.08,0.08,0.07
968,,0.16,0.07,0.07,0.18,0.05,0.07,0.07,0.06
969,,0.15,0.06,0.06,0.17,0.04,0.06,0.06,0.05
970,,0.14,0.05,0.05,0.16,0.03,0.05,0.05,0.04
971,,0.13,0.04,0.04,0.15,0.02,0.04,0.04,0.03
972,,0.12,0.03,0.03,0.14,0.01,0.03,0.03,0.02
973,,0.11,0.02,0.02,0.13,0.0,0.02,0.02,0.01
974,,0.1,0.01,0.01,0.12,-0.01,0.01,0.01,0.0
975,5,0.19,0.159,0.3,0.551,0.99,0.441,0.3,0.149
976,5,0.28,0.308,0.59,0.982,1.0,0.872,0.59,0.298
977,,0.27,0.298,0.58,0.972,0.99,0.862,0.58,0.288
978,,0.26,0.288,0.57,0.962,0.98,0.852,0.57,0.278
979,,0.25,0.278,0.56,0.952,0.97,0.842,0.56,0.268
980,,0.24,0.268,0.55,0.942,0.96,0.832,0.55,0.258
981,,0.23,0.258,0.54,0.932,0.95,0.822,0.54,0.248
982,,0.22,0.248,0.53,0.922,0.94,0.812,0.53,0.238
983,,0.21,0.238,0.52,0.912,0.93,0.802,0.52,0.228
984,,0.2,0.228,0.51,0.902,0.92,0.792,0.51,0.218
985,,0.19,0.218,0.5,0.892,0.91,0.782,0.5,0.208
986,,0.18,0.208,0.49,0.882,0.9,0.772,0.49,0.198
987,,0.17,0.198,0.48,0.872,0.89,0.762,0.48,0.188
988,,0.16,0.188,0.47,0.862,0.88,0.752,0.47,0.178
989,,0.15,0.178,0.46,0.852,0.87,0.742,0.46,0.168
990,,0.14,0.168,0.45,0.842,0.86,0.732,0.45,0.158
991,,0.13,0.158,0.44,0.832,0.85,0.722,0.44,0.148
992,,0.12,0.148,0.43,0.822,0.84,0.712,0.43,0.138
993,,0.11,0.138,0.42,0.812,0.83,0.702,0.42,0.128
994,,0.1,0.128,0.41,0.802,0.82,0.692,0.41,0.118
995,,0.09,0.118,0.4,0.792,0.81,0.682,0.4,0.108
996,,0.08,0.108,0.39,0.782,0.8,0.672,0.39,0.098
997,,0.07,0.098,0.38,0.772,0.79,0.662,0.38,0.088
998,,0.06,0.088,0.37,0.762,0.78,0.652,0.37,0.078
999,,0.05,0.078,0.36,0.752,0.77,0.642,0.36,0.068
