step,active_motive,motive_1,motive_2,motive_3,motive_4,motive_5,motive_6,motive_7,motive_8
0,,-0.40745,-0.66947,-0.96873,-0.1532,-0.21024,-0.41302,-0.97184,-0.60232
1,7,-0.47245,-0.72715,-1.0,-0.17552,-0.22524,-0.43534,1.0,-0.66
2,3,-0.53745,-0.78483,1.0,-0.19784,-0.24024,-0.45766,0.96,-0.71768
3,2,-0.60245,1.0,0.96,-0.22016,-0.25524,-0.47998,0.92,-0.77536
4,8,-0.66745,0.94232,0.92,-0.24248,-0.27024,-0.5023,0.88,1.0
5,1,1.0,0.88464,0.88,-0.2648,-0.28524,-0.52462,0.84,0.94232
6,6,0.935,0.82696,0.84,-0.28712,-0.30024,1.0,0.8,0.88464
7,5,0.87,0.76928,0.8,-0.30944,1.0,0.97768,0.76,0.82696
8,4,0.805,0.7116,0.76,1.0,0.985,0.95536,0.72,0.76928
9,,0.73,0.64392,0.71,0.96768,0.96,0.92304,0.67,0.7016
10,,0.655,0.57624,0.66,0.93536,0.935,0.89072,0.62,0.63392
11,,0.58,0.50856,0.61,0.90304,0.91,0.8584,0.57,0.56624
12,,0.505,0.44088,0.56,0.87072,0.885,0.82608,0.52,0.49856
13,,0.43,0.3732,0.51,0.8384,0.86,0.79376,0.47,0.43088
14,,0.355,0.30552,0.46,0.80608,0.835,0.76144,0.42,0.3632
15,,0.28,0.23784,0.41,0.77376,0.81,0.72912,0.37,0.29552
16,,0.205,0.17016,0.36,0.74144,0.785,0.6968,0.32,0.22784
17,,0.13,0.10248,0.31,0.70912,0.76,0.66448,0.27,0.16016
18,,0.055,0.0348,0.26,0.6768,0.735,0.63216,0.22,0.09248
19,,-0.02,-0.03288,0.21,0.64448,0.71,0.59984,0.17,0.0248
20,2,-0.085,1.0,0.17,0.62216,0.695,0.57752,0.13,-0.03288
21,1,1.0,0.94232,0.13,0.59984,0.68,0.5552,0.09,-0.09056
22,8,0.935,0.88464,0.09,0.57752,0.665,0.53288,0.05,1.0
23,,0.86,0.81696,0.04,0.5452,0.64,0.50056,0.0,0.93232
24,,0.785,0.74928,-0.01,0.51288,0.615,0.46824,-0.05,0.86464
25,7,0.72,0.6916,-0.05,0.49056,0.6,0.44592,1.0,0.80696
26,3,0.655,0.63392,1.0,0.46824,0.585,0.4236,0.96,0.74928
27,,0.58,0.56624,0.95,0.43592,0.56,0.39128,0.91,0.6816
28,,0.505,0.49856,0.9,0.4036,0.535,0.35896,0.86,0.61392
29,,0.43,0.43088,0.85,0.37128,0.51,0.32664,0.81,0.54624
30,,0.355,0.3632,0.8,0.33896,0.485,0.29432,0.76,0.47856
31,,0.28,0.29552,0.75,0.30664,0.46,0.262,0.71,0.41088
32,,0.205,0.22784,0.7,0.27432,0.435,0.22968,0.66,0.3432
33,,0.13,0.16016,0.65,0.242,0.41,0.19736,0.61,0.27552
34,,0.055,0.09248,0.6,0.20968,0.385,0.16504,0.56,0.20784
35,,-0.02,0.0248,0.55,0.17736,0.36,0.13272,0.51,0.14016
36,1,1.0,-0.03288,0.51,0.15504,0.345,0.1104,0.47,0.08248
37,2,0.935,1.0,0.47,0.13272,0.33,0.08808,0.43,0.0248
38,,0.86,0.93232,0.42,0.1004,0.305,0.05576,0.38,-0.04288
39,8,0.795,0.87464,0.38,0.07808,0.29,0.03344,0.34,1.0
40,,0.72,0.80696,0.33,0.04576,0.265,0.00112,0.29,0.93232
41,,0.645,0.73928,0.28,0.01344,0.24,-0.0312,0.24,0.86464
42,6,0.58,0.6816,0.24,-0.00888,0.225,1.0,0.2,0.80696
43,4,0.515,0.62392,0.2,1.0,0.21,0.97768,0.16,0.74928
44,,0.44,0.55624,0.15,0.96768,0.185,0.94536,0.11,0.6816
45,,0.365,0.48856,0.1,0.93536,0.16,0.91304,0.06,0.61392
46,,0.29,0.42088,0.05,0.90304,0.135,0.88072,0.01,0.54624
47,,0.215,0.3532,0.0,0.87072,0.11,0.8484,-0.04,0.47856
48,7,0.15,0.29552,-0.04,0.8484,0.095,0.82608,1.0,0.42088
49,3,0.085,0.23784,1.0,0.82608,0.08,0.80376,0.96,0.3632
50,,0.01,0.17016,0.95,0.79376,0.055,0.77144,0.91,0.29552
51,,-0.065,0.10248,0.9,0.76144,0.03,0.73912,0.86,0.22784
52,1,1.0,0.0448,0.86,0.73912,0.015,0.7168,0.82,0.17016
53,,0.925,-0.02288,0.81,0.7068,-0.01,0.68448,0.77,0.10248
54,2,0.86,1.0,0.77,0.68448,-0.025,0.66216,0.73,0.0448
55,5,0.795,0.94232,0.73,0.66216,1.0,0.63984,0.69,-0.01288
56,8,0.73,0.88464,0.69,0.63984,0.985,0.61752,0.65,1.0
57,,0.655,0.81696,0.64,0.60752,0.96,0.5852,0.6,0.93232
58,,0.58,0.74928,0.59,0.5752,0.935,0.55288,0.55,0.86464
59,,0.505,0.6816,0.54,0.54288,0.91,0.52056,0.5,0.79696
60,,0.43,0.61392,0.49,0.51056,0.885,0.48824,0.45,0.72928
61,,0.355,0.54624,0.44,0.47824,0.86,0.45592,0.4,0.6616
62,,0.28,0.47856,0.39,0.44592,0.835,0.4236,0.35,0.59392
63,,0.205,0.41088,0.34,0.4136,0.81,0.39128,0.3,0.52624
64,,0.13,0.3432,0.29,0.38128,0.785,0.35896,0.25,0.45856
65,,0.055,0.27552,0.24,0.34896,0.76,0.32664,0.2,0.39088
66,,-0.02,0.20784,0.19,0.31664,0.735,0.29432,0.15,0.3232
67,1,1.0,0.15016,0.15,0.29432,0.72,0.272,0.11,0.26552
68,,0.925,0.08248,0.1,0.262,0.695,0.23968,0.06,0.19784
69,,0.85,0.0148,0.05,0.22968,0.67,0.20736,0.01,0.13016
70,,0.775,-0.05288,0.0,0.19736,0.645,0.17504,-0.04,0.06248
71,2,0.71,1.0,-0.04,0.17504,0.63,0.15272,-0.08,0.0048
72,7,0.645,0.94232,-0.08,0.15272,0.615,0.1304,1.0,-0.05288
73,3,0.58,0.88464,1.0,0.1304,0.6,0.10808,0.96,-0.11056
74,8,0.515,0.82696,0.96,0.10808,0.585,0.08576,0.92,1.0
75,,0.44,0.75928,0.91,0.07576,0.56,0.05344,0.87,0.93232
76,,0.365,0.6916,0.86,0.04344,0.535,0.02112,0.82,0.86464
77,,0.29,0.62392,0.81,0.01112,0.51,-0.0112,0.77,0.79696
78,6,0.225,0.56624,0.77,-0.0112,0.495,1.0,0.73,0.73928
79,4,0.16,0.50856,0.73,1.0,0.48,0.97768,0.69,0.6816
80,,0.085,0.44088,0.68,0.96768,0.455,0.94536,0.64,0.61392
81,,0.01,0.3732,0.63,0.93536,0.43,0.91304,0.59,0.54624
82,,-0.065,0.30552,0.58,0.90304,0.405,0.88072,0.54,0.47856
83,1,1.0,0.24784,0.54,0.88072,0.39,0.8584,0.5,0.42088
84,,0.925,0.18016,0.49,0.8484,0.365,0.82608,0.45,0.3532
85,,0.85,0.11248,0.44,0.81608,0.34,0.79376,0.4,0.28552
86,,0.775,0.0448,0.39,0.78376,0.315,0.76144,0.35,0.21784
87,,0.7,-0.02288,0.34,0.75144,0.29,0.72912,0.3,0.15016
88,2,0.635,1.0,0.3,0.72912,0.275,0.7068,0.26,0.09248
89,,0.56,0.93232,0.25,0.6968,0.25,0.67448,0.21,0.0248
90,,0.485,0.86464,0.2,0.66448,0.225,0.64216,0.16,-0.04288
91,8,0.42,0.80696,0.16,0.64216,0.21,0.61984,0.12,1.0
92,,0.345,0.73928,0.11,0.60984,0.185,0.58752,0.07,0.93232
93,,0.27,0.6716,0.06,0.57752,0.16,0.5552,0.02,0.86464
94,,0.195,0.60392,0.01,0.5452,0.135,0.52288,-0.03,0.79696
95,7,0.13,0.54624,-0.03,0.52288,0.12,0.50056,1.0,0.73928
96,3,0.065,0.48856,1.0,0.50056,0.105,0.47824,0.96,0.6816
97,,-0.01,0.42088,0.95,0.46824,0.08,0.44592,0.91,0.61392
98,1,1.0,0.3632,0.91,0.44592,0.065,0.4236,0.87,0.55624
99,,0.925,0.29552,0.86,0.4136,0.04,0.39128,0.82,0.48856
100,,0.85,0.22784,0.81,0.38128,0.015,0.35896,0.77,0.42088
101,,0.775,0.16016,0.76,0.34896,-0.01,0.32664,0.72,0.3532
102,5,0.71,0.10248,0.72,0.32664,1.0,0.30432,0.68,0.29552
103,,0.635,0.0348,0.67,0.29432,0.975,0.272,0.63,0.22784
104,,0.56,-0.03288,0.62,0.262,0.95,0.23968,0.58,0.16016
105,2,0.495,1.0,0.58,0.23968,0.935,0.21736,0.54,0.10248
106,,0.42,0.93232,0.53,0.20736,0.91,0.18504,0.49,0.0348
107,,0.345,0.86464,0.48,0.17504,0.885,0.15272,0.44,-0.03288
108,8,0.28,0.80696,0.44,0.15272,0.87,0.1304,0.4,1.0
109,,0.205,0.73928,0.39,0.1204,0.845,0.09808,0.35,0.93232
110,,0.13,0.6716,0.34,0.08808,0.82,0.06576,0.3,0.86464
111,,0.055,0.60392,0.29,0.05576,0.795,0.03344,0.25,0.79696
112,,-0.02,0.53624,0.24,0.02344,0.77,0.00112,0.2,0.72928
113,1,1.0,0.47856,0.2,0.00112,0.755,-0.0212,0.16,0.6716
114,6,0.935,0.42088,0.16,-0.0212,0.74,1.0,0.12,0.61392
115,4,0.87,0.3632,0.12,1.0,0.725,0.97768,0.08,0.55624
116,,0.795,0.29552,0.07,0.96768,0.7,0.94536,0.03,0.48856
117,,0.72,0.22784,0.02,0.93536,0.675,0.91304,-0.02,0.42088
118,7,0.655,0.17016,-0.02,0.91304,0.66,0.89072,1.0,0.3632
119,3,0.59,0.11248,1.0,0.89072,0.645,0.8684,0.96,0.30552
120,,0.515,0.0448,0.95,0.8584,0.62,0.83608,0.91,0.23784
121,,0.44,-0.02288,0.9,0.82608,0.595,0.80376,0.86,0.17016
122,2,0.375,1.0,0.86,0.80376,0.58,0.78144,0.82,0.11248
123,,0.3,0.93232,0.81,0.77144,0.555,0.74912,0.77,0.0448
124,,0.225,0.86464,0.76,0.73912,0.53,0.7168,0.72,-0.02288
125,8,0.16,0.80696,0.72,0.7168,0.515,0.69448,0.68,1.0
126,,0.085,0.73928,0.67,0.68448,0.49,0.66216,0.63,0.93232
127,,0.01,0.6716,0.62,0.65216,0.465,0.62984,0.58,0.86464
128,,-0.065,0.60392,0.57,0.61984,0.44,0.59752,0.53,0.79696
129,1,1.0,0.54624,0.53,0.59752,0.425,0.5752,0.49,0.73928
130,,0.925,0.47856,0.48,0.5652,0.4,0.54288,0.44,0.6716
131,,0.85,0.41088,0.43,0.53288,0.375,0.51056,0.39,0.60392
132,,0.775,0.3432,0.38,0.50056,0.35,0.47824,0.34,0.53624
133,,0.7,0.27552,0.33,0.46824,0.325,0.44592,0.29,0.46856
134,,0.625,0.20784,0.28,0.43592,0.3,0.4136,0.24,0.40088
135,,0.55,0.14016,0.23,0.4036,0.275,0.38128,0.19,0.3332
136,,0.475,0.07248,0.18,0.37128,0.25,0.34896,0.14,0.26552
137,,0.4,0.0048,0.13,0.33896,0.225,0.31664,0.09,0.19784
138,,0.325,-0.06288,0.08,0.30664,0.2,0.28432,0.04,0.13016
139,2,0.26,1.0,0.04,0.28432,0.185,0.262,0.0,0.07248
140,,0.185,0.93232,-0.01,0.252,0.16,0.22968,-0.05,0.0048
141,7,0.12,0.87464,-0.05,0.22968,0.145,0.20736,1.0,-0.05288
142,8,0.055,0.81696,-0.09,0.20736,0.13,0.18504,0.96,1.0
143,3,-0.01,0.75928,1.0,0.18504,0.115,0.16272,0.92,0.94232
144,1,1.0,0.7016,0.96,0.16272,0.1,0.1404,0.88,0.88464
145,,0.925,0.63392,0.91,0.1304,0.075,0.10808,0.83,0.81696
146,,0.85,0.56624,0.86,0.09808,0.05,0.07576,0.78,0.74928
147,,0.775,0.49856,0.81,0.06576,0.025,0.04344,0.73,0.6816
148,,0.7,0.43088,0.76,0.03344,0.0,0.01112,0.68,0.61392
149,,0.625,0.3632,0.71,0.00112,-0.025,-0.0212,0.63,0.54624
150,5,0.56,0.30552,0.67,-0.0212,1.0,-0.04352,0.59,0.48856
151,6,0.495,0.24784,0.63,-0.04352,0.985,1.0,0.55,0.43088
152,4,0.43,0.19016,0.59,1.0,0.97,0.97768,0.51,0.3732
153,,0.355,0.12248,0.54,0.96768,0.945,0.94536,0.46,0.30552
154,,0.28,0.0548,0.49,0.93536,0.92,0.91304,0.41,0.23784
155,,0.205,-0.01288,0.44,0.90304,0.895,0.88072,0.36,0.17016
156,2,0.14,1.0,0.4,0.88072,0.88,0.8584,0.32,0.11248
157,,0.065,0.93232,0.35,0.8484,0.855,0.82608,0.27,0.0448
158,,-0.01,0.86464,0.3,0.81608,0.83,0.79376,0.22,-0.02288
159,8,-0.075,0.80696,0.26,0.79376,0.815,0.77144,0.18,1.0
160,1,1.0,0.74928,0.22,0.77144,0.8,0.74912,0.14,0.94232
161,,0.925,0.6816,0.17,0.73912,0.775,0.7168,0.09,0.87464
162,,0.85,0.61392,0.12,0.7068,0.75,0.68448,0.04,0.80696
163,,0.775,0.54624,0.07,0.67448,0.725,0.65216,-0.01,0.73928
164,7,0.71,0.48856,0.03,0.65216,0.71,0.62984,1.0,0.6816
165,,0.635,0.42088,-0.02,0.61984,0.685,0.59752,0.95,0.61392
166,3,0.57,0.3632,1.0,0.59752,0.67,0.5752,0.91,0.55624
167,,0.495,0.29552,0.95,0.5652,0.645,0.54288,0.86,0.48856
168,,0.42,0.22784,0.9,0.53288,0.62,0.51056,0.81,0.42088
169,,0.345,0.16016,0.85,0.50056,0.595,0.47824,0.76,0.3532
170,,0.27,0.09248,0.8,0.46824,0.57,0.44592,0.71,0.28552
171,,0.195,0.0248,0.75,0.43592,0.545,0.4136,0.66,0.21784
172,,0.12,-0.04288,0.7,0.4036,0.52,0.38128,0.61,0.15016
173,2,0.055,1.0,0.66,0.38128,0.505,0.35896,0.57,0.09248
174,,-0.02,0.93232,0.61,0.34896,0.48,0.32664,0.52,0.0248
175,1,1.0,0.87464,0.57,0.32664,0.465,0.30432,0.48,-0.03288
176,8,0.935,0.81696,0.53,0.30432,0.45,0.282,0.44,1.0
177,,0.86,0.74928,0.48,0.272,0.425,0.24968,0.39,0.93232
178,,0.785,0.6816,0.43,0.23968,0.4,0.21736,0.34,0.86464
179,,0.71,0.61392,0.38,0.20736,0.375,0.18504,0.29,0.79696
180,,0.635,0.54624,0.33,0.17504,0.35,0.15272,0.24,0.72928
181,,0.56,0.47856,0.28,0.14272,0.325,0.1204,0.19,0.6616
182,,0.485,0.41088,0.23,0.1104,0.3,0.08808,0.14,0.59392
183,,0.41,0.3432,0.18,0.07808,0.275,0.05576,0.09,0.52624
184,,0.335,0.27552,0.13,0.04576,0.25,0.02344,0.04,0.45856
185,,0.26,0.20784,0.08,0.01344,0.225,-0.00888,-0.01,0.39088
186,7,0.195,0.15016,0.04,-0.00888,0.21,-0.0312,1.0,0.3332
187,6,0.13,0.09248,0.0,-0.0312,0.195,1.0,0.96,0.27552
188,4,0.065,0.0348,-0.04,1.0,0.18,0.97768,0.92,0.21784
189,3,-0.0,-0.02288,1.0,0.97768,0.165,0.95536,0.88,0.16016
190,2,-0.065,1.0,0.96,0.95536,0.15,0.93304,0.84,0.10248
191,1,1.0,0.94232,0.92,0.93304,0.135,0.91072,0.8,0.0448
192,,0.925,0.87464,0.87,0.90072,0.11,0.8784,0.75,-0.02288
193,8,0.86,0.81696,0.83,0.8784,0.095,0.85608,0.71,1.0
194,,0.785,0.74928,0.78,0.84608,0.07,0.82376,0.66,0.93232
195,,0.71,0.6816,0.73,0.81376,0.045,0.79144,0.61,0.86464
196,,0.635,0.61392,0.68,0.78144,0.02,0.75912,0.56,0.79696
197,,0.56,0.54624,0.63,0.74912,-0.005,0.7268,0.51,0.72928
198,5,0.495,0.48856,0.59,0.7268,1.0,0.70448,0.47,0.6716
199,,0.42,0.42088,0.54,0.69448,0.975,0.67216,0.42,0.60392
200,,0.345,0.3532,0.49,0.66216,0.95,0.63984,0.37,0.53624
201,,0.27,0.28552,0.44,0.62984,0.925,0.60752,0.32,0.46856
202,,0.195,0.21784,0.39,0.59752,0.9,0.5752,0.27,0.40088
203,,0.12,0.15016,0.34,0.5652,0.875,0.54288,0.22,0.3332
204,,0.045,0.08248,0.29,0.53288,0.85,0.51056,0.17,0.26552
205,,-0.03,0.0148,0.24,0.50056,0.825,0.47824,0.12,0.19784
206,1,1.0,-0.04288,0.2,0.47824,0.81,0.45592,0.08,0.14016
207,2,0.935,1.0,0.16,0.45592,0.795,0.4336,0.04,0.08248
208,,0.86,0.93232,0.11,0.4236,0.77,0.40128,-0.01,0.0148
209,7,0.795,0.87464,0.07,0.40128,0.755,0.37896,1.0,-0.04288
210,8,0.73,0.81696,0.03,0.37896,0.74,0.35664,0.96,1.0
211,,0.655,0.74928,-0.02,0.34664,0.715,0.32432,0.91,0.93232
212,3,0.59,0.6916,1.0,0.32432,0.7,0.302,0.87,0.87464
213,,0.515,0.62392,0.95,0.292,0.675,0.26968,0.82,0.80696
214,,0.44,0.55624,0.9,0.25968,0.65,0.23736,0.77,0.73928
215,,0.365,0.48856,0.85,0.22736,0.625,0.20504,0.72,0.6716
216,,0.29,0.42088,0.8,0.19504,0.6,0.17272,0.67,0.60392
217,,0.215,0.3532,0.75,0.16272,0.575,0.1404,0.62,0.53624
218,,0.14,0.28552,0.7,0.1304,0.55,0.10808,0.57,0.46856
219,,0.065,0.21784,0.65,0.09808,0.525,0.07576,0.52,0.40088
220,,-0.01,0.15016,0.6,0.06576,0.5,0.04344,0.47,0.3332
221,1,1.0,0.09248,0.56,0.04344,0.485,0.02112,0.43,0.27552
222,,0.925,0.0248,0.51,0.01112,0.46,-0.0112,0.38,0.20784
223,6,0.86,-0.03288,0.47,-0.0112,0.445,1.0,0.34,0.15016
224,2,0.795,1.0,0.43,-0.03352,0.43,0.97768,0.3,0.09248
225,4,0.73,0.94232,0.39,1.0,0.415,0.95536,0.26,0.0348
226,,0.655,0.87464,0.34,0.96768,0.39,0.92304,0.21,-0.03288
227,8,0.59,0.81696,0.3,0.94536,0.375,0.90072,0.17,1.0
228,,0.515,0.74928,0.25,0.91304,0.35,0.8684,0.12,0.93232
229,,0.44,0.6816,0.2,0.88072,0.325,0.83608,0.07,0.86464
230,,0.365,0.61392,0.15,0.8484,0.3,0.80376,0.02,0.79696
231,,0.29,0.54624,0.1,0.81608,0.275,0.77144,-0.03,0.72928
232,7,0.225,0.48856,0.06,0.79376,0.26,0.74912,1.0,0.6716
233,,0.15,0.42088,0.01,0.76144,0.235,0.7168,0.95,0.60392
234,,0.075,0.3532,-0.04,0.72912,0.21,0.68448,0.9,0.53624
235,3,0.01,0.29552,1.0,0.7068,0.195,0.66216,0.86,0.47856
236,,-0.065,0.22784,0.95,0.67448,0.17,0.62984,0.81,0.41088
237,1,1.0,0.17016,0.91,0.65216,0.155,0.60752,0.77,0.3532
238,,0.925,0.10248,0.86,0.61984,0.13,0.5752,0.72,0.28552
239,,0.85,0.0348,0.81,0.58752,0.105,0.54288,0.67,0.21784
240,,0.775,-0.03288,0.76,0.5552,0.08,0.51056,0.62,0.15016
241,2,0.71,1.0,0.72,0.53288,0.065,0.48824,0.58,0.09248
242,,0.635,0.93232,0.67,0.50056,0.04,0.45592,0.53,0.0248
243,,0.56,0.86464,0.62,0.46824,0.015,0.4236,0.48,-0.04288
244,8,0.495,0.80696,0.58,0.44592,0.0,0.40128,0.44,1.0
245,,0.42,0.73928,0.53,0.4136,-0.025,0.36896,0.39,0.93232
246,5,0.355,0.6816,0.49,0.39128,1.0,0.34664,0.35,0.87464
247,,0.28,0.61392,0.44,0.35896,0.975,0.31432,0.3,0.80696
248,,0.205,0.54624,0.39,0.32664,0.95,0.282,0.25,0.73928
249,,0.13,0.47856,0.34,0.29432,0.925,0.24968,0.2,0.6716
250,,0.055,0.41088,0.29,0.262,0.9,0.21736,0.15,0.60392
251,,-0.02,0.3432,0.24,0.22968,0.875,0.18504,0.1,0.53624
252,1,1.0,0.28552,0.2,0.20736,0.86,0.16272,0.06,0.47856
253,,0.925,0.21784,0.15,0.17504,0.835,0.1304,0.01,0.41088
254,,0.85,0.15016,0.1,0.14272,0.81,0.09808,-0.04,0.3432
255,7,0.785,0.09248,0.06,0.1204,0.795,0.07576,1.0,0.28552
256,,0.71,0.0248,0.01,0.08808,0.77,0.04344,0.95,0.21784
257,,0.635,-0.04288,-0.04,0.05576,0.745,0.01112,0.9,0.15016
258,2,0.57,1.0,-0.08,0.03344,0.73,-0.0112,0.86,0.09248
259,3,0.505,0.94232,1.0,0.01112,0.715,-0.03352,0.82,0.0348
260,6,0.44,0.88464,0.96,-0.0112,0.7,1.0,0.78,-0.02288
261,8,0.375,0.82696,0.92,-0.03352,0.685,0.97768,0.74,1.0
262,4,0.31,0.76928,0.88,1.0,0.67,0.95536,0.7,0.94232
263,,0.235,0.7016,0.83,0.96768,0.645,0.92304,0.65,0.87464
264,,0.16,0.63392,0.78,0.93536,0.62,0.89072,0.6,0.80696
265,,0.085,0.56624,0.73,0.90304,0.595,0.8584,0.55,0.73928
266,,0.01,0.49856,0.68,0.87072,0.57,0.82608,0.5,0.6716
267,,-0.065,0.43088,0.63,0.8384,0.545,0.79376,0.45,0.60392
268,1,1.0,0.3732,0.59,0.81608,0.53,0.77144,0.41,0.54624
269,,0.925,0.30552,0.54,0.78376,0.505,0.73912,0.36,0.47856
270,,0.85,0.23784,0.49,0.75144,0.48,0.7068,0.31,0.41088
271,,0.775,0.17016,0.44,0.71912,0.455,0.67448,0.26,0.3432
272,,0.7,0.10248,0.39,0.6868,0.43,0.64216,0.21,0.27552
273,,0.625,0.0348,0.34,0.65448,0.405,0.60984,0.16,0.20784
274,,0.55,-0.03288,0.29,0.62216,0.38,0.57752,0.11,0.14016
275,2,0.485,1.0,0.25,0.59984,0.365,0.5552,0.07,0.08248
276,,0.41,0.93232,0.2,0.56752,0.34,0.52288,0.02,0.0148
277,,0.335,0.86464,0.15,0.5352,0.315,0.49056,-0.03,-0.05288
278,8,0.27,0.80696,0.11,0.51288,0.3,0.46824,-0.07,1.0
279,7,0.205,0.74928,0.07,0.49056,0.285,0.44592,1.0,0.94232
280,,0.13,0.6816,0.02,0.45824,0.26,0.4136,0.95,0.87464
281,,0.055,0.61392,-0.03,0.42592,0.235,0.38128,0.9,0.80696
282,3,-0.01,0.55624,1.0,0.4036,0.22,0.35896,0.86,0.74928
283,1,1.0,0.49856,0.96,0.38128,0.205,0.33664,0.82,0.6916
284,,0.925,0.43088,0.91,0.34896,0.18,0.30432,0.77,0.62392
285,,0.85,0.3632,0.86,0.31664,0.155,0.272,0.72,0.55624
286,,0.775,0.29552,0.81,0.28432,0.13,0.23968,0.67,0.48856
287,,0.7,0.22784,0.76,0.252,0.105,0.20736,0.62,0.42088
288,,0.625,0.16016,0.71,0.21968,0.08,0.17504,0.57,0.3532
289,,0.55,0.09248,0.66,0.18736,0.055,0.14272,0.52,0.28552
290,,0.475,0.0248,0.61,0.15504,0.03,0.1104,0.47,0.21784
291,,0.4,-0.04288,0.56,0.12272,0.005,0.07808,0.42,0.15016
292,2,0.335,1.0,0.52,0.1004,-0.01,0.05576,0.38,0.09248
293,5,0.27,0.94232,0.48,0.07808,1.0,0.03344,0.34,0.0348
294,,0.195,0.87464,0.43,0.04576,0.975,0.00112,0.29,-0.03288
295,8,0.13,0.81696,0.39,0.02344,0.96,-0.0212,0.25,1.0
296,6,0.065,0.75928,0.35,0.00112,0.945,1.0,0.21,0.94232
297,,-0.01,0.6916,0.3,-0.0312,0.92,0.96768,0.16,0.87464
298,4,-0.075,0.63392,0.26,1.0,0.905,0.94536,0.12,0.81696
299,1,1.0,0.57624,0.22,0.97768,0.89,0.92304,0.08,0.75928
300,,0.925,0.50856,0.17,0.94536,0.865,0.89072,0.03,0.6916
301,,0.85,0.44088,0.12,0.91304,0.84,0.8584,-0.02,0.62392
302,7,0.785,0.3832,0.08,0.89072,0.825,0.83608,1.0,0.56624
303,,0.71,0.31552,0.03,0.8584,0.8,0.80376,0.95,0.49856
304,,0.635,0.24784,-0.02,0.82608,0.775,0.77144,0.9,0.43088
305,3,0.57,0.19016,1.0,0.80376,0.76,0.74912,0.86,0.3732
306,,0.495,0.12248,0.95,0.77144,0.735,0.7168,0.81,0.30552
307,,0.42,0.0548,0.9,0.73912,0.71,0.68448,0.76,0.23784
308,,0.345,-0.01288,0.85,0.7068,0.685,0.65216,0.71,0.17016
309,2,0.28,1.0,0.81,0.68448,0.67,0.62984,0.67,0.11248
310,,0.205,0.93232,0.76,0.65216,0.645,0.59752,0.62,0.0448
311,,0.13,0.86464,0.71,0.61984,0.62,0.5652,0.57,-0.02288
312,8,0.065,0.80696,0.67,0.59752,0.605,0.54288,0.53,1.0
313,,-0.01,0.73928,0.62,0.5652,0.58,0.51056,0.48,0.93232
314,1,1.0,0.6816,0.58,0.54288,0.565,0.48824,0.44,0.87464
315,,0.925,0.61392,0.53,0.51056,0.54,0.45592,0.39,0.80696
316,,0.85,0.54624,0.48,0.47824,0.515,0.4236,0.34,0.73928
317,,0.775,0.47856,0.43,0.44592,0.49,0.39128,0.29,0.6716
318,,0.7,0.41088,0.38,0.4136,0.465,0.35896,0.24,0.60392
319,,0.625,0.3432,0.33,0.38128,0.44,0.32664,0.19,0.53624
320,,0.55,0.27552,0.28,0.34896,0.415,0.29432,0.14,0.46856
321,,0.475,0.20784,0.23,0.31664,0.39,0.262,0.09,0.40088
322,,0.4,0.14016,0.18,0.28432,0.365,0.22968,0.04,0.3332
323,,0.325,0.07248,0.13,0.252,0.34,0.19736,-0.01,0.26552
324,7,0.26,0.0148,0.09,0.22968,0.325,0.17504,1.0,0.20784
325,,0.185,-0.05288,0.04,0.19736,0.3,0.14272,0.95,0.14016
326,2,0.12,1.0,0.0,0.17504,0.285,0.1204,0.91,0.08248
327,,0.045,0.93232,-0.05,0.14272,0.26,0.08808,0.86,0.0148
328,3,-0.02,0.87464,1.0,0.1204,0.245,0.06576,0.82,-0.04288
329,8,-0.085,0.81696,0.96,0.09808,0.23,0.04344,0.78,1.0
330,1,1.0,0.75928,0.92,0.07576,0.215,0.02112,0.74,0.94232
331,,0.925,0.6916,0.87,0.04344,0.19,-0.0112,0.69,0.87464
332,6,0.86,0.63392,0.83,0.02112,0.175,1.0,0.65,0.81696
333,,0.785,0.56624,0.78,-0.0112,0.15,0.96768,0.6,0.74928
334,4,0.72,0.50856,0.74,1.0,0.135,0.94536,0.56,0.6916
335,,0.645,0.44088,0.69,0.96768,0.11,0.91304,0.51,0.62392
336,,0.57,0.3732,0.64,0.93536,0.085,0.88072,0.46,0.55624
337,,0.495,0.30552,0.59,0.90304,0.06,0.8484,0.41,0.48856
338,,0.42,0.23784,0.54,0.87072,0.035,0.81608,0.36,0.42088
339,,0.345,0.17016,0.49,0.8384,0.01,0.78376,0.31,0.3532
340,,0.27,0.10248,0.44,0.80608,-0.015,0.75144,0.26,0.28552
341,5,0.205,0.0448,0.4,0.78376,1.0,0.72912,0.22,0.22784
342,,0.13,-0.02288,0.35,0.75144,0.975,0.6968,0.17,0.16016
343,2,0.065,1.0,0.31,0.72912,0.96,0.67448,0.13,0.10248
344,,-0.01,0.93232,0.26,0.6968,0.935,0.64216,0.08,0.0348
345,1,1.0,0.87464,0.22,0.67448,0.92,0.61984,0.04,-0.02288
346,8,0.935,0.81696,0.18,0.65216,0.905,0.59752,0.0,1.0
347,,0.86,0.74928,0.13,0.61984,0.88,0.5652,-0.05,0.93232
348,7,0.795,0.6916,0.09,0.59752,0.865,0.54288,1.0,0.87464
349,,0.72,0.62392,0.04,0.5652,0.84,0.51056,0.95,0.80696
350,,0.645,0.55624,-0.01,0.53288,0.815,0.47824,0.9,0.73928
351,3,0.58,0.49856,1.0,0.51056,0.8,0.45592,0.86,0.6816
352,,0.505,0.43088,0.95,0.47824,0.775,0.4236,0.81,0.61392
353,,0.43,0.3632,0.9,0.44592,0.75,0.39128,0.76,0.54624
354,,0.355,0.29552,0.85,0.4136,0.725,0.35896,0.71,0.47856
355,,0.28,0.22784,0.8,0.38128,0.7,0.32664,0.66,0.41088
356,,0.205,0.16016,0.75,0.34896,0.675,0.29432,0.61,0.3432
357,,0.13,0.09248,0.7,0.31664,0.65,0.262,0.56,0.27552
358,,0.055,0.0248,0.65,0.28432,0.625,0.22968,0.51,0.20784
359,,-0.02,-0.04288,0.6,0.252,0.6,0.19736,0.46,0.14016
360,2,-0.085,1.0,0.56,0.22968,0.585,0.17504,0.42,0.08248
361,1,1.0,0.94232,0.52,0.20736,0.57,0.15272,0.38,0.0248
362,,0.925,0.87464,0.47,0.17504,0.545,0.1204,0.33,-0.04288
363,8,0.86,0.81696,0.43,0.15272,0.53,0.09808,0.29,1.0
364,,0.785,0.74928,0.38,0.1204,0.505,0.06576,0.24,0.93232
365,,0.71,0.6816,0.33,0.08808,0.48,0.03344,0.19,0.86464
366,,0.635,0.61392,0.28,0.05576,0.455,0.00112,0.14,0.79696
367,,0.56,0.54624,0.23,0.02344,0.43,-0.0312,0.09,0.72928
368,6,0.495,0.48856,0.19,0.00112,0.415,1.0,0.05,0.6716
369,,0.42,0.42088,0.14,-0.0312,0.39,0.96768,0.0,0.60392
370,4,0.355,0.3632,0.1,1.0,0.375,0.94536,-0.04,0.54624
371,7,0.29,0.30552,0.06,0.97768,0.36,0.92304,1.0,0.48856
372,,0.215,0.23784,0.01,0.94536,0.335,0.89072,0.95,0.42088
373,,0.14,0.17016,-0.04,0.91304,0.31,0.8584,0.9,0.3532
374,3,0.075,0.11248,1.0,0.89072,0.295,0.83608,0.86,0.29552
375,,-0.0,0.0448,0.95,0.8584,0.27,0.80376,0.81,0.22784
376,,-0.075,-0.02288,0.9,0.82608,0.245,0.77144,0.76,0.16016
377,1,1.0,-0.08056,0.86,0.80376,0.23,0.74912,0.72,0.10248
378,2,0.935,1.0,0.82,0.78144,0.215,0.7268,0.68,0.0448
379,,0.86,0.93232,0.77,0.74912,0.19,0.69448,0.63,-0.02288
380,8,0.795,0.87464,0.73,0.7268,0.175,0.67216,0.59,1.0
381,,0.72,0.80696,0.68,0.69448,0.15,0.63984,0.54,0.93232
382,,0.645,0.73928,0.63,0.66216,0.125,0.60752,0.49,0.86464
383,,0.57,0.6716,0.58,0.62984,0.1,0.5752,0.44,0.79696
384,,0.495,0.60392,0.53,0.59752,0.075,0.54288,0.39,0.72928
385,,0.42,0.53624,0.48,0.5652,0.05,0.51056,0.34,0.6616
386,,0.345,0.46856,0.43,0.53288,0.025,0.47824,0.29,0.59392
387,,0.27,0.40088,0.38,0.50056,0.0,0.44592,0.24,0.52624
388,,0.195,0.3332,0.33,0.46824,-0.025,0.4136,0.19,0.45856
389,5,0.13,0.27552,0.29,0.44592,1.0,0.39128,0.15,0.40088
390,,0.055,0.20784,0.24,0.4136,0.975,0.35896,0.1,0.3332
391,,-0.02,0.14016,0.19,0.38128,0.95,0.32664,0.05,0.26552
392,1,1.0,0.08248,0.15,0.35896,0.935,0.30432,0.01,0.20784
393,,0.925,0.0148,0.1,0.32664,0.91,0.272,-0.04,0.14016
394,7,0.86,-0.04288,0.06,0.30432,0.895,0.24968,1.0,0.08248
395,2,0.795,1.0,0.02,0.282,0.88,0.22736,0.96,0.0248
396,,0.72,0.93232,-0.03,0.24968,0.855,0.19504,0.91,-0.04288
397,8,0.655,0.87464,-0.07,0.22736,0.84,0.17272,0.87,1.0
398,3,0.59,0.81696,1.0,0.20504,0.825,0.1504,0.83,0.94232
399,,0.515,0.74928,0.95,0.17272,0.8,0.11808,0.78,0.87464
400,,0.44,0.6816,0.9,0.1404,0.775,0.08576,0.73,0.80696
401,,0.365,0.61392,0.85,0.10808,0.75,0.05344,0.68,0.73928
402,,0.29,0.54624,0.8,0.07576,0.725,0.02112,0.63,0.6716
403,,0.215,0.47856,0.75,0.04344,0.7,-0.0112,0.58,0.60392
404,6,0.15,0.42088,0.71,0.02112,0.685,1.0,0.54,0.54624
405,,0.075,0.3532,0.66,-0.0112,0.66,0.96768,0.49,0.47856
406,4,0.01,0.29552,0.62,1.0,0.645,0.94536,0.45,0.42088
407,,-0.065,0.22784,0.57,0.96768,0.62,0.91304,0.4,0.3532
408,1,1.0,0.17016,0.53,0.94536,0.605,0.89072,0.36,0.29552
409,,0.925,0.10248,0.48,0.91304,0.58,0.8584,0.31,0.22784
410,,0.85,0.0348,0.43,0.88072,0.555,0.82608,0.26,0.16016
411,,0.775,-0.03288,0.38,0.8484,0.53,0.79376,0.21,0.09248
412,2,0.71,1.0,0.34,0.82608,0.515,0.77144,0.17,0.0348
413,,0.635,0.93232,0.29,0.79376,0.49,0.73912,0.12,-0.03288
414,8,0.57,0.87464,0.25,0.77144,0.475,0.7168,0.08,1.0
415,,0.495,0.80696,0.2,0.73912,0.45,0.68448,0.03,0.93232
416,,0.42,0.73928,0.15,0.7068,0.425,0.65216,-0.02,0.86464
417,7,0.355,0.6816,0.11,0.68448,0.41,0.62984,1.0,0.80696
418,,0.28,0.61392,0.06,0.65216,0.385,0.59752,0.95,0.73928
419,,0.205,0.54624,0.01,0.61984,0.36,0.5652,0.9,0.6716
420,,0.13,0.47856,-0.04,0.58752,0.335,0.53288,0.85,0.60392
421,3,0.065,0.42088,1.0,0.5652,0.32,0.51056,0.81,0.54624
422,,-0.01,0.3532,0.95,0.53288,0.295,0.47824,0.76,0.47856
423,1,1.0,0.29552,0.91,0.51056,0.28,0.45592,0.72,0.42088
424,,0.925,0.22784,0.86,0.47824,0.255,0.4236,0.67,0.3532
425,,0.85,0.16016,0.81,0.44592,0.23,0.39128,0.62,0.28552
426,,0.775,0.09248,0.76,0.4136,0.205,0.35896,0.57,0.21784
427,,0.7,0.0248,0.71,0.38128,0.18,0.32664,0.52,0.15016
428,,0.625,-0.04288,0.66,0.34896,0.155,0.29432,0.47,0.08248
429,2,0.56,1.0,0.62,0.32664,0.14,0.272,0.43,0.0248
430,,0.485,0.93232,0.57,0.29432,0.115,0.23968,0.38,-0.04288
431,8,0.42,0.87464,0.53,0.272,0.1,0.21736,0.34,1.0
432,,0.345,0.80696,0.48,0.23968,0.075,0.18504,0.29,0.93232
433,,0.27,0.73928,0.43,0.20736,0.05,0.15272,0.24,0.86464
434,,0.195,0.6716,0.38,0.17504,0.025,0.1204,0.19,0.79696
435,,0.12,0.60392,0.33,0.14272,0.0,0.08808,0.14,0.72928
436,,0.045,0.53624,0.28,0.1104,-0.025,0.05576,0.09,0.6616
437,5,-0.02,0.47856,0.24,0.08808,1.0,0.03344,0.05,0.60392
438,1,1.0,0.42088,0.2,0.06576,0.985,0.01112,0.01,0.54624
439,,0.925,0.3532,0.15,0.03344,0.96,-0.0212,-0.04,0.47856
440,7,0.86,0.29552,0.11,0.01112,0.945,-0.04352,1.0,0.42088
441,6,0.795,0.23784,0.07,-0.0112,0.93,1.0,0.96,0.3632
442,4,0.73,0.18016,0.03,1.0,0.915,0.97768,0.92,0.30552
443,,0.655,0.11248,-0.02,0.96768,0.89,0.94536,0.87,0.23784
444,3,0.59,0.0548,1.0,0.94536,0.875,0.92304,0.83,0.18016
445,,0.515,-0.01288,0.95,0.91304,0.85,0.89072,0.78,0.11248
446,2,0.45,1.0,0.91,0.89072,0.835,0.8684,0.74,0.0548
447,,0.375,0.93232,0.86,0.8584,0.81,0.83608,0.69,-0.01288
448,8,0.31,0.87464,0.82,0.83608,0.795,0.81376,0.65,1.0
449,,0.235,0.80696,0.77,0.80376,0.77,0.78144,0.6,0.93232
450,,0.16,0.73928,0.72,0.77144,0.745,0.74912,0.55,0.86464
451,,0.085,0.6716,0.67,0.73912,0.72,0.7168,0.5,0.79696
452,,0.01,0.60392,0.62,0.7068,0.695,0.68448,0.45,0.72928
453,,-0.065,0.53624,0.57,0.67448,0.67,0.65216,0.4,0.6616
454,1,1.0,0.47856,0.53,0.65216,0.655,0.62984,0.36,0.60392
455,,0.925,0.41088,0.48,0.61984,0.63,0.59752,0.31,0.53624
456,,0.85,0.3432,0.43,0.58752,0.605,0.5652,0.26,0.46856
457,,0.775,0.27552,0.38,0.5552,0.58,0.53288,0.21,0.40088
458,,0.7,0.20784,0.33,0.52288,0.555,0.50056,0.16,0.3332
459,,0.625,0.14016,0.28,0.49056,0.53,0.46824,0.11,0.26552
460,,0.55,0.07248,0.23,0.45824,0.505,0.43592,0.06,0.19784
461,,0.475,0.0048,0.18,0.42592,0.48,0.4036,0.01,0.13016
462,,0.4,-0.06288,0.13,0.3936,0.455,0.37128,-0.04,0.06248
463,2,0.335,1.0,0.09,0.37128,0.44,0.34896,-0.08,0.0048
464,7,0.27,0.94232,0.05,0.34896,0.425,0.32664,1.0,-0.05288
465,8,0.205,0.88464,0.01,0.32664,0.41,0.30432,0.96,1.0
466,,0.13,0.81696,-0.04,0.29432,0.385,0.272,0.91,0.93232
467,3,0.065,0.75928,1.0,0.272,0.37,0.24968,0.87,0.87464
468,,-0.01,0.6916,0.95,0.23968,0.345,0.21736,0.82,0.80696
469,1,1.0,0.63392,0.91,0.21736,0.33,0.19504,0.78,0.74928
470,,0.925,0.56624,0.86,0.18504,0.305,0.16272,0.73,0.6816
471,,0.85,0.49856,0.81,0.15272,0.28,0.1304,0.68,0.61392
472,,0.775,0.43088,0.76,0.1204,0.255,0.09808,0.63,0.54624
473,,0.7,0.3632,0.71,0.08808,0.23,0.06576,0.58,0.47856
474,,0.625,0.29552,0.66,0.05576,0.205,0.03344,0.53,0.41088
475,,0.55,0.22784,0.61,0.02344,0.18,0.00112,0.48,0.3432
476,,0.475,0.16016,0.56,-0.00888,0.155,-0.0312,0.43,0.27552
477,6,0.41,0.10248,0.52,-0.0312,0.14,1.0,0.39,0.21784
478,4,0.345,0.0448,0.48,1.0,0.125,0.97768,0.35,0.16016
479,,0.27,-0.02288,0.43,0.96768,0.1,0.94536,0.3,0.09248
480,2,0.205,1.0,0.39,0.94536,0.085,0.92304,0.26,0.0348
481,,0.13,0.93232,0.34,0.91304,0.06,0.89072,0.21,-0.03288
482,8,0.065,0.87464,0.3,0.89072,0.045,0.8684,0.17,1.0
483,,-0.01,0.80696,0.25,0.8584,0.02,0.83608,0.12,0.93232
484,1,1.0,0.74928,0.21,0.83608,0.005,0.81376,0.08,0.87464
485,,0.925,0.6816,0.16,0.80376,-0.02,0.78144,0.03,0.80696
486,5,0.86,0.62392,0.12,0.78144,1.0,0.75912,-0.01,0.74928
487,7,0.795,0.56624,0.08,0.75912,0.985,0.7368,1.0,0.6916
488,,0.72,0.49856,0.03,0.7268,0.96,0.70448,0.95,0.62392
489,,0.645,0.43088,-0.02,0.69448,0.935,0.67216,0.9,0.55624
490,3,0.58,0.3732,1.0,0.67216,0.92,0.64984,0.86,0.49856
491,,0.505,0.30552,0.95,0.63984,0.895,0.61752,0.81,0.43088
492,,0.43,0.23784,0.9,0.60752,0.87,0.5852,0.76,0.3632
493,,0.355,0.17016,0.85,0.5752,0.845,0.55288,0.71,0.29552
494,,0.28,0.10248,0.8,0.54288,0.82,0.52056,0.66,0.22784
495,,0.205,0.0348,0.75,0.51056,0.795,0.48824,0.61,0.16016
496,,0.13,-0.03288,0.7,0.47824,0.77,0.45592,0.56,0.09248
497,2,0.065,1.0,0.66,0.45592,0.755,0.4336,0.52,0.0348
498,,-0.01,0.93232,0.61,0.4236,0.73,0.40128,0.47,-0.03288
499,8,-0.075,0.87464,0.57,0.40128,0.715,0.37896,0.43,1.0
500,1,1.0,0.81696,0.53,0.37896,0.7,0.35664,0.39,0.94232
501,,0.925,0.74928,0.48,0.34664,0.675,0.32432,0.34,0.87464
502,,0.85,0.6816,0.43,0.31432,0.65,0.292,0.29,0.80696
503,,0.775,0.61392,0.38,0.282,0.625,0.25968,0.24,0.73928
504,,0.7,0.54624,0.33,0.24968,0.6,0.22736,0.19,0.6716
505,,0.625,0.47856,0.28,0.21736,0.575,0.19504,0.14,0.60392
506,,0.55,0.41088,0.23,0.18504,0.55,0.16272,0.09,0.53624
507,,0.475,0.3432,0.18,0.15272,0.525,0.1304,0.04,0.46856
508,,0.4,0.27552,0.13,0.1204,0.5,0.09808,-0.01,0.40088
509,7,0.335,0.21784,0.09,0.09808,0.485,0.07576,1.0,0.3432
510,,0.26,0.15016,0.04,0.06576,0.46,0.04344,0.95,0.27552
511,,0.185,0.08248,-0.01,0.03344,0.435,0.01112,0.9,0.20784
512,3,0.12,0.0248,1.0,0.01112,0.42,-0.0112,0.86,0.15016
513,6,0.055,-0.03288,0.96,-0.0112,0.405,1.0,0.82,0.09248
514,2,-0.01,1.0,0.92,-0.03352,0.39,0.97768,0.78,0.0348
515,4,-0.075,0.94232,0.88,1.0,0.375,0.95536,0.74,-0.02288
516,1,1.0,0.88464,0.84,0.97768,0.36,0.93304,0.7,-0.08056
517,8,0.935,0.82696,0.8,0.95536,0.345,0.91072,0.66,1.0
518,,0.86,0.75928,0.75,0.92304,0.32,0.8784,0.61,0.93232
519,,0.785,0.6916,0.7,0.89072,0.295,0.84608,0.56,0.86464
520,,0.71,0.62392,0.65,0.8584,0.27,0.81376,0.51,0.79696
521,,0.635,0.55624,0.6,0.82608,0.245,0.78144,0.46,0.72928
522,,0.56,0.48856,0.55,0.79376,0.22,0.74912,0.41,0.6616
523,,0.485,0.42088,0.5,0.76144,0.195,0.7168,0.36,0.59392
524,,0.41,0.3532,0.45,0.72912,0.17,0.68448,0.31,0.52624
525,,0.335,0.28552,0.4,0.6968,0.145,0.65216,0.26,0.45856
526,,0.26,0.21784,0.35,0.66448,0.12,0.61984,0.21,0.39088
527,,0.185,0.15016,0.3,0.63216,0.095,0.58752,0.16,0.3232
528,,0.11,0.08248,0.25,0.59984,0.07,0.5552,0.11,0.25552
529,,0.035,0.0148,0.2,0.56752,0.045,0.52288,0.06,0.18784
530,,-0.04,-0.05288,0.15,0.5352,0.02,0.49056,0.01,0.12016
531,2,-0.105,1.0,0.11,0.51288,0.005,0.46824,-0.03,0.06248
532,1,1.0,0.94232,0.07,0.49056,-0.01,0.44592,-0.07,0.0048
533,7,0.935,0.88464,0.03,0.46824,-0.025,0.4236,1.0,-0.05288
534,8,0.87,0.82696,-0.01,0.44592,-0.04,0.40128,0.96,1.0
535,5,0.805,0.76928,-0.05,0.4236,1.0,0.37896,0.92,0.94232
536,3,0.74,0.7116,1.0,0.40128,0.985,0.35664,0.88,0.88464
537,,0.665,0.64392,0.95,0.36896,0.96,0.32432,0.83,0.81696
538,,0.59,0.57624,0.9,0.33664,0.935,0.292,0.78,0.74928
539,,0.515,0.50856,0.85,0.30432,0.91,0.25968,0.73,0.6816
540,,0.44,0.44088,0.8,0.272,0.885,0.22736,0.68,0.61392
541,,0.365,0.3732,0.75,0.23968,0.86,0.19504,0.63,0.54624
542,,0.29,0.30552,0.7,0.20736,0.835,0.16272,0.58,0.47856
543,,0.215,0.23784,0.65,0.17504,0.81,0.1304,0.53,0.41088
544,,0.14,0.17016,0.6,0.14272,0.785,0.09808,0.48,0.3432
545,,0.065,0.10248,0.55,0.1104,0.76,0.06576,0.43,0.27552
546,,-0.01,0.0348,0.5,0.07808,0.735,0.03344,0.38,0.20784
547,1,1.0,-0.02288,0.46,0.05576,0.72,0.01112,0.34,0.15016
548,2,0.935,1.0,0.42,0.03344,0.705,-0.0112,0.3,0.09248
549,6,0.87,0.94232,0.38,0.01112,0.69,1.0,0.26,0.0348
550,,0.795,0.87464,0.33,-0.0212,0.665,0.96768,0.21,-0.03288
551,8,0.73,0.81696,0.29,-0.04352,0.65,0.94536,0.17,1.0
552,4,0.665,0.75928,0.25,1.0,0.635,0.92304,0.13,0.94232
553,,0.59,0.6916,0.2,0.96768,0.61,0.89072,0.08,0.87464
554,,0.515,0.62392,0.15,0.93536,0.585,0.8584,0.03,0.80696
555,,0.44,0.55624,0.1,0.90304,0.56,0.82608,-0.02,0.73928
556,7,0.375,0.49856,0.06,0.88072,0.545,0.80376,1.0,0.6816
557,,0.3,0.43088,0.01,0.8484,0.52,0.77144,0.95,0.61392
558,,0.225,0.3632,-0.04,0.81608,0.495,0.73912,0.9,0.54624
559,3,0.16,0.30552,1.0,0.79376,0.48,0.7168,0.86,0.48856
560,,0.085,0.23784,0.95,0.76144,0.455,0.68448,0.81,0.42088
561,,0.01,0.17016,0.9,0.72912,0.43,0.65216,0.76,0.3532
562,,-0.065,0.10248,0.85,0.6968,0.405,0.61984,0.71,0.28552
563,1,1.0,0.0448,0.81,0.67448,0.39,0.59752,0.67,0.22784
564,,0.925,-0.02288,0.76,0.64216,0.365,0.5652,0.62,0.16016
565,2,0.86,1.0,0.72,0.61984,0.35,0.54288,0.58,0.10248
566,,0.785,0.93232,0.67,0.58752,0.325,0.51056,0.53,0.0348
567,,0.71,0.86464,0.62,0.5552,0.3,0.47824,0.48,-0.03288
568,8,0.645,0.80696,0.58,0.53288,0.285,0.45592,0.44,1.0
569,,0.57,0.73928,0.53,0.50056,0.26,0.4236,0.39,0.93232
570,,0.495,0.6716,0.48,0.46824,0.235,0.39128,0.34,0.86464
571,,0.42,0.60392,0.43,0.43592,0.21,0.35896,0.29,0.79696
572,,0.345,0.53624,0.38,0.4036,0.185,0.32664,0.24,0.72928
573,,0.27,0.46856,0.33,0.37128,0.16,0.29432,0.19,0.6616
574,,0.195,0.40088,0.28,0.33896,0.135,0.262,0.14,0.59392
575,,0.12,0.3332,0.23,0.30664,0.11,0.22968,0.09,0.52624
576,,0.045,0.26552,0.18,0.27432,0.085,0.19736,0.04,0.45856
577,,-0.03,0.19784,0.13,0.242,0.06,0.16504,-0.01,0.39088
578,1,1.0,0.14016,0.09,0.21968,0.045,0.14272,-0.05,0.3332
579,7,0.935,0.08248,0.05,0.19736,0.03,0.1204,1.0,0.27552
580,,0.86,0.0148,0.0,0.16504,0.005,0.08808,0.95,0.20784
581,,0.785,-0.05288,-0.05,0.13272,-0.02,0.05576,0.9,0.14016
582,2,0.72,1.0,-0.09,0.1104,-0.035,0.03344,0.86,0.08248
583,3,0.655,0.94232,1.0,0.08808,-0.05,0.01112,0.82,0.0248
584,5,0.59,0.88464,0.96,0.06576,1.0,-0.0112,0.78,-0.03288
585,8,0.525,0.82696,0.92,0.04344,0.985,-0.03352,0.74,1.0
586,6,0.46,0.76928,0.88,0.02112,0.97,1.0,0.7,0.94232
587,,0.385,0.7016,0.83,-0.0112,0.945,0.96768,0.65,0.87464
588,4,0.32,0.64392,0.79,1.0,0.93,0.94536,0.61,0.81696
589,,0.245,0.57624,0.74,0.96768,0.905,0.91304,0.56,0.74928
590,,0.17,0.50856,0.69,0.93536,0.88,0.88072,0.51,0.6816
591,,0.095,0.44088,0.64,0.90304,0.855,0.8484,0.46,0.61392
592,,0.02,0.3732,0.59,0.87072,0.83,0.81608,0.41,0.54624
593,,-0.055,0.30552,0.54,0.8384,0.805,0.78376,0.36,0.47856
594,1,1.0,0.24784,0.5,0.81608,0.79,0.76144,0.32,0.42088
595,,0.925,0.18016,0.45,0.78376,0.765,0.72912,0.27,0.3532
596,,0.85,0.11248,0.4,0.75144,0.74,0.6968,0.22,0.28552
597,,0.775,0.0448,0.35,0.71912,0.715,0.66448,0.17,0.21784
598,,0.7,-0.02288,0.3,0.6868,0.69,0.63216,0.12,0.15016
599,2,0.635,1.0,0.26,0.66448,0.675,0.60984,0.08,0.09248
600,,0.56,0.93232,0.21,0.63216,0.65,0.57752,0.03,0.0248
601,,0.485,0.86464,0.16,0.59984,0.625,0.5452,-0.02,-0.04288
602,8,0.42,0.80696,0.12,0.57752,0.61,0.52288,-0.06,1.0
603,7,0.355,0.74928,0.08,0.5552,0.595,0.50056,1.0,0.94232
604,,0.28,0.6816,0.03,0.52288,0.57,0.46824,0.95,0.87464
605,,0.205,0.61392,-0.02,0.49056,0.545,0.43592,0.9,0.80696
606,3,0.14,0.55624,1.0,0.46824,0.53,0.4136,0.86,0.74928
607,,0.065,0.48856,0.95,0.43592,0.505,0.38128,0.81,0.6816
608,,-0.01,0.42088,0.9,0.4036,0.48,0.34896,0.76,0.61392
609,1,1.0,0.3632,0.86,0.38128,0.465,0.32664,0.72,0.55624
610,,0.925,0.29552,0.81,0.34896,0.44,0.29432,0.67,0.48856
611,,0.85,0.22784,0.76,0.31664,0.415,0.262,0.62,0.42088
612,,0.775,0.16016,0.71,0.28432,0.39,0.22968,0.57,0.3532
613,,0.7,0.09248,0.66,0.252,0.365,0.19736,0.52,0.28552
614,,0.625,0.0248,0.61,0.21968,0.34,0.16504,0.47,0.21784
615,,0.55,-0.04288,0.56,0.18736,0.315,0.13272,0.42,0.15016
616,2,0.485,1.0,0.52,0.16504,0.3,0.1104,0.38,0.09248
617,,0.41,0.93232,0.47,0.13272,0.275,0.07808,0.33,0.0248
618,,0.335,0.86464,0.42,0.1004,0.25,0.04576,0.28,-0.04288
619,8,0.27,0.80696,0.38,0.07808,0.235,0.02344,0.24,1.0
620,,0.195,0.73928,0.33,0.04576,0.21,-0.00888,0.19,0.93232
621,6,0.13,0.6816,0.29,0.02344,0.195,1.0,0.15,0.87464
622,,0.055,0.61392,0.24,-0.00888,0.17,0.96768,0.1,0.80696
623,4,-0.01,0.55624,0.2,1.0,0.155,0.94536,0.06,0.74928
624,1,1.0,0.49856,0.16,0.97768,0.14,0.92304,0.02,0.6916
625,,0.925,0.43088,0.11,0.94536,0.115,0.89072,-0.03,0.62392
626,7,0.86,0.3732,0.07,0.92304,0.1,0.8684,1.0,0.56624
627,,0.785,0.30552,0.02,0.89072,0.075,0.83608,0.95,0.49856
628,,0.71,0.23784,-0.03,0.8584,0.05,0.80376,0.9,0.43088
629,3,0.645,0.18016,1.0,0.83608,0.035,0.78144,0.86,0.3732
630,,0.57,0.11248,0.95,0.80376,0.01,0.74912,0.81,0.30552
631,,0.495,0.0448,0.9,0.77144,-0.015,0.7168,0.76,0.23784
632,5,0.43,-0.01288,0.86,0.74912,1.0,0.69448,0.72,0.18016
633,2,0.365,1.0,0.82,0.7268,0.985,0.67216,0.68,0.12248
634,,0.29,0.93232,0.77,0.69448,0.96,0.63984,0.63,0.0548
635,,0.215,0.86464,0.72,0.66216,0.935,0.60752,0.58,-0.01288
636,8,0.15,0.80696,0.68,0.63984,0.92,0.5852,0.54,1.0
637,,0.075,0.73928,0.63,0.60752,0.895,0.55288,0.49,0.93232
638,,-0.0,0.6716,0.58,0.5752,0.87,0.52056,0.44,0.86464
639,,-0.075,0.60392,0.53,0.54288,0.845,0.48824,0.39,0.79696
640,1,1.0,0.54624,0.49,0.52056,0.83,0.46592,0.35,0.73928
641,,0.925,0.47856,0.44,0.48824,0.805,0.4336,0.3,0.6716
642,,0.85,0.41088,0.39,0.45592,0.78,0.40128,0.25,0.60392
643,,0.775,0.3432,0.34,0.4236,0.755,0.36896,0.2,0.53624
644,,0.7,0.27552,0.29,0.39128,0.73,0.33664,0.15,0.46856
645,,0.625,0.20784,0.24,0.35896,0.705,0.30432,0.1,0.40088
646,,0.55,0.14016,0.19,0.32664,0.68,0.272,0.05,0.3332
647,,0.475,0.07248,0.14,0.29432,0.655,0.23968,0.0,0.26552
648,,0.4,0.0048,0.09,0.262,0.63,0.20736,-0.05,0.19784
649,7,0.335,-0.05288,0.05,0.23968,0.615,0.18504,1.0,0.14016
650,2,0.27,1.0,0.01,0.21736,0.6,0.16272,0.96,0.08248
651,,0.195,0.93232,-0.04,0.18504,0.575,0.1304,0.91,0.0148
652,3,0.13,0.87464,1.0,0.16272,0.56,0.10808,0.87,-0.04288
653,8,0.065,0.81696,0.96,0.1404,0.545,0.08576,0.83,1.0
654,,-0.01,0.74928,0.91,0.10808,0.52,0.05344,0.78,0.93232
655,1,1.0,0.6916,0.87,0.08576,0.505,0.03112,0.74,0.87464
656,,0.925,0.62392,0.82,0.05344,0.48,-0.0012,0.69,0.80696
657,6,0.86,0.56624,0.78,0.03112,0.465,1.0,0.65,0.74928
658,,0.785,0.49856,0.73,-0.0012,0.44,0.96768,0.6,0.6816
659,4,0.72,0.44088,0.69,1.0,0.425,0.94536,0.56,0.62392
660,,0.645,0.3732,0.64,0.96768,0.4,0.91304,0.51,0.55624
661,,0.57,0.30552,0.59,0.93536,0.375,0.88072,0.46,0.48856
662,,0.495,0.23784,0.54,0.90304,0.35,0.8484,0.41,0.42088
663,,0.42,0.17016,0.49,0.87072,0.325,0.81608,0.36,0.3532
664,,0.345,0.10248,0.44,0.8384,0.3,0.78376,0.31,0.28552
665,,0.27,0.0348,0.39,0.80608,0.275,0.75144,0.26,0.21784
666,,0.195,-0.03288,0.34,0.77376,0.25,0.71912,0.21,0.15016
667,2,0.13,1.0,0.3,0.75144,0.235,0.6968,0.17,0.09248
668,,0.055,0.93232,0.25,0.71912,0.21,0.66448,0.12,0.0248
669,,-0.02,0.86464,0.2,0.6868,0.185,0.63216,0.07,-0.04288
670,8,-0.085,0.80696,0.16,0.66448,0.17,0.60984,0.03,1.0
671,1,1.0,0.74928,0.12,0.64216,0.155,0.58752,-0.01,0.94232
672,7,0.935,0.6916,0.08,0.61984,0.14,0.5652,1.0,0.88464
673,,0.86,0.62392,0.03,0.58752,0.115,0.53288,0.95,0.81696
674,,0.785,0.55624,-0.02,0.5552,0.09,0.50056,0.9,0.74928
675,3,0.72,0.49856,1.0,0.53288,0.075,0.47824,0.86,0.6916
676,,0.645,0.43088,0.95,0.50056,0.05,0.44592,0.81,0.62392
677,,0.57,0.3632,0.9,0.46824,0.025,0.4136,0.76,0.55624
678,,0.495,0.29552,0.85,0.43592,0.0,0.38128,0.71,0.48856
679,,0.42,0.22784,0.8,0.4036,-0.025,0.34896,0.66,0.42088
680,5,0.355,0.17016,0.76,0.38128,1.0,0.32664,0.62,0.3632
681,,0.28,0.10248,0.71,0.34896,0.975,0.29432,0.57,0.29552
682,,0.205,0.0348,0.66,0.31664,0.95,0.262,0.52,0.22784
683,,0.13,-0.03288,0.61,0.28432,0.925,0.22968,0.47,0.16016
684,2,0.065,1.0,0.57,0.262,0.91,0.20736,0.43,0.10248
685,,-0.01,0.93232,0.52,0.22968,0.885,0.17504,0.38,0.0348
686,1,1.0,0.87464,0.48,0.20736,0.87,0.15272,0.34,-0.02288
687,8,0.935,0.81696,0.44,0.18504,0.855,0.1304,0.3,1.0
688,,0.86,0.74928,0.39,0.15272,0.83,0.09808,0.25,0.93232
689,,0.785,0.6816,0.34,0.1204,0.805,0.06576,0.2,0.86464
690,,0.71,0.61392,0.29,0.08808,0.78,0.03344,0.15,0.79696
691,,0.635,0.54624,0.24,0.05576,0.755,0.00112,0.1,0.72928
692,,0.56,0.47856,0.19,0.02344,0.73,-0.0312,0.05,0.6616
693,6,0.495,0.42088,0.15,0.00112,0.715,1.0,0.01,0.60392
694,,0.42,0.3532,0.1,-0.0312,0.69,0.96768,-0.04,0.53624
695,7,0.355,0.29552,0.06,-0.05352,0.675,0.94536,1.0,0.47856
696,4,0.29,0.23784,0.02,1.0,0.66,0.92304,0.96,0.42088
697,,0.215,0.17016,-0.03,0.96768,0.635,0.89072,0.91,0.3532
698,3,0.15,0.11248,1.0,0.94536,0.62,0.8684,0.87,0.29552
699,,0.075,0.0448,0.95,0.91304,0.595,0.83608,0.82,0.22784
700,,-0.0,-0.02288,0.9,0.88072,0.57,0.80376,0.77,0.16016
701,2,-0.065,1.0,0.86,0.8584,0.555,0.78144,0.73,0.10248
702,1,1.0,0.94232,0.82,0.83608,0.54,0.75912,0.69,0.0448
703,,0.925,0.87464,0.77,0.80376,0.515,0.7268,0.64,-0.02288
704,8,0.86,0.81696,0.73,0.78144,0.5,0.70448,0.6,1.0
705,,0.785,0.74928,0.68,0.74912,0.475,0.67216,0.55,0.93232
706,,0.71,0.6816,0.63,0.7168,0.45,0.63984,0.5,0.86464
707,,0.635,0.61392,0.58,0.68448,0.425,0.60752,0.45,0.79696
708,,0.56,0.54624,0.53,0.65216,0.4,0.5752,0.4,0.72928
709,,0.485,0.47856,0.48,0.61984,0.375,0.54288,0.35,0.6616
710,,0.41,0.41088,0.43,0.58752,0.35,0.51056,0.3,0.59392
711,,0.335,0.3432,0.38,0.5552,0.325,0.47824,0.25,0.52624
712,,0.26,0.27552,0.33,0.52288,0.3,0.44592,0.2,0.45856
713,,0.185,0.20784,0.28,0.49056,0.275,0.4136,0.15,0.39088
714,,0.11,0.14016,0.23,0.45824,0.25,0.38128,0.1,0.3232
715,,0.035,0.07248,0.18,0.42592,0.225,0.34896,0.05,0.25552
716,,-0.04,0.0048,0.13,0.3936,0.2,0.31664,0.0,0.18784
717,1,1.0,-0.05288,0.09,0.37128,0.185,0.29432,-0.04,0.13016
718,2,0.935,1.0,0.05,0.34896,0.17,0.272,-0.08,0.07248
719,7,0.87,0.94232,0.01,0.32664,0.155,0.24968,1.0,0.0148
720,,0.795,0.87464,-0.04,0.29432,0.13,0.21736,0.95,-0.05288
721,8,0.73,0.81696,-0.08,0.272,0.115,0.19504,0.91,1.0
722,3,0.665,0.75928,1.0,0.24968,0.1,0.17272,0.87,0.94232
723,,0.59,0.6916,0.95,0.21736,0.075,0.1404,0.82,0.87464
724,,0.515,0.62392,0.9,0.18504,0.05,0.10808,0.77,0.80696
725,,0.44,0.55624,0.85,0.15272,0.025,0.07576,0.72,0.73928
726,,0.365,0.48856,0.8,0.1204,0.0,0.04344,0.67,0.6716
727,,0.29,0.42088,0.75,0.08808,-0.025,0.01112,0.62,0.60392
728,5,0.225,0.3632,0.71,0.06576,1.0,-0.0112,0.58,0.54624
729,6,0.16,0.30552,0.67,0.04344,0.985,1.0,0.54,0.48856
730,,0.085,0.23784,0.62,0.01112,0.96,0.96768,0.49,0.42088
731,,0.01,0.17016,0.57,-0.0212,0.935,0.93536,0.44,0.3532
732,4,-0.055,0.11248,0.53,1.0,0.92,0.91304,0.4,0.29552
733,1,1.0,0.0548,0.49,0.97768,0.905,0.89072,0.36,0.23784
734,,0.925,-0.01288,0.44,0.94536,0.88,0.8584,0.31,0.17016
735,2,0.86,1.0,0.4,0.92304,0.865,0.83608,0.27,0.11248
736,,0.785,0.93232,0.35,0.89072,0.84,0.80376,0.22,0.0448
737,,0.71,0.86464,0.3,0.8584,0.815,0.77144,0.17,-0.02288
738,8,0.645,0.80696,0.26,0.83608,0.8,0.74912,0.13,1.0
739,,0.57,0.73928,0.21,0.80376,0.775,0.7168,0.08,0.93232
740,,0.495,0.6716,0.16,0.77144,0.75,0.68448,0.03,0.86464
741,,0.42,0.60392,0.11,0.73912,0.725,0.65216,-0.02,0.79696
742,7,0.355,0.54624,0.07,0.7168,0.71,0.62984,1.0,0.73928
743,,0.28,0.47856,0.02,0.68448,0.685,0.59752,0.95,0.6716
744,,0.205,0.41088,-0.03,0.65216,0.66,0.5652,0.9,0.60392
745,3,0.14,0.3532,1.0,0.62984,0.645,0.54288,0.86,0.54624
746,,0.065,0.28552,0.95,0.59752,0.62,0.51056,0.81,0.47856
747,,-0.01,0.21784,0.9,0.5652,0.595,0.47824,0.76,0.41088
748,1,1.0,0.16016,0.86,0.54288,0.58,0.45592,0.72,0.3532
749,,0.925,0.09248,0.81,0.51056,0.555,0.4236,0.67,0.28552
750,,0.85,0.0248,0.76,0.47824,0.53,0.39128,0.62,0.21784
751,,0.775,-0.04288,0.71,0.44592,0.505,0.35896,0.57,0.15016
752,2,0.71,1.0,0.67,0.4236,0.49,0.33664,0.53,0.09248
753,,0.635,0.93232,0.62,0.39128,0.465,0.30432,0.48,0.0248
754,,0.56,0.86464,0.57,0.35896,0.44,0.272,0.43,-0.04288
755,8,0.495,0.80696,0.53,0.33664,0.425,0.24968,0.39,1.0
756,,0.42,0.73928,0.48,0.30432,0.4,0.21736,0.34,0.93232
757,,0.345,0.6716,0.43,0.272,0.375,0.18504,0.29,0.86464
758,,0.27,0.60392,0.38,0.23968,0.35,0.15272,0.24,0.79696
759,,0.195,0.53624,0.33,0.20736,0.325,0.1204,0.19,0.72928
760,,0.12,0.46856,0.28,0.17504,0.3,0.08808,0.14,0.6616
761,,0.045,0.40088,0.23,0.14272,0.275,0.05576,0.09,0.59392
762,,-0.03,0.3332,0.18,0.1104,0.25,0.02344,0.04,0.52624
763,1,1.0,0.27552,0.14,0.08808,0.235,0.00112,0.0,0.46856
764,,0.925,0.20784,0.09,0.05576,0.21,-0.0312,-0.05,0.40088
765,7,0.86,0.15016,0.05,0.03344,0.195,-0.05352,1.0,0.3432
766,6,0.795,0.09248,0.01,0.01112,0.18,1.0,0.96,0.28552
767,,0.72,0.0248,-0.04,-0.0212,0.155,0.96768,0.91,0.21784
768,3,0.655,-0.03288,1.0,-0.04352,0.14,0.94536,0.87,0.16016
769,4,0.59,-0.09056,0.96,1.0,0.125,0.92304,0.83,0.10248
770,2,0.525,1.0,0.92,0.97768,0.11,0.90072,0.79,0.0448
771,,0.45,0.93232,0.87,0.94536,0.085,0.8684,0.74,-0.02288
772,8,0.385,0.87464,0.83,0.92304,0.07,0.84608,0.7,1.0
773,,0.31,0.80696,0.78,0.89072,0.045,0.81376,0.65,0.93232
774,,0.235,0.73928,0.73,0.8584,0.02,0.78144,0.6,0.86464
775,,0.16,0.6716,0.68,0.82608,-0.005,0.74912,0.55,0.79696
776,5,0.095,0.61392,0.64,0.80376,1.0,0.7268,0.51,0.73928
777,,0.02,0.54624,0.59,0.77144,0.975,0.69448,0.46,0.6716
778,,-0.055,0.47856,0.54,0.73912,0.95,0.66216,0.41,0.60392
779,1,1.0,0.42088,0.5,0.7168,0.935,0.63984,0.37,0.54624
780,,0.925,0.3532,0.45,0.68448,0.91,0.60752,0.32,0.47856
781,,0.85,0.28552,0.4,0.65216,0.885,0.5752,0.27,0.41088
782,,0.775,0.21784,0.35,0.61984,0.86,0.54288,0.22,0.3432
783,,0.7,0.15016,0.3,0.58752,0.835,0.51056,0.17,0.27552
784,,0.625,0.08248,0.25,0.5552,0.81,0.47824,0.12,0.20784
785,,0.55,0.0148,0.2,0.52288,0.785,0.44592,0.07,0.14016
786,,0.475,-0.05288,0.15,0.49056,0.76,0.4136,0.02,0.07248
787,2,0.41,1.0,0.11,0.46824,0.745,0.39128,-0.02,0.0148
788,7,0.345,0.94232,0.07,0.44592,0.73,0.36896,1.0,-0.04288
789,8,0.28,0.88464,0.03,0.4236,0.715,0.34664,0.96,1.0
790,,0.205,0.81696,-0.02,0.39128,0.69,0.31432,0.91,0.93232
791,3,0.14,0.75928,1.0,0.36896,0.675,0.292,0.87,0.87464
792,,0.065,0.6916,0.95,0.33664,0.65,0.25968,0.82,0.80696
793,,-0.01,0.62392,0.9,0.30432,0.625,0.22736,0.77,0.73928
794,1,1.0,0.56624,0.86,0.282,0.61,0.20504,0.73,0.6816
795,,0.925,0.49856,0.81,0.24968,0.585,0.17272,0.68,0.61392
796,,0.85,0.43088,0.76,0.21736,0.56,0.1404,0.63,0.54624
797,,0.775,0.3632,0.71,0.18504,0.535,0.10808,0.58,0.47856
798,,0.7,0.29552,0.66,0.15272,0.51,0.07576,0.53,0.41088
799,,0.625,0.22784,0.61,0.1204,0.485,0.04344,0.48,0.3432
800,,0.55,0.16016,0.56,0.08808,0.46,0.01112,0.43,0.27552
801,,0.475,0.09248,0.51,0.05576,0.435,-0.0212,0.38,0.20784
802,6,0.41,0.0348,0.47,0.03344,0.42,1.0,0.34,0.15016
803,,0.335,-0.03288,0.42,0.00112,0.395,0.96768,0.29,0.08248
804,2,0.27,1.0,0.38,-0.0212,0.38,0.94536,0.25,0.0248
805,4,0.205,0.94232,0.34,1.0,0.365,0.92304,0.21,-0.03288
806,8,0.14,0.88464,0.3,0.97768,0.35,0.90072,0.17,1.0
807,,0.065,0.81696,0.25,0.94536,0.325,0.8684,0.12,0.93232
808,,-0.01,0.74928,0.2,0.91304,0.3,0.83608,0.07,0.86464
809,1,1.0,0.6916,0.16,0.89072,0.285,0.81376,0.03,0.80696
810,,0.925,0.62392,0.11,0.8584,0.26,0.78144,-0.02,0.73928
811,7,0.86,0.56624,0.07,0.83608,0.245,0.75912,1.0,0.6816
812,,0.785,0.49856,0.02,0.80376,0.22,0.7268,0.95,0.61392
813,,0.71,0.43088,-0.03,0.77144,0.195,0.69448,0.9,0.54624
814,3,0.645,0.3732,1.0,0.74912,0.18,0.67216,0.86,0.48856
815,,0.57,0.30552,0.95,0.7168,0.155,0.63984,0.81,0.42088
816,,0.495,0.23784,0.9,0.68448,0.13,0.60752,0.76,0.3532
817,,0.42,0.17016,0.85,0.65216,0.105,0.5752,0.71,0.28552
818,,0.345,0.10248,0.8,0.61984,0.08,0.54288,0.66,0.21784
819,,0.27,0.0348,0.75,0.58752,0.055,0.51056,0.61,0.15016
820,,0.195,-0.03288,0.7,0.5552,0.03,0.47824,0.56,0.08248
821,2,0.13,1.0,0.66,0.53288,0.015,0.45592,0.52,0.0248
822,,0.055,0.93232,0.61,0.50056,-0.01,0.4236,0.47,-0.04288
823,8,-0.01,0.87464,0.57,0.47824,-0.025,0.40128,0.43,1.0
824,5,-0.075,0.81696,0.53,0.45592,1.0,0.37896,0.39,0.94232
825,1,1.0,0.75928,0.49,0.4336,0.985,0.35664,0.35,0.88464
826,,0.925,0.6916,0.44,0.40128,0.96,0.32432,0.3,0.81696
827,,0.85,0.62392,0.39,0.36896,0.935,0.292,0.25,0.74928
828,,0.775,0.55624,0.34,0.33664,0.91,0.25968,0.2,0.6816
829,,0.7,0.48856,0.29,0.30432,0.885,0.22736,0.15,0.61392
830,,0.625,0.42088,0.24,0.272,0.86,0.19504,0.1,0.54624
831,,0.55,0.3532,0.19,0.23968,0.835,0.16272,0.05,0.47856
832,,0.475,0.28552,0.14,0.20736,0.81,0.1304,0.0,0.41088
833,,0.4,0.21784,0.09,0.17504,0.785,0.09808,-0.05,0.3432
834,7,0.335,0.16016,0.05,0.15272,0.77,0.07576,1.0,0.28552
835,,0.26,0.09248,0.0,0.1204,0.745,0.04344,0.95,0.21784
836,,0.185,0.0248,-0.05,0.08808,0.72,0.01112,0.9,0.15016
837,3,0.12,-0.03288,1.0,0.06576,0.705,-0.0112,0.86,0.09248
838,2,0.055,1.0,0.96,0.04344,0.69,-0.03352,0.82,0.0348
839,6,-0.01,0.94232,0.92,0.02112,0.675,1.0,0.78,-0.02288
840,8,-0.075,0.88464,0.88,-0.0012,0.66,0.97768,0.74,1.0
841,1,1.0,0.82696,0.84,-0.02352,0.645,0.95536,0.7,0.94232
842,4,0.935,0.76928,0.8,1.0,0.63,0.93304,0.66,0.88464
843,,0.86,0.7016,0.75,0.96768,0.605,0.90072,0.61,0.81696
844,,0.785,0.63392,0.7,0.93536,0.58,0.8684,0.56,0.74928
845,,0.71,0.56624,0.65,0.90304,0.555,0.83608,0.51,0.6816
846,,0.635,0.49856,0.6,0.87072,0.53,0.80376,0.46,0.61392
847,,0.56,0.43088,0.55,0.8384,0.505,0.77144,0.41,0.54624
848,,0.485,0.3632,0.5,0.80608,0.48,0.73912,0.36,0.47856
849,,0.41,0.29552,0.45,0.77376,0.455,0.7068,0.31,0.41088
850,,0.335,0.22784,0.4,0.74144,0.43,0.67448,0.26,0.3432
851,,0.26,0.16016,0.35,0.70912,0.405,0.64216,0.21,0.27552
852,,0.185,0.09248,0.3,0.6768,0.38,0.60984,0.16,0.20784
853,,0.11,0.0248,0.25,0.64448,0.355,0.57752,0.11,0.14016
854,,0.035,-0.04288,0.2,0.61216,0.33,0.5452,0.06,0.07248
855,2,-0.03,1.0,0.16,0.58984,0.315,0.52288,0.02,0.0148
856,1,1.0,0.94232,0.12,0.56752,0.3,0.50056,-0.02,-0.04288
857,8,0.935,0.88464,0.08,0.5452,0.285,0.47824,-0.06,1.0
858,7,0.87,0.82696,0.04,0.52288,0.27,0.45592,1.0,0.94232
859,,0.795,0.75928,-0.01,0.49056,0.245,0.4236,0.95,0.87464
860,3,0.73,0.7016,1.0,0.46824,0.23,0.40128,0.91,0.81696
861,,0.655,0.63392,0.95,0.43592,0.205,0.36896,0.86,0.74928
862,,0.58,0.56624,0.9,0.4036,0.18,0.33664,0.81,0.6816
863,,0.505,0.49856,0.85,0.37128,0.155,0.30432,0.76,0.61392
864,,0.43,0.43088,0.8,0.33896,0.13,0.272,0.71,0.54624
865,,0.355,0.3632,0.75,0.30664,0.105,0.23968,0.66,0.47856
866,,0.28,0.29552,0.7,0.27432,0.08,0.20736,0.61,0.41088
867,,0.205,0.22784,0.65,0.242,0.055,0.17504,0.56,0.3432
868,,0.13,0.16016,0.6,0.20968,0.03,0.14272,0.51,0.27552
869,,0.055,0.09248,0.55,0.17736,0.005,0.1104,0.46,0.20784
870,,-0.02,0.0248,0.5,0.14504,-0.02,0.07808,0.41,0.14016
871,5,-0.085,-0.03288,0.46,0.12272,1.0,0.05576,0.37,0.08248
872,1,1.0,-0.09056,0.42,0.1004,0.985,0.03344,0.33,0.0248
873,2,0.935,1.0,0.38,0.07808,0.97,0.01112,0.29,-0.03288
874,8,0.87,0.94232,0.34,0.05576,0.955,-0.0112,0.25,1.0
875,6,0.805,0.88464,0.3,0.03344,0.94,1.0,0.21,0.94232
876,,0.73,0.81696,0.25,0.00112,0.915,0.96768,0.16,0.87464
877,,0.655,0.74928,0.2,-0.0312,0.89,0.93536,0.11,0.80696
878,4,0.59,0.6916,0.16,1.0,0.875,0.91304,0.07,0.74928
879,,0.515,0.62392,0.11,0.96768,0.85,0.88072,0.02,0.6816
880,,0.44,0.55624,0.06,0.93536,0.825,0.8484,-0.03,0.61392
881,7,0.375,0.49856,0.02,0.91304,0.81,0.82608,1.0,0.55624
882,,0.3,0.43088,-0.03,0.88072,0.785,0.79376,0.95,0.48856
883,3,0.235,0.3732,1.0,0.8584,0.77,0.77144,0.91,0.43088
884,,0.16,0.30552,0.95,0.82608,0.745,0.73912,0.86,0.3632
885,,0.085,0.23784,0.9,0.79376,0.72,0.7068,0.81,0.29552
886,,0.01,0.17016,0.85,0.76144,0.695,0.67448,0.76,0.22784
887,,-0.065,0.10248,0.8,0.72912,0.67,0.64216,0.71,0.16016
888,1,1.0,0.0448,0.76,0.7068,0.655,0.61984,0.67,0.10248
889,,0.925,-0.02288,0.71,0.67448,0.63,0.58752,0.62,0.0348
890,2,0.86,1.0,0.67,0.65216,0.615,0.5652,0.58,-0.02288
891,8,0.795,0.94232,0.63,0.62984,0.6,0.54288,0.54,1.0
892,,0.72,0.87464,0.58,0.59752,0.575,0.51056,0.49,0.93232
893,,0.645,0.80696,0.53,0.5652,0.55,0.47824,0.44,0.86464
894,,0.57,0.73928,0.48,0.53288,0.525,0.44592,0.39,0.79696
895,,0.495,0.6716,0.43,0.50056,0.5,0.4136,0.34,0.72928
896,,0.42,0.60392,0.38,0.46824,0.475,0.38128,0.29,0.6616
897,,0.345,0.53624,0.33,0.43592,0.45,0.34896,0.24,0.59392
898,,0.27,0.46856,0.28,0.4036,0.425,0.31664,0.19,0.52624
899,,0.195,0.40088,0.23,0.37128,0.4,0.28432,0.14,0.45856
900,,0.12,0.3332,0.18,0.33896,0.375,0.252,0.09,0.39088
901,,0.045,0.26552,0.13,0.30664,0.35,0.21968,0.04,0.3232
902,,-0.03,0.19784,0.08,0.27432,0.325,0.18736,-0.01,0.25552
903,1,1.0,0.14016,0.04,0.252,0.31,0.16504,-0.05,0.19784
904,7,0.935,0.08248,0.0,0.22968,0.295,0.14272,1.0,0.14016
905,,0.86,0.0148,-0.05,0.19736,0.27,0.1104,0.95,0.07248
906,3,0.795,-0.04288,1.0,0.17504,0.255,0.08808,0.91,0.0148
907,2,0.73,1.0,0.96,0.15272,0.24,0.06576,0.87,-0.04288
908,8,0.665,0.94232,0.92,0.1304,0.225,0.04344,0.83,1.0
909,,0.59,0.87464,0.87,0.09808,0.2,0.01112,0.78,0.93232
910,,0.515,0.80696,0.82,0.06576,0.175,-0.0212,0.73,0.86464
911,6,0.45,0.74928,0.78,0.04344,0.16,1.0,0.69,0.80696
912,,0.375,0.6816,0.73,0.01112,0.135,0.96768,0.64,0.73928
913,,0.3,0.61392,0.68,-0.0212,0.11,0.93536,0.59,0.6716
914,4,0.235,0.55624,0.64,1.0,0.095,0.91304,0.55,0.61392
915,,0.16,0.48856,0.59,0.96768,0.07,0.88072,0.5,0.54624
916,,0.085,0.42088,0.54,0.93536,0.045,0.8484,0.45,0.47856
917,,0.01,0.3532,0.49,0.90304,0.02,0.81608,0.4,0.41088
918,,-0.065,0.28552,0.44,0.87072,-0.005,0.78376,0.35,0.3432
919,1,1.0,0.22784,0.4,0.8484,-0.02,0.76144,0.31,0.28552
920,5,0.935,0.17016,0.36,0.82608,1.0,0.73912,0.27,0.22784
921,,0.86,0.10248,0.31,0.79376,0.975,0.7068,0.22,0.16016
922,,0.785,0.0348,0.26,0.76144,0.95,0.67448,0.17,0.09248
923,,0.71,-0.03288,0.21,0.72912,0.925,0.64216,0.12,0.0248
924,2,0.645,1.0,0.17,0.7068,0.91,0.61984,0.08,-0.03288
925,8,0.58,0.94232,0.13,0.68448,0.895,0.59752,0.04,1.0
926,,0.505,0.87464,0.08,0.65216,0.87,0.5652,-0.01,0.93232
927,7,0.44,0.81696,0.04,0.62984,0.855,0.54288,1.0,0.87464
928,,0.365,0.74928,-0.01,0.59752,0.83,0.51056,0.95,0.80696
929,3,0.3,0.6916,1.0,0.5752,0.815,0.48824,0.91,0.74928
930,,0.225,0.62392,0.95,0.54288,0.79,0.45592,0.86,0.6816
931,,0.15,0.55624,0.9,0.51056,0.765,0.4236,0.81,0.61392
932,,0.075,0.48856,0.85,0.47824,0.74,0.39128,0.76,0.54624
933,,-0.0,0.42088,0.8,0.44592,0.715,0.35896,0.71,0.47856
934,,-0.075,0.3532,0.75,0.4136,0.69,0.32664,0.66,0.41088
935,1,1.0,0.29552,0.71,0.39128,0.675,0.30432,0.62,0.3532
936,,0.925,0.22784,0.66,0.35896,0.65,0.272,0.57,0.28552
937,,0.85,0.16016,0.61,0.32664,0.625,0.23968,0.52,0.21784
938,,0.775,0.09248,0.56,0.29432,0.6,0.20736,0.47,0.15016
939,,0.7,0.0248,0.51,0.262,0.575,0.17504,0.42,0.08248
940,,0.625,-0.04288,0.46,0.22968,0.55,0.14272,0.37,0.0148
941,2,0.56,1.0,0.42,0.20736,0.535,0.1204,0.33,-0.04288
942,8,0.495,0.94232,0.38,0.18504,0.52,0.09808,0.29,1.0
943,,0.42,0.87464,0.33,0.15272,0.495,0.06576,0.24,0.93232
944,,0.345,0.80696,0.28,0.1204,0.47,0.03344,0.19,0.86464
945,,0.27,0.73928,0.23,0.08808,0.445,0.00112,0.14,0.79696
946,,0.195,0.6716,0.18,0.05576,0.42,-0.0312,0.09,0.72928
947,6,0.13,0.61392,0.14,0.03344,0.405,1.0,0.05,0.6716
948,,0.055,0.54624,0.09,0.00112,0.38,0.96768,0.0,0.60392
949,,-0.02,0.47856,0.04,-0.0312,0.355,0.93536,-0.05,0.53624
950,7,-0.085,0.42088,0.0,-0.05352,0.34,0.91304,1.0,0.47856
951,1,1.0,0.3632,-0.04,-0.07584,0.325,0.89072,0.96,0.42088
952,4,0.935,0.30552,-0.08,1.0,0.31,0.8684,0.92,0.3632
953,3,0.87,0.24784,1.0,0.97768,0.295,0.84608,0.88,0.30552
954,,0.795,0.18016,0.95,0.94536,0.27,0.81376,0.83,0.23784
955,,0.72,0.11248,0.9,0.91304,0.245,0.78144,0.78,0.17016
956,,0.645,0.0448,0.85,0.88072,0.22,0.74912,0.73,0.10248
957,,0.57,-0.02288,0.8,0.8484,0.195,0.7168,0.68,0.0348
958,2,0.505,1.0,0.76,0.82608,0.18,0.69448,0.64,-0.02288
959,8,0.44,0.94232,0.72,0.80376,0.165,0.67216,0.6,1.0
960,,0.365,0.87464,0.67,0.77144,0.14,0.63984,0.55,0.93232
961,,0.29,0.80696,0.62,0.73912,0.115,0.60752,0.5,0.86464
962,,0.215,0.73928,0.57,0.7068,0.09,0.5752,0.45,0.79696
963,,0.14,0.6716,0.52,0.67448,0.065,0.54288,0.4,0.72928
964,,0.065,0.60392,0.47,0.64216,0.04,0.51056,0.35,0.6616
965,,-0.01,0.53624,0.42,0.60984,0.015,0.47824,0.3,0.59392
966,1,1.0,0.47856,0.38,0.58752,0.0,0.45592,0.26,0.53624
967,,0.925,0.41088,0.33,0.5552,-0.025,0.4236,0.21,0.46856
968,5,0.86,0.3532,0.29,0.53288,1.0,0.40128,0.17,0.41088
969,,0.785,0.28552,0.24,0.50056,0.975,0.36896,0.12,0.3432
970,,0.71,0.21784,0.19,0.46824,0.95,0.33664,0.07,0.27552
971,,0.635,0.15016,0.14,0.43592,0.925,0.30432,0.02,0.20784
972,,0.56,0.08248,0.09,0.4036,0.9,0.272,-0.03,0.14016
973,7,0.495,0.0248,0.05,0.38128,0.885,0.24968,1.0,0.08248
974,,0.42,-0.04288,0.0,0.34896,0.86,0.21736,0.95,0.0148
975,2,0.355,1.0,-0.04,0.32664,0.845,0.19504,0.91,-0.04288
976,8,0.29,0.94232,-0.08,0.30432,0.83,0.17272,0.87,1.0
977,3,0.225,0.88464,1.0,0.282,0.815,0.1504,0.83,0.94232
978,,0.15,0.81696,0.95,0.24968,0.79,0.11808,0.78,0.87464
979,,0.075,0.74928,0.9,0.21736,0.765,0.08576,0.73,0.80696
980,,-0.0,0.6816,0.85,0.18504,0.74,0.05344,0.68,0.73928
981,,-0.075,0.61392,0.8,0.15272,0.715,0.02112,0.63,0.6716
982,1,1.0,0.55624,0.76,0.1304,0.7,-0.0012,0.59,0.61392
983,6,0.935,0.49856,0.72,0.10808,0.685,1.0,0.55,0.55624
984,,0.86,0.43088,0.67,0.07576,0.66,0.96768,0.5,0.48856
985,,0.785,0.3632,0.62,0.04344,0.635,0.93536,0.45,0.42088
986,,0.71,0.29552,0.57,0.01112,0.61,0.90304,0.4,0.3532
987,,0.635,0.22784,0.52,-0.0212,0.585,0.87072,0.35,0.28552
988,4,0.57,0.17016,0.48,1.0,0.57,0.8484,0.31,0.22784
989,,0.495,0.10248,0.43,0.96768,0.545,0.81608,0.26,0.16016
990,,0.42,0.0348,0.38,0.93536,0.52,0.78376,0.21,0.09248
991,,0.345,-0.03288,0.33,0.90304,0.495,0.75144,0.16,0.0248
992,2,0.28,1.0,0.29,0.88072,0.48,0.72912,0.12,-0.03288
993,8,0.215,0.94232,0.25,0.8584,0.465,0.7068,0.08,1.0
994,,0.14,0.87464,0.2,0.82608,0.44,0.67448,0.03,0.93232
995,,0.065,0.80696,0.15,0.79376,0.415,0.64216,-0.02,0.86464
996,7,-0.0,0.74928,0.11,0.77144,0.4,0.61984,1.0,0.80696
997,,-0.075,0.6816,0.06,0.73912,0.375,0.58752,0.95,0.73928
998,1,1.0,0.62392,0.02,0.7168,0.36,0.5652,0.91,0.6816
999,,0.925,0.55624,-0.03,0.68448,0.335,0.53288,0.86,0.61392
1000,3,0.86,0.49856,1.0,0.66216,0.32,0.51056,0.82,0.55624
1001,,0.785,0.43088,0.95,0.62984,0.295,0.47824,0.77,0.48856
1002,,0.71,0.3632,0.9,0.59752,0.27,0.44592,0.72,0.42088
1003,,0.635,0.29552,0.85,0.5652,0.245,0.4136,0.67,0.3532
1004,,0.56,0.22784,0.8,0.53288,0.22,0.38128,0.62,0.28552
1005,,0.485,0.16016,0.75,0.50056,0.195,0.34896,0.57,0.21784
1006,,0.41,0.09248,0.7,0.46824,0.17,0.31664,0.52,0.15016
1007,,0.335,0.0248,0.65,0.43592,0.145,0.28432,0.47,0.08248
1008,,0.26,-0.04288,0.6,0.4036,0.12,0.252,0.42,0.0148
1009,2,0.195,1.0,0.56,0.38128,0.105,0.22968,0.38,-0.04288
1010,8,0.13,0.94232,0.52,0.35896,0.09,0.20736,0.34,1.0
1011,,0.055,0.87464,0.47,0.32664,0.065,0.17504,0.29,0.93232
1012,,-0.02,0.80696,0.42,0.29432,0.04,0.14272,0.24,0.86464
1013,1,1.0,0.74928,0.38,0.272,0.025,0.1204,0.2,0.80696
1014,,0.925,0.6816,0.33,0.23968,0.0,0.08808,0.15,0.73928
1015,,0.85,0.61392,0.28,0.20736,-0.025,0.05576,0.1,0.6716
1016,5,0.785,0.55624,0.24,0.18504,1.0,0.03344,0.06,0.61392
1017,,0.71,0.48856,0.19,0.15272,0.975,0.00112,0.01,0.54624
1018,,0.635,0.42088,0.14,0.1204,0.95,-0.0312,-0.04,0.47856
1019,7,0.57,0.3632,0.1,0.09808,0.935,-0.05352,1.0,0.42088
1020,6,0.505,0.30552,0.06,0.07576,0.92,1.0,0.96,0.3632
1021,,0.43,0.23784,0.01,0.04344,0.895,0.96768,0.91,0.29552
1022,,0.355,0.17016,-0.04,0.01112,0.87,0.93536,0.86,0.22784
1023,3,0.29,0.11248,1.0,-0.0112,0.855,0.91304,0.82,0.17016
1024,4,0.225,0.0548,0.96,1.0,0.84,0.89072,0.78,0.11248
1025,,0.15,-0.01288,0.91,0.96768,0.815,0.8584,0.73,0.0448
1026,2,0.085,1.0,0.87,0.94536,0.8,0.83608,0.69,-0.01288
1027,8,0.02,0.94232,0.83,0.92304,0.785,0.81376,0.65,1.0
1028,,-0.055,0.87464,0.78,0.89072,0.76,0.78144,0.6,0.93232
1029,1,1.0,0.81696,0.74,0.8684,0.745,0.75912,0.56,0.87464
1030,,0.925,0.74928,0.69,0.83608,0.72,0.7268,0.51,0.80696
1031,,0.85,0.6816,0.64,0.80376,0.695,0.69448,0.46,0.73928
1032,,0.775,0.61392,0.59,0.77144,0.67,0.66216,0.41,0.6716
1033,,0.7,0.54624,0.54,0.73912,0.645,0.62984,0.36,0.60392
1034,,0.625,0.47856,0.49,0.7068,0.62,0.59752,0.31,0.53624
1035,,0.55,0.41088,0.44,0.67448,0.595,0.5652,0.26,0.46856
1036,,0.475,0.3432,0.39,0.64216,0.57,0.53288,0.21,0.40088
1037,,0.4,0.27552,0.34,0.60984,0.545,0.50056,0.16,0.3332
1038,,0.325,0.20784,0.29,0.57752,0.52,0.46824,0.11,0.26552
1039,,0.25,0.14016,0.24,0.5452,0.495,0.43592,0.06,0.19784
1040,,0.175,0.07248,0.19,0.51288,0.47,0.4036,0.01,0.13016
1041,,0.1,0.0048,0.14,0.48056,0.445,0.37128,-0.04,0.06248
1042,7,0.035,-0.05288,0.1,0.45824,0.43,0.34896,1.0,0.0048
1043,2,-0.03,1.0,0.06,0.43592,0.415,0.32664,0.96,-0.05288
1044,8,-0.095,0.94232,0.02,0.4136,0.4,0.30432,0.92,1.0
1045,1,1.0,0.88464,-0.02,0.39128,0.385,0.282,0.88,0.94232
1046,3,0.935,0.82696,1.0,0.36896,0.37,0.25968,0.84,0.88464
1047,,0.86,0.75928,0.95,0.33664,0.345,0.22736,0.79,0.81696
1048,,0.785,0.6916,0.9,0.30432,0.32,0.19504,0.74,0.74928
1049,,0.71,0.62392,0.85,0.272,0.295,0.16272,0.69,0.6816
1050,,0.635,0.55624,0.8,0.23968,0.27,0.1304,0.64,0.61392
1051,,0.56,0.48856,0.75,0.20736,0.245,0.09808,0.59,0.54624
1052,,0.485,0.42088,0.7,0.17504,0.22,0.06576,0.54,0.47856
1053,,0.41,0.3532,0.65,0.14272,0.195,0.03344,0.49,0.41088
1054,,0.335,0.28552,0.6,0.1104,0.17,0.00112,0.44,0.3432
1055,,0.26,0.21784,0.55,0.07808,0.145,-0.0312,0.39,0.27552
1056,6,0.195,0.16016,0.51,0.05576,0.13,1.0,0.35,0.21784
1057,,0.12,0.09248,0.46,0.02344,0.105,0.96768,0.3,0.15016
1058,,0.045,0.0248,0.41,-0.00888,0.08,0.93536,0.25,0.08248
1059,4,-0.02,-0.03288,0.37,1.0,0.065,0.91304,0.21,0.0248
1060,2,-0.085,1.0,0.33,0.97768,0.05,0.89072,0.17,-0.03288
1061,1,1.0,0.94232,0.29,0.95536,0.035,0.8684,0.13,-0.09056
1062,8,0.935,0.88464,0.25,0.93304,0.02,0.84608,0.09,1.0
1063,,0.86,0.81696,0.2,0.90072,-0.005,0.81376,0.04,0.93232
1064,5,0.795,0.75928,0.16,0.8784,1.0,0.79144,0.0,0.87464
1065,,0.72,0.6916,0.11,0.84608,0.975,0.75912,-0.05,0.80696
1066,7,0.655,0.63392,0.07,0.82376,0.96,0.7368,1.0,0.74928
1067,,0.58,0.56624,0.02,0.79144,0.935,0.70448,0.95,0.6816
1068,,0.505,0.49856,-0.03,0.75912,0.91,0.67216,0.9,0.61392
1069,3,0.44,0.44088,1.0,0.7368,0.895,0.64984,0.86,0.55624
1070,,0.365,0.3732,0.95,0.70448,0.87,0.61752,0.81,0.48856
1071,,0.29,0.30552,0.9,0.67216,0.845,0.5852,0.76,0.42088
1072,,0.215,0.23784,0.85,0.63984,0.82,0.55288,0.71,0.3532
1073,,0.14,0.17016,0.8,0.60752,0.795,0.52056,0.66,0.28552
1074,,0.065,0.10248,0.75,0.5752,0.77,0.48824,0.61,0.21784
1075,,-0.01,0.0348,0.7,0.54288,0.745,0.45592,0.56,0.15016
1076,1,1.0,-0.02288,0.66,0.52056,0.73,0.4336,0.52,0.09248
1077,2,0.935,1.0,0.62,0.49824,0.715,0.41128,0.48,0.0348
1078,,0.86,0.93232,0.57,0.46592,0.69,0.37896,0.43,-0.03288
1079,8,0.795,0.87464,0.53,0.4436,0.675,0.35664,0.39,1.0
1080,,0.72,0.80696,0.48,0.41128,0.65,0.32432,0.34,0.93232
1081,,0.645,0.73928,0.43,0.37896,0.625,0.292,0.29,0.86464
1082,,0.57,0.6716,0.38,0.34664,0.6,0.25968,0.24,0.79696
1083,,0.495,0.60392,0.33,0.31432,0.575,0.22736,0.19,0.72928
1084,,0.42,0.53624,0.28,0.282,0.55,0.19504,0.14,0.6616
1085,,0.345,0.46856,0.23,0.24968,0.525,0.16272,0.09,0.59392
1086,,0.27,0.40088,0.18,0.21736,0.5,0.1304,0.04,0.52624
1087,,0.195,0.3332,0.13,0.18504,0.475,0.09808,-0.01,0.45856
1088,7,0.13,0.27552,0.09,0.16272,0.46,0.07576,1.0,0.40088
1089,,0.055,0.20784,0.04,0.1304,0.435,0.04344,0.95,0.3332
1090,,-0.02,0.14016,-0.01,0.09808,0.41,0.01112,0.9,0.26552
1091,1,1.0,0.08248,-0.05,0.07576,0.395,-0.0112,0.86,0.20784
1092,3,0.935,0.0248,1.0,0.05344,0.38,-0.03352,0.82,0.15016
1093,6,0.87,-0.03288,0.96,0.03112,0.365,1.0,0.78,0.09248
1094,2,0.805,1.0,0.92,0.0088,0.35,0.97768,0.74,0.0348
1095,,0.73,0.93232,0.87,-0.02352,0.325,0.94536,0.69,-0.03288
1096,8,0.665,0.87464,0.83,-0.04584,0.31,0.92304,0.65,1.0
1097,4,0.6,0.81696,0.79,1.0,0.295,0.90072,0.61,0.94232
1098,,0.525,0.74928,0.74,0.96768,0.27,0.8684,0.56,0.87464
1099,,0.45,0.6816,0.69,0.93536,0.245,0.83608,0.51,0.80696
1100,,0.375,0.61392,0.64,0.90304,0.22,0.80376,0.46,0.73928
1101,,0.3,0.54624,0.59,0.87072,0.195,0.77144,0.41,0.6716
1102,,0.225,0.47856,0.54,0.8384,0.17,0.73912,0.36,0.60392
1103,,0.15,0.41088,0.49,0.80608,0.145,0.7068,0.31,0.53624
1104,,0.075,0.3432,0.44,0.77376,0.12,0.67448,0.26,0.46856
1105,,-0.0,0.27552,0.39,0.74144,0.095,0.64216,0.21,0.40088
1106,,-0.075,0.20784,0.34,0.70912,0.07,0.60984,0.16,0.3332
1107,1,1.0,0.15016,0.3,0.6868,0.055,0.58752,0.12,0.27552
1108,,0.925,0.08248,0.25,0.65448,0.03,0.5552,0.07,0.20784
1109,,0.85,0.0148,0.2,0.62216,0.005,0.52288,0.02,0.14016
1110,,0.775,-0.05288,0.15,0.58984,-0.02,0.49056,-0.03,0.07248
1111,2,0.71,1.0,0.11,0.56752,-0.035,0.46824,-0.07,0.0148
1112,7,0.645,0.94232,0.07,0.5452,-0.05,0.44592,1.0,-0.04288
1113,5,0.58,0.88464,0.03,0.52288,1.0,0.4236,0.96,-0.10056
1114,8,0.515,0.82696,-0.01,0.50056,0.985,0.40128,0.92,1.0
1115,3,0.45,0.76928,1.0,0.47824,0.97,0.37896,0.88,0.94232
1116,,0.375,0.7016,0.95,0.44592,0.945,0.34664,0.83,0.87464
1117,,0.3,0.63392,0.9,0.4136,0.92,0.31432,0.78,0.80696
1118,,0.225,0.56624,0.85,0.38128,0.895,0.282,0.73,0.73928
1119,,0.15,0.49856,0.8,0.34896,0.87,0.24968,0.68,0.6716
1120,,0.075,0.43088,0.75,0.31664,0.845,0.21736,0.63,0.60392
1121,,-0.0,0.3632,0.7,0.28432,0.82,0.18504,0.58,0.53624
1122,,-0.075,0.29552,0.65,0.252,0.795,0.15272,0.53,0.46856
1123,1,1.0,0.23784,0.61,0.22968,0.78,0.1304,0.49,0.41088
1124,,0.925,0.17016,0.56,0.19736,0.755,0.09808,0.44,0.3432
1125,,0.85,0.10248,0.51,0.16504,0.73,0.06576,0.39,0.27552
1126,,0.775,0.0348,0.46,0.13272,0.705,0.03344,0.34,0.20784
1127,,0.7,-0.03288,0.41,0.1004,0.68,0.00112,0.29,0.14016
1128,2,0.635,1.0,0.37,0.07808,0.665,-0.0212,0.25,0.08248
1129,6,0.57,0.94232,0.33,0.05576,0.65,1.0,0.21,0.0248
1130,,0.495,0.87464,0.28,0.02344,0.625,0.96768,0.16,-0.04288
1131,8,0.43,0.81696,0.24,0.00112,0.61,0.94536,0.12,1.0
1132,,0.355,0.74928,0.19,-0.0312,0.585,0.91304,0.07,0.93232
1133,4,0.29,0.6916,0.15,1.0,0.57,0.89072,0.03,0.87464
1134,,0.215,0.62392,0.1,0.96768,0.545,0.8584,-0.02,0.80696
1135,7,0.15,0.56624,0.06,0.94536,0.53,0.83608,1.0,0.74928
1136,,0.075,0.49856,0.01,0.91304,0.505,0.80376,0.95,0.6816
1137,,-0.0,0.43088,-0.04,0.88072,0.48,0.77144,0.9,0.61392
1138,3,-0.065,0.3732,1.0,0.8584,0.465,0.74912,0.86,0.55624
1139,1,1.0,0.31552,0.96,0.83608,0.45,0.7268,0.82,0.49856
1140,,0.925,0.24784,0.91,0.80376,0.425,0.69448,0.77,0.43088
1141,,0.85,0.18016,0.86,0.77144,0.4,0.66216,0.72,0.3632
1142,,0.775,0.11248,0.81,0.73912,0.375,0.62984,0.67,0.29552
1143,,0.7,0.0448,0.76,0.7068,0.35,0.59752,0.62,0.22784
1144,,0.625,-0.02288,0.71,0.67448,0.325,0.5652,0.57,0.16016
1145,2,0.56,1.0,0.67,0.65216,0.31,0.54288,0.53,0.10248
1146,,0.485,0.93232,0.62,0.61984,0.285,0.51056,0.48,0.0348
1147,,0.41,0.86464,0.57,0.58752,0.26,0.47824,0.43,-0.03288
1148,8,0.345,0.80696,0.53,0.5652,0.245,0.45592,0.39,1.0
1149,,0.27,0.73928,0.48,0.53288,0.22,0.4236,0.34,0.93232
1150,,0.195,0.6716,0.43,0.50056,0.195,0.39128,0.29,0.86464
1151,,0.12,0.60392,0.38,0.46824,0.17,0.35896,0.24,0.79696
1152,,0.045,0.53624,0.33,0.43592,0.145,0.32664,0.19,0.72928
1153,,-0.03,0.46856,0.28,0.4036,0.12,0.29432,0.14,0.6616
1154,1,1.0,0.41088,0.24,0.38128,0.105,0.272,0.1,0.60392
1155,,0.925,0.3432,0.19,0.34896,0.08,0.23968,0.05,0.53624
1156,,0.85,0.27552,0.14,0.31664,0.055,0.20736,0.0,0.46856
1157,,0.775,0.20784,0.09,0.28432,0.03,0.17504,-0.05,0.40088
1158,7,0.71,0.15016,0.05,0.262,0.015,0.15272,1.0,0.3432
1159,,0.635,0.08248,0.0,0.22968,-0.01,0.1204,0.95,0.27552
1160,5,0.57,0.0248,-0.04,0.20736,1.0,0.09808,0.91,0.21784
1161,3,0.505,-0.03288,1.0,0.18504,0.985,0.07576,0.87,0.16016
1162,2,0.44,1.0,0.96,0.16272,0.97,0.05344,0.83,0.10248
1163,,0.365,0.93232,0.91,0.1304,0.945,0.02112,0.78,0.0348
1164,,0.29,0.86464,0.86,0.09808,0.92,-0.0112,0.73,-0.03288
1165,8,0.225,0.80696,0.82,0.07576,0.905,-0.03352,0.69,1.0
1166,6,0.16,0.74928,0.78,0.05344,0.89,1.0,0.65,0.94232
1167,,0.085,0.6816,0.73,0.02112,0.865,0.96768,0.6,0.87464
1168,,0.01,0.61392,0.68,-0.0112,0.84,0.93536,0.55,0.80696
1169,4,-0.055,0.55624,0.64,1.0,0.825,0.91304,0.51,0.74928
1170,1,1.0,0.49856,0.6,0.97768,0.81,0.89072,0.47,0.6916
1171,,0.925,0.43088,0.55,0.94536,0.785,0.8584,0.42,0.62392
1172,,0.85,0.3632,0.5,0.91304,0.76,0.82608,0.37,0.55624
1173,,0.775,0.29552,0.45,0.88072,0.735,0.79376,0.32,0.48856
1174,,0.7,0.22784,0.4,0.8484,0.71,0.76144,0.27,0.42088
1175,,0.625,0.16016,0.35,0.81608,0.685,0.72912,0.22,0.3532
1176,,0.55,0.09248,0.3,0.78376,0.66,0.6968,0.17,0.28552
1177,,0.475,0.0248,0.25,0.75144,0.635,0.66448,0.12,0.21784
1178,,0.4,-0.04288,0.2,0.71912,0.61,0.63216,0.07,0.15016
1179,2,0.335,1.0,0.16,0.6968,0.595,0.60984,0.03,0.09248
1180,,0.26,0.93232,0.11,0.66448,0.57,0.57752,-0.02,0.0248
1181,7,0.195,0.87464,0.07,0.64216,0.555,0.5552,1.0,-0.03288
1182,8,0.13,0.81696,0.03,0.61984,0.54,0.53288,0.96,1.0
1183,,0.055,0.74928,-0.02,0.58752,0.515,0.50056,0.91,0.93232
1184,3,-0.01,0.6916,1.0,0.5652,0.5,0.47824,0.87,0.87464
1185,1,1.0,0.63392,0.96,0.54288,0.485,0.45592,0.83,0.81696
1186,,0.925,0.56624,0.91,0.51056,0.46,0.4236,0.78,0.74928
1187,,0.85,0.49856,0.86,0.47824,0.435,0.39128,0.73,0.6816
1188,,0.775,0.43088,0.81,0.44592,0.41,0.35896,0.68,0.61392
1189,,0.7,0.3632,0.76,0.4136,0.385,0.32664,0.63,0.54624
1190,,0.625,0.29552,0.71,0.38128,0.36,0.29432,0.58,0.47856
1191,,0.55,0.22784,0.66,0.34896,0.335,0.262,0.53,0.41088
1192,,0.475,0.16016,0.61,0.31664,0.31,0.22968,0.48,0.3432
1193,,0.4,0.09248,0.56,0.28432,0.285,0.19736,0.43,0.27552
1194,,0.325,0.0248,0.51,0.252,0.26,0.16504,0.38,0.20784
1195,,0.25,-0.04288,0.46,0.21968,0.235,0.13272,0.33,0.14016
1196,2,0.185,1.0,0.42,0.19736,0.22,0.1104,0.29,0.08248
1197,,0.11,0.93232,0.37,0.16504,0.195,0.07808,0.24,0.0148
1198,,0.035,0.86464,0.32,0.13272,0.17,0.04576,0.19,-0.05288
1199,8,-0.03,0.80696,0.28,0.1104,0.155,0.02344,0.15,1.0
1200,1,1.0,0.74928,0.24,0.08808,0.14,0.00112,0.11,0.94232
1201,,0.925,0.6816,0.19,0.05576,0.115,-0.0312,0.06,0.87464
1202,6,0.86,0.62392,0.15,0.03344,0.1,1.0,0.02,0.81696
1203,,0.785,0.55624,0.1,0.00112,0.075,0.96768,-0.03,0.74928
1204,7,0.72,0.49856,0.06,-0.0212,0.06,0.94536,1.0,0.6916
1205,4,0.655,0.44088,0.02,1.0,0.045,0.92304,0.96,0.63392
1206,,0.58,0.3732,-0.03,0.96768,0.02,0.89072,0.91,0.56624
1207,3,0.515,0.31552,1.0,0.94536,0.005,0.8684,0.87,0.50856
1208,,0.44,0.24784,0.95,0.91304,-0.02,0.83608,0.82,0.44088
1209,5,0.375,0.19016,0.91,0.89072,1.0,0.81376,0.78,0.3832
1210,,0.3,0.12248,0.86,0.8584,0.975,0.78144,0.73,0.31552
1211,,0.225,0.0548,0.81,0.82608,0.95,0.74912,0.68,0.24784
1212,,0.15,-0.01288,0.76,0.79376,0.925,0.7168,0.63,0.18016
1213,2,0.085,1.0,0.72,0.77144,0.91,0.69448,0.59,0.12248
1214,,0.01,0.93232,0.67,0.73912,0.885,0.66216,0.54,0.0548
1215,,-0.065,0.86464,0.62,0.7068,0.86,0.62984,0.49,-0.01288
1216,1,1.0,0.80696,0.58,0.68448,0.845,0.60752,0.45,-0.07056
1217,8,0.935,0.74928,0.54,0.66216,0.83,0.5852,0.41,1.0
1218,,0.86,0.6816,0.49,0.62984,0.805,0.55288,0.36,0.93232
1219,,0.785,0.61392,0.44,0.59752,0.78,0.52056,0.31,0.86464
1220,,0.71,0.54624,0.39,0.5652,0.755,0.48824,0.26,0.79696
1221,,0.635,0.47856,0.34,0.53288,0.73,0.45592,0.21,0.72928
1222,,0.56,0.41088,0.29,0.50056,0.705,0.4236,0.16,0.6616
1223,,0.485,0.3432,0.24,0.46824,0.68,0.39128,0.11,0.59392
1224,,0.41,0.27552,0.19,0.43592,0.655,0.35896,0.06,0.52624
1225,,0.335,0.20784,0.14,0.4036,0.63,0.32664,0.01,0.45856
1226,,0.26,0.14016,0.09,0.37128,0.605,0.29432,-0.04,0.39088
1227,7,0.195,0.08248,0.05,0.34896,0.59,0.272,1.0,0.3332
1228,,0.12,0.0148,0.0,0.31664,0.565,0.23968,0.95,0.26552
1229,,0.045,-0.05288,-0.05,0.28432,0.54,0.20736,0.9,0.19784
1230,2,-0.02,1.0,-0.09,0.262,0.525,0.18504,0.86,0.14016
1231,3,-0.085,0.94232,1.0,0.23968,0.51,0.16272,0.82,0.08248
1232,1,1.0,0.88464,0.96,0.21736,0.495,0.1404,0.78,0.0248
1233,,0.925,0.81696,0.91,0.18504,0.47,0.10808,0.73,-0.04288
1234,8,0.86,0.75928,0.87,0.16272,0.455,0.08576,0.69,1.0
1235,,0.785,0.6916,0.82,0.1304,0.43,0.05344,0.64,0.93232
1236,,0.71,0.62392,0.77,0.09808,0.405,0.02112,0.59,0.86464
1237,,0.635,0.55624,0.72,0.06576,0.38,-0.0112,0.54,0.79696
1238,6,0.57,0.49856,0.68,0.04344,0.365,1.0,0.5,0.73928
1239,,0.495,0.43088,0.63,0.01112,0.34,0.96768,0.45,0.6716
1240,,0.42,0.3632,0.58,-0.0212,0.315,0.93536,0.4,0.60392
1241,4,0.355,0.30552,0.54,1.0,0.3,0.91304,0.36,0.54624
1242,,0.28,0.23784,0.49,0.96768,0.275,0.88072,0.31,0.47856
1243,,0.205,0.17016,0.44,0.93536,0.25,0.8484,0.26,0.41088
1244,,0.13,0.10248,0.39,0.90304,0.225,0.81608,0.21,0.3432
1245,,0.055,0.0348,0.34,0.87072,0.2,0.78376,0.16,0.27552
1246,,-0.02,-0.03288,0.29,0.8384,0.175,0.75144,0.11,0.20784
1247,2,-0.085,1.0,0.25,0.81608,0.16,0.72912,0.07,0.15016
1248,1,1.0,0.94232,0.21,0.79376,0.145,0.7068,0.03,0.09248
1249,,0.925,0.87464,0.16,0.76144,0.12,0.67448,-0.02,0.0248
1250,7,0.86,0.81696,0.12,0.73912,0.105,0.65216,1.0,-0.03288
1251,8,0.795,0.75928,0.08,0.7168,0.09,0.62984,0.96,1.0
1252,,0.72,0.6916,0.03,0.68448,0.065,0.59752,0.91,0.93232
1253,,0.645,0.62392,-0.02,0.65216,0.04,0.5652,0.86,0.86464
1254,3,0.58,0.56624,1.0,0.62984,0.025,0.54288,0.82,0.80696
1255,,0.505,0.49856,0.95,0.59752,0.0,0.51056,0.77,0.73928
1256,,0.43,0.43088,0.9,0.5652,-0.025,0.47824,0.72,0.6716
1257,5,0.365,0.3732,0.86,0.54288,1.0,0.45592,0.68,0.61392
1258,,0.29,0.30552,0.81,0.51056,0.975,0.4236,0.63,0.54624
1259,,0.215,0.23784,0.76,0.47824,0.95,0.39128,0.58,0.47856
1260,,0.14,0.17016,0.71,0.44592,0.925,0.35896,0.53,0.41088
1261,,0.065,0.10248,0.66,0.4136,0.9,0.32664,0.48,0.3432
1262,,-0.01,0.0348,0.61,0.38128,0.875,0.29432,0.43,0.27552
1263,1,1.0,-0.02288,0.57,0.35896,0.86,0.272,0.39,0.21784
1264,2,0.935,1.0,0.53,0.33664,0.845,0.24968,0.35,0.16016
1265,,0.86,0.93232,0.48,0.30432,0.82,0.21736,0.3,0.09248
1266,,0.785,0.86464,0.43,0.272,0.795,0.18504,0.25,0.0248
1267,,0.71,0.79696,0.38,0.23968,0.77,0.15272,0.2,-0.04288
1268,8,0.645,0.73928,0.34,0.21736,0.755,0.1304,0.16,1.0
1269,,0.57,0.6716,0.29,0.18504,0.73,0.09808,0.11,0.93232
1270,,0.495,0.60392,0.24,0.15272,0.705,0.06576,0.06,0.86464
1271,,0.42,0.53624,0.19,0.1204,0.68,0.03344,0.01,0.79696
1272,,0.345,0.46856,0.14,0.08808,0.655,0.00112,-0.04,0.72928
1273,7,0.28,0.41088,0.1,0.06576,0.64,-0.0212,1.0,0.6716
1274,6,0.215,0.3532,0.06,0.04344,0.625,1.0,0.96,0.61392
1275,,0.14,0.28552,0.01,0.01112,0.6,0.96768,0.91,0.54624
1276,,0.065,0.21784,-0.04,-0.0212,0.575,0.93536,0.86,0.47856
1277,3,-0.0,0.16016,1.0,-0.04352,0.56,0.91304,0.82,0.42088
1278,4,-0.065,0.10248,0.96,1.0,0.545,0.89072,0.78,0.3632
1279,1,1.0,0.0448,0.92,0.97768,0.53,0.8684,0.74,0.30552
1280,,0.925,-0.02288,0.87,0.94536,0.505,0.83608,0.69,0.23784
1281,2,0.86,1.0,0.83,0.92304,0.49,0.81376,0.65,0.18016
1282,,0.785,0.93232,0.78,0.89072,0.465,0.78144,0.6,0.11248
1283,,0.71,0.86464,0.73,0.8584,0.44,0.74912,0.55,0.0448
1284,,0.635,0.79696,0.68,0.82608,0.415,0.7168,0.5,-0.02288
1285,8,0.57,0.73928,0.64,0.80376,0.4,0.69448,0.46,1.0
1286,,0.495,0.6716,0.59,0.77144,0.375,0.66216,0.41,0.93232
1287,,0.42,0.60392,0.54,0.73912,0.35,0.62984,0.36,0.86464
1288,,0.345,0.53624,0.49,0.7068,0.325,0.59752,0.31,0.79696
1289,,0.27,0.46856,0.44,0.67448,0.3,0.5652,0.26,0.72928
1290,,0.195,0.40088,0.39,0.64216,0.275,0.53288,0.21,0.6616
1291,,0.12,0.3332,0.34,0.60984,0.25,0.50056,0.16,0.59392
1292,,0.045,0.26552,0.29,0.57752,0.225,0.46824,0.11,0.52624
1293,,-0.03,0.19784,0.24,0.5452,0.2,0.43592,0.06,0.45856
1294,1,1.0,0.14016,0.2,0.52288,0.185,0.4136,0.02,0.40088
1295,,0.925,0.07248,0.15,0.49056,0.16,0.38128,-0.03,0.3332
1296,7,0.86,0.0148,0.11,0.46824,0.145,0.35896,1.0,0.27552
1297,,0.785,-0.05288,0.06,0.43592,0.12,0.32664,0.95,0.20784
1298,2,0.72,1.0,0.02,0.4136,0.105,0.30432,0.91,0.15016
1299,,0.645,0.93232,-0.03,0.38128,0.08,0.272,0.86,0.08248
1300,3,0.58,0.87464,1.0,0.35896,0.065,0.24968,0.82,0.0248
1301,,0.505,0.80696,0.95,0.32664,0.04,0.21736,0.77,-0.04288
1302,8,0.44,0.74928,0.91,0.30432,0.025,0.19504,0.73,1.0
1303,,0.365,0.6816,0.86,0.272,0.0,0.16272,0.68,0.93232
1304,,0.29,0.61392,0.81,0.23968,-0.025,0.1304,0.63,0.86464
1305,5,0.225,0.55624,0.77,0.21736,1.0,0.10808,0.59,0.80696
1306,,0.15,0.48856,0.72,0.18504,0.975,0.07576,0.54,0.73928
1307,,0.075,0.42088,0.67,0.15272,0.95,0.04344,0.49,0.6716
1308,,-0.0,0.3532,0.62,0.1204,0.925,0.01112,0.44,0.60392
1309,,-0.075,0.28552,0.57,0.08808,0.9,-0.0212,0.39,0.53624
1310,1,1.0,0.22784,0.53,0.06576,0.885,-0.04352,0.35,0.47856
1311,6,0.935,0.17016,0.49,0.04344,0.87,1.0,0.31,0.42088
1312,,0.86,0.10248,0.44,0.01112,0.845,0.96768,0.26,0.3532
1313,,0.785,0.0348,0.39,-0.0212,0.82,0.93536,0.21,0.28552
1314,4,0.72,-0.02288,0.35,1.0,0.805,0.91304,0.17,0.22784
1315,2,0.655,1.0,0.31,0.97768,0.79,0.89072,0.13,0.17016
1316,,0.58,0.93232,0.26,0.94536,0.765,0.8584,0.08,0.10248
1317,,0.505,0.86464,0.21,0.91304,0.74,0.82608,0.03,0.0348
1318,,0.43,0.79696,0.16,0.88072,0.715,0.79376,-0.02,-0.03288
1319,8,0.365,0.73928,0.12,0.8584,0.7,0.77144,-0.06,1.0
1320,7,0.3,0.6816,0.08,0.83608,0.685,0.74912,1.0,0.94232
1321,,0.225,0.61392,0.03,0.80376,0.66,0.7168,0.95,0.87464
1322,,0.15,0.54624,-0.02,0.77144,0.635,0.68448,0.9,0.80696
1323,3,0.085,0.48856,1.0,0.74912,0.62,0.66216,0.86,0.74928
1324,,0.01,0.42088,0.95,0.7168,0.595,0.62984,0.81,0.6816
1325,,-0.065,0.3532,0.9,0.68448,0.57,0.59752,0.76,0.61392
1326,1,1.0,0.29552,0.86,0.66216,0.555,0.5752,0.72,0.55624
1327,,0.925,0.22784,0.81,0.62984,0.53,0.54288,0.67,0.48856
1328,,0.85,0.16016,0.76,0.59752,0.505,0.51056,0.62,0.42088
1329,,0.775,0.09248,0.71,0.5652,0.48,0.47824,0.57,0.3532
1330,,0.7,0.0248,0.66,0.53288,0.455,0.44592,0.52,0.28552
1331,,0.625,-0.04288,0.61,0.50056,0.43,0.4136,0.47,0.21784
1332,2,0.56,1.0,0.57,0.47824,0.415,0.39128,0.43,0.16016
1333,,0.485,0.93232,0.52,0.44592,0.39,0.35896,0.38,0.09248
1334,,0.41,0.86464,0.47,0.4136,0.365,0.32664,0.33,0.0248
1335,,0.335,0.79696,0.42,0.38128,0.34,0.29432,0.28,-0.04288
1336,8,0.27,0.73928,0.38,0.35896,0.325,0.272,0.24,1.0
1337,,0.195,0.6716,0.33,0.32664,0.3,0.23968,0.19,0.93232
1338,,0.12,0.60392,0.28,0.29432,0.275,0.20736,0.14,0.86464
1339,,0.045,0.53624,0.23,0.262,0.25,0.17504,0.09,0.79696
1340,,-0.03,0.46856,0.18,0.22968,0.225,0.14272,0.04,0.72928
1341,1,1.0,0.41088,0.14,0.20736,0.21,0.1204,0.0,0.6716
1342,,0.925,0.3432,0.09,0.17504,0.185,0.08808,-0.05,0.60392
1343,7,0.86,0.28552,0.05,0.15272,0.17,0.06576,1.0,0.54624
1344,,0.785,0.21784,0.0,0.1204,0.145,0.03344,0.95,0.47856
1345,,0.71,0.15016,-0.05,0.08808,0.12,0.00112,0.9,0.41088
1346,3,0.645,0.09248,1.0,0.06576,0.105,-0.0212,0.86,0.3532
1347,6,0.58,0.0348,0.96,0.04344,0.09,1.0,0.82,0.29552
1348,,0.505,-0.03288,0.91,0.01112,0.065,0.96768,0.77,0.22784
1349,2,0.44,1.0,0.87,-0.0112,0.05,0.94536,0.73,0.17016
1350,4,0.375,0.94232,0.83,1.0,0.035,0.92304,0.69,0.11248
1351,,0.3,0.87464,0.78,0.96768,0.01,0.89072,0.64,0.0448
1352,,0.225,0.80696,0.73,0.93536,-0.015,0.8584,0.59,-0.02288
1353,8,0.16,0.74928,0.69,0.91304,-0.03,0.83608,0.55,1.0
1354,5,0.095,0.6916,0.65,0.89072,1.0,0.81376,0.51,0.94232
1355,,0.02,0.62392,0.6,0.8584,0.975,0.78144,0.46,0.87464
1356,,-0.055,0.55624,0.55,0.82608,0.95,0.74912,0.41,0.80696
1357,1,1.0,0.49856,0.51,0.80376,0.935,0.7268,0.37,0.74928
1358,,0.925,0.43088,0.46,0.77144,0.91,0.69448,0.32,0.6816
1359,,0.85,0.3632,0.41,0.73912,0.885,0.66216,0.27,0.61392
1360,,0.775,0.29552,0.36,0.7068,0.86,0.62984,0.22,0.54624
1361,,0.7,0.22784,0.31,0.67448,0.835,0.59752,0.17,0.47856
1362,,0.625,0.16016,0.26,0.64216,0.81,0.5652,0.12,0.41088
1363,,0.55,0.09248,0.21,0.60984,0.785,0.53288,0.07,0.3432
1364,,0.475,0.0248,0.16,0.57752,0.76,0.50056,0.02,0.27552
1365,,0.4,-0.04288,0.11,0.5452,0.735,0.46824,-0.03,0.20784
1366,2,0.335,1.0,0.07,0.52288,0.72,0.44592,-0.07,0.15016
1367,7,0.27,0.94232,0.03,0.50056,0.705,0.4236,1.0,0.09248
1368,,0.195,0.87464,-0.02,0.46824,0.68,0.39128,0.95,0.0248
1369,3,0.13,0.81696,1.0,0.44592,0.665,0.36896,0.91,-0.03288
1370,8,0.065,0.75928,0.96,0.4236,0.65,0.34664,0.87,1.0
1371,,-0.01,0.6916,0.91,0.39128,0.625,0.31432,0.82,0.93232
1372,1,1.0,0.63392,0.87,0.36896,0.61,0.292,0.78,0.87464
1373,,0.925,0.56624,0.82,0.33664,0.585,0.25968,0.73,0.80696
1374,,0.85,0.49856,0.77,0.30432,0.56,0.22736,0.68,0.73928
1375,,0.775,0.43088,0.72,0.272,0.535,0.19504,0.63,0.6716
1376,,0.7,0.3632,0.67,0.23968,0.51,0.16272,0.58,0.60392
1377,,0.625,0.29552,0.62,0.20736,0.485,0.1304,0.53,0.53624
1378,,0.55,0.22784,0.57,0.17504,0.46,0.09808,0.48,0.46856
1379,,0.475,0.16016,0.52,0.14272,0.435,0.06576,0.43,0.40088
1380,,0.4,0.09248,0.47,0.1104,0.41,0.03344,0.38,0.3332
1381,,0.325,0.0248,0.42,0.07808,0.385,0.00112,0.33,0.26552
1382,,0.25,-0.04288,0.37,0.04576,0.36,-0.0312,0.28,0.19784
1383,2,0.185,1.0,0.33,0.02344,0.345,-0.05352,0.24,0.14016
1384,6,0.12,0.94232,0.29,0.00112,0.33,1.0,0.2,0.08248
1385,,0.045,0.87464,0.24,-0.0312,0.305,0.96768,0.15,0.0148
1386,4,-0.02,0.81696,0.2,1.0,0.29,0.94536,0.11,-0.04288
1387,8,-0.085,0.75928,0.16,0.97768,0.275,0.92304,0.07,1.0
1388,1,1.0,0.7016,0.12,0.95536,0.26,0.90072,0.03,0.94232
1389,,0.925,0.63392,0.07,0.92304,0.235,0.8684,-0.02,0.87464
1390,7,0.86,0.57624,0.03,0.90072,0.22,0.84608,1.0,0.81696
1391,,0.785,0.50856,-0.02,0.8684,0.195,0.81376,0.95,0.74928
1392,3,0.72,0.45088,1.0,0.84608,0.18,0.79144,0.91,0.6916
1393,,0.645,0.3832,0.95,0.81376,0.155,0.75912,0.86,0.62392
1394,,0.57,0.31552,0.9,0.78144,0.13,0.7268,0.81,0.55624
1395,,0.495,0.24784,0.85,0.74912,0.105,0.69448,0.76,0.48856
1396,,0.42,0.18016,0.8,0.7168,0.08,0.66216,0.71,0.42088
1397,,0.345,0.11248,0.75,0.68448,0.055,0.62984,0.66,0.3532
1398,,0.27,0.0448,0.7,0.65216,0.03,0.59752,0.61,0.28552
1399,,0.195,-0.02288,0.65,0.61984,0.005,0.5652,0.56,0.21784
1400,2,0.13,1.0,0.61,0.59752,-0.01,0.54288,0.52,0.16016
1401,5,0.065,0.94232,0.57,0.5752,1.0,0.52056,0.48,0.10248
1402,,-0.01,0.87464,0.52,0.54288,0.975,0.48824,0.43,0.0348
1403,1,1.0,0.81696,0.48,0.52056,0.96,0.46592,0.39,-0.02288
1404,8,0.935,0.75928,0.44,0.49824,0.945,0.4436,0.35,1.0
1405,,0.86,0.6916,0.39,0.46592,0.92,0.41128,0.3,0.93232
1406,,0.785,0.62392,0.34,0.4336,0.895,0.37896,0.25,0.86464
1407,,0.71,0.55624,0.29,0.40128,0.87,0.34664,0.2,0.79696
1408,,0.635,0.48856,0.24,0.36896,0.845,0.31432,0.15,0.72928
1409,,0.56,0.42088,0.19,0.33664,0.82,0.282,0.1,0.6616
1410,,0.485,0.3532,0.14,0.30432,0.795,0.24968,0.05,0.59392
1411,,0.41,0.28552,0.09,0.272,0.77,0.21736,0.0,0.52624
1412,,0.335,0.21784,0.04,0.23968,0.745,0.18504,-0.05,0.45856
1413,7,0.27,0.16016,0.0,0.21736,0.73,0.16272,1.0,0.40088
1414,,0.195,0.09248,-0.05,0.18504,0.705,0.1304,0.95,0.3332
1415,3,0.13,0.0348,1.0,0.16272,0.69,0.10808,0.91,0.27552
1416,,0.055,-0.03288,0.95,0.1304,0.665,0.07576,0.86,0.20784
1417,2,-0.01,1.0,0.91,0.10808,0.65,0.05344,0.82,0.15016
1418,1,1.0,0.94232,0.87,0.08576,0.635,0.03112,0.78,0.09248
1419,,0.925,0.87464,0.82,0.05344,0.61,-0.0012,0.73,0.0248
1420,6,0.86,0.81696,0.78,0.03112,0.595,1.0,0.69,-0.03288
1421,8,0.795,0.75928,0.74,0.0088,0.58,0.97768,0.65,1.0
1422,,0.72,0.6916,0.69,-0.02352,0.555,0.94536,0.6,0.93232
1423,4,0.655,0.63392,0.65,1.0,0.54,0.92304,0.56,0.87464
1424,,0.58,0.56624,0.6,0.96768,0.515,0.89072,0.51,0.80696
1425,,0.505,0.49856,0.55,0.93536,0.49,0.8584,0.46,0.73928
1426,,0.43,0.43088,0.5,0.90304,0.465,0.82608,0.41,0.6716
1427,,0.355,0.3632,0.45,0.87072,0.44,0.79376,0.36,0.60392
1428,,0.28,0.29552,0.4,0.8384,0.415,0.76144,0.31,0.53624
1429,,0.205,0.22784,0.35,0.80608,0.39,0.72912,0.26,0.46856
1430,,0.13,0.16016,0.3,0.77376,0.365,0.6968,0.21,0.40088
1431,,0.055,0.09248,0.25,0.74144,0.34,0.66448,0.16,0.3332
1432,,-0.02,0.0248,0.2,0.70912,0.315,0.63216,0.11,0.26552
1433,1,1.0,-0.03288,0.16,0.6868,0.3,0.60984,0.07,0.20784
1434,2,0.935,1.0,0.12,0.66448,0.285,0.58752,0.03,0.15016
1435,,0.86,0.93232,0.07,0.63216,0.26,0.5552,-0.02,0.08248
1436,7,0.795,0.87464,0.03,0.60984,0.245,0.53288,1.0,0.0248
1437,,0.72,0.80696,-0.02,0.57752,0.22,0.50056,0.95,-0.04288
1438,8,0.655,0.74928,-0.06,0.5552,0.205,0.47824,0.91,1.0
1439,3,0.59,0.6916,1.0,0.53288,0.19,0.45592,0.87,0.94232
1440,,0.515,0.62392,0.95,0.50056,0.165,0.4236,0.82,0.87464
1441,,0.44,0.55624,0.9,0.46824,0.14,0.39128,0.77,0.80696
1442,,0.365,0.48856,0.85,0.43592,0.115,0.35896,0.72,0.73928
1443,,0.29,0.42088,0.8,0.4036,0.09,0.32664,0.67,0.6716
1444,,0.215,0.3532,0.75,0.37128,0.065,0.29432,0.62,0.60392
1445,,0.14,0.28552,0.7,0.33896,0.04,0.262,0.57,0.53624
1446,,0.065,0.21784,0.65,0.30664,0.015,0.22968,0.52,0.46856
1447,,-0.01,0.15016,0.6,0.27432,-0.01,0.19736,0.47,0.40088
1448,1,1.0,0.09248,0.56,0.252,-0.025,0.17504,0.43,0.3432
1449,5,0.935,0.0348,0.52,0.22968,1.0,0.15272,0.39,0.28552
1450,,0.86,-0.03288,0.47,0.19736,0.975,0.1204,0.34,0.21784
1451,2,0.795,1.0,0.43,0.17504,0.96,0.09808,0.3,0.16016
1452,,0.72,0.93232,0.38,0.14272,0.935,0.06576,0.25,0.09248
1453,,0.645,0.86464,0.33,0.1104,0.91,0.03344,0.2,0.0248
1454,,0.57,0.79696,0.28,0.07808,0.885,0.00112,0.15,-0.04288
1455,8,0.505,0.73928,0.24,0.05576,0.87,-0.0212,0.11,1.0
1456,6,0.44,0.6816,0.2,0.03344,0.855,1.0,0.07,0.94232
1457,,0.365,0.61392,0.15,0.00112,0.83,0.96768,0.02,0.87464
1458,,0.29,0.54624,0.1,-0.0312,0.805,0.93536,-0.03,0.80696
1459,4,0.225,0.48856,0.06,1.0,0.79,0.91304,-0.07,0.74928
1460,7,0.16,0.43088,0.02,0.97768,0.775,0.89072,1.0,0.6916
1461,,0.085,0.3632,-0.03,0.94536,0.75,0.8584,0.95,0.62392
1462,3,0.02,0.30552,1.0,0.92304,0.735,0.83608,0.91,0.56624
1463,,-0.055,0.23784,0.95,0.89072,0.71,0.80376,0.86,0.49856
1464,1,1.0,0.18016,0.91,0.8684,0.695,0.78144,0.82,0.44088
1465,,0.925,0.11248,0.86,0.83608,0.67,0.74912,0.77,0.3732
1466,,0.85,0.0448,0.81,0.80376,0.645,0.7168,0.72,0.30552
1467,,0.775,-0.02288,0.76,0.77144,0.62,0.68448,0.67,0.23784
1468,2,0.71,1.0,0.72,0.74912,0.605,0.66216,0.63,0.18016
1469,,0.635,0.93232,0.67,0.7168,0.58,0.62984,0.58,0.11248
1470,,0.56,0.86464,0.62,0.68448,0.555,0.59752,0.53,0.0448
1471,,0.485,0.79696,0.57,0.65216,0.53,0.5652,0.48,-0.02288
1472,8,0.42,0.73928,0.53,0.62984,0.515,0.54288,0.44,1.0
1473,,0.345,0.6716,0.48,0.59752,0.49,0.51056,0.39,0.93232
1474,,0.27,0.60392,0.43,0.5652,0.465,0.47824,0.34,0.86464
1475,,0.195,0.53624,0.38,0.53288,0.44,0.44592,0.29,0.79696
1476,,0.12,0.46856,0.33,0.50056,0.415,0.4136,0.24,0.72928
1477,,0.045,0.40088,0.28,0.46824,0.39,0.38128,0.19,0.6616
1478,,-0.03,0.3332,0.23,0.43592,0.365,0.34896,0.14,0.59392
1479,1,1.0,0.27552,0.19,0.4136,0.35,0.32664,0.1,0.53624
1480,,0.925,0.20784,0.14,0.38128,0.325,0.29432,0.05,0.46856
1481,,0.85,0.14016,0.09,0.34896,0.3,0.262,0.0,0.40088
1482,,0.775,0.07248,0.04,0.31664,0.275,0.22968,-0.05,0.3332
1483,7,0.71,0.0148,0.0,0.29432,0.26,0.20736,1.0,0.27552
1484,,0.635,-0.05288,-0.05,0.262,0.235,0.17504,0.95,0.20784
1485,2,0.57,1.0,-0.09,0.23968,0.22,0.15272,0.91,0.15016
1486,3,0.505,0.94232,1.0,0.21736,0.205,0.1304,0.87,0.09248
1487,,0.43,0.87464,0.95,0.18504,0.18,0.09808,0.82,0.0248
1488,,0.355,0.80696,0.9,0.15272,0.155,0.06576,0.77,-0.04288
1489,8,0.29,0.74928,0.86,0.1304,0.14,0.04344,0.73,1.0
1490,,0.215,0.6816,0.81,0.09808,0.115,0.01112,0.68,0.93232
1491,,0.14,0.61392,0.76,0.06576,0.09,-0.0212,0.63,0.86464
1492,6,0.075,0.55624,0.72,0.04344,0.075,1.0,0.59,0.80696
1493,,-0.0,0.48856,0.67,0.01112,0.05,0.96768,0.54,0.73928
1494,,-0.075,0.42088,0.62,-0.0212,0.025,0.93536,0.49,0.6716
1495,1,1.0,0.3632,0.58,-0.04352,0.01,0.91304,0.45,0.61392
1496,4,0.935,0.30552,0.54,1.0,-0.005,0.89072,0.41,0.55624
1497,5,0.87,0.24784,0.5,0.97768,1.0,0.8684,0.37,0.49856
1498,,0.795,0.18016,0.45,0.94536,0.975,0.83608,0.32,0.43088
1499,,0.72,0.11248,0.4,0.91304,0.95,0.80376,0.27,0.3632
1500,,0.645,0.0448,0.35,0.88072,0.925,0.77144,0.22,0.29552
1501,,0.57,-0.02288,0.3,0.8484,0.9,0.73912,0.17,0.22784
1502,2,0.505,1.0,0.26,0.82608,0.885,0.7168,0.13,0.17016
1503,,0.43,0.93232,0.21,0.79376,0.86,0.68448,0.08,0.10248
1504,,0.355,0.86464,0.16,0.76144,0.835,0.65216,0.03,0.0348
1505,,0.28,0.79696,0.11,0.72912,0.81,0.61984,-0.02,-0.03288
1506,8,0.215,0.73928,0.07,0.7068,0.795,0.59752,-0.06,1.0
1507,7,0.15,0.6816,0.03,0.68448,0.78,0.5752,1.0,0.94232
1508,,0.075,0.61392,-0.02,0.65216,0.755,0.54288,0.95,0.87464
1509,3,0.01,0.55624,1.0,0.62984,0.74,0.52056,0.91,0.81696
1510,,-0.065,0.48856,0.95,0.59752,0.715,0.48824,0.86,0.74928
1511,1,1.0,0.43088,0.91,0.5752,0.7,0.46592,0.82,0.6916
1512,,0.925,0.3632,0.86,0.54288,0.675,0.4336,0.77,0.62392
1513,,0.85,0.29552,0.81,0.51056,0.65,0.40128,0.72,0.55624
1514,,0.775,0.22784,0.76,0.47824,0.625,0.36896,0.67,0.48856
1515,,0.7,0.16016,0.71,0.44592,0.6,0.33664,0.62,0.42088
1516,,0.625,0.09248,0.66,0.4136,0.575,0.30432,0.57,0.3532
1517,,0.55,0.0248,0.61,0.38128,0.55,0.272,0.52,0.28552
1518,,0.475,-0.04288,0.56,0.34896,0.525,0.23968,0.47,0.21784
1519,2,0.41,1.0,0.52,0.32664,0.51,0.21736,0.43,0.16016
1520,,0.335,0.93232,0.47,0.29432,0.485,0.18504,0.38,0.09248
1521,,0.26,0.86464,0.42,0.262,0.46,0.15272,0.33,0.0248
1522,,0.185,0.79696,0.37,0.22968,0.435,0.1204,0.28,-0.04288
1523,8,0.12,0.73928,0.33,0.20736,0.42,0.09808,0.24,1.0
1524,,0.045,0.6716,0.28,0.17504,0.395,0.06576,0.19,0.93232
1525,,-0.03,0.60392,0.23,0.14272,0.37,0.03344,0.14,0.86464
1526,1,1.0,0.54624,0.19,0.1204,0.355,0.01112,0.1,0.80696
1527,,0.925,0.47856,0.14,0.08808,0.33,-0.0212,0.05,0.73928
1528,6,0.86,0.42088,0.1,0.06576,0.315,1.0,0.01,0.6816
1529,,0.785,0.3532,0.05,0.03344,0.29,0.96768,-0.04,0.61392
1530,7,0.72,0.29552,0.01,0.01112,0.275,0.94536,1.0,0.55624
1531,,0.645,0.22784,-0.04,-0.0212,0.25,0.91304,0.95,0.48856
1532,3,0.58,0.17016,1.0,-0.04352,0.235,0.89072,0.91,0.43088
1533,4,0.515,0.11248,0.96,1.0,0.22,0.8684,0.87,0.3732
1534,,0.44,0.0448,0.91,0.96768,0.195,0.83608,0.82,0.30552
1535,,0.365,-0.02288,0.86,0.93536,0.17,0.80376,0.77,0.23784
1536,2,0.3,1.0,0.82,0.91304,0.155,0.78144,0.73,0.18016
1537,,0.225,0.93232,0.77,0.88072,0.13,0.74912,0.68,0.11248
1538,,0.15,0.86464,0.72,0.8484,0.105,0.7168,0.63,0.0448
1539,,0.075,0.79696,0.67,0.81608,0.08,0.68448,0.58,-0.02288
1540,8,0.01,0.73928,0.63,0.79376,0.065,0.66216,0.54,1.0
1541,,-0.065,0.6716,0.58,0.76144,0.04,0.62984,0.49,0.93232
1542,1,1.0,0.61392,0.54,0.73912,0.025,0.60752,0.45,0.87464
1543,,0.925,0.54624,0.49,0.7068,0.0,0.5752,0.4,0.80696
1544,,0.85,0.47856,0.44,0.67448,-0.025,0.54288,0.35,0.73928
1545,5,0.785,0.42088,0.4,0.65216,1.0,0.52056,0.31,0.6816
1546,,0.71,0.3532,0.35,0.61984,0.975,0.48824,0.26,0.61392
1547,,0.635,0.28552,0.3,0.58752,0.95,0.45592,0.21,0.54624
1548,,0.56,0.21784,0.25,0.5552,0.925,0.4236,0.16,0.47856
1549,,0.485,0.15016,0.2,0.52288,0.9,0.39128,0.11,0.41088
1550,,0.41,0.08248,0.15,0.49056,0.875,0.35896,0.06,0.3432
1551,,0.335,0.0148,0.1,0.45824,0.85,0.32664,0.01,0.27552
1552,,0.26,-0.05288,0.05,0.42592,0.825,0.29432,-0.04,0.20784
1553,2,0.195,1.0,0.01,0.4036,0.81,0.272,-0.08,0.15016
1554,7,0.13,0.94232,-0.03,0.38128,0.795,0.24968,1.0,0.09248
1555,3,0.065,0.88464,1.0,0.35896,0.78,0.22736,0.96,0.0348
1556,,-0.01,0.81696,0.95,0.32664,0.755,0.19504,0.91,-0.03288
1557,8,-0.075,0.75928,0.91,0.30432,0.74,0.17272,0.87,1.0
1558,1,1.0,0.7016,0.87,0.282,0.725,0.1504,0.83,0.94232
1559,,0.925,0.63392,0.82,0.24968,0.7,0.11808,0.78,0.87464
1560,,0.85,0.56624,0.77,0.21736,0.675,0.08576,0.73,0.80696
1561,,0.775,0.49856,0.72,0.18504,0.65,0.05344,0.68,0.73928
1562,,0.7,0.43088,0.67,0.15272,0.625,0.02112,0.63,0.6716
1563,,0.625,0.3632,0.62,0.1204,0.6,-0.0112,0.58,0.60392
1564,6,0.56,0.30552,0.58,0.09808,0.585,1.0,0.54,0.54624
1565,,0.485,0.23784,0.53,0.06576,0.56,0.96768,0.49,0.47856
1566,,0.41,0.17016,0.48,0.03344,0.535,0.93536,0.44,0.41088
1567,,0.335,0.10248,0.43,0.00112,0.51,0.90304,0.39,0.3432
1568,,0.26,0.0348,0.38,-0.0312,0.485,0.87072,0.34,0.27552
1569,4,0.195,-0.02288,0.34,1.0,0.47,0.8484,0.3,0.21784
1570,2,0.13,1.0,0.3,0.97768,0.455,0.82608,0.26,0.16016
1571,,0.055,0.93232,0.25,0.94536,0.43,0.79376,0.21,0.09248
1572,,-0.02,0.86464,0.2,0.91304,0.405,0.76144,0.16,0.0248
1573,1,1.0,0.80696,0.16,0.89072,0.39,0.73912,0.12,-0.03288
1574,8,0.935,0.74928,0.12,0.8684,0.375,0.7168,0.08,1.0
1575,,0.86,0.6816,0.07,0.83608,0.35,0.68448,0.03,0.93232
1576,,0.785,0.61392,0.02,0.80376,0.325,0.65216,-0.02,0.86464
1577,7,0.72,0.55624,-0.02,0.78144,0.31,0.62984,1.0,0.80696
1578,3,0.655,0.49856,1.0,0.75912,0.295,0.60752,0.96,0.74928
1579,,0.58,0.43088,0.95,0.7268,0.27,0.5752,0.91,0.6816
1580,,0.505,0.3632,0.9,0.69448,0.245,0.54288,0.86,0.61392
1581,,0.43,0.29552,0.85,0.66216,0.22,0.51056,0.81,0.54624
1582,,0.355,0.22784,0.8,0.62984,0.195,0.47824,0.76,0.47856
1583,,0.28,0.16016,0.75,0.59752,0.17,0.44592,0.71,0.41088
1584,,0.205,0.09248,0.7,0.5652,0.145,0.4136,0.66,0.3432
1585,,0.13,0.0248,0.65,0.53288,0.12,0.38128,0.61,0.27552
1586,,0.055,-0.04288,0.6,0.50056,0.095,0.34896,0.56,0.20784
1587,2,-0.01,1.0,0.56,0.47824,0.08,0.32664,0.52,0.15016
1588,1,1.0,0.94232,0.52,0.45592,0.065,0.30432,0.48,0.09248
1589,,0.925,0.87464,0.47,0.4236,0.04,0.272,0.43,0.0248
1590,,0.85,0.80696,0.42,0.39128,0.015,0.23968,0.38,-0.04288
1591,8,0.785,0.74928,0.38,0.36896,0.0,0.21736,0.34,1.0
1592,,0.71,0.6816,0.33,0.33664,-0.025,0.18504,0.29,0.93232
1593,5,0.645,0.62392,0.29,0.31432,1.0,0.16272,0.25,0.87464
1594,,0.57,0.55624,0.24,0.282,0.975,0.1304,0.2,0.80696
1595,,0.495,0.48856,0.19,0.24968,0.95,0.09808,0.15,0.73928
1596,,0.42,0.42088,0.14,0.21736,0.925,0.06576,0.1,0.6716
1597,,0.345,0.3532,0.09,0.18504,0.9,0.03344,0.05,0.60392
1598,,0.27,0.28552,0.04,0.15272,0.875,0.00112,0.0,0.53624
1599,,0.195,0.21784,-0.01,0.1204,0.85,-0.0312,-0.05,0.46856
1600,7,0.13,0.16016,-0.05,0.09808,0.835,-0.05352,1.0,0.41088
1601,6,0.065,0.10248,-0.09,0.07576,0.82,1.0,0.96,0.3532
1602,3,-0.0,0.0448,1.0,0.05344,0.805,0.97768,0.92,0.29552
1603,,-0.075,-0.02288,0.95,0.02112,0.78,0.94536,0.87,0.22784
1604,1,1.0,-0.08056,0.91,-0.0012,0.765,0.92304,0.83,0.17016
1605,2,0.935,1.0,0.87,-0.02352,0.75,0.90072,0.79,0.11248
1606,4,0.87,0.94232,0.83,1.0,0.735,0.8784,0.75,0.0548
1607,,0.795,0.87464,0.78,0.96768,0.71,0.84608,0.7,-0.01288
1608,8,0.73,0.81696,0.74,0.94536,0.695,0.82376,0.66,1.0
1609,,0.655,0.74928,0.69,0.91304,0.67,0.79144,0.61,0.93232
1610,,0.58,0.6816,0.64,0.88072,0.645,0.75912,0.56,0.86464
1611,,0.505,0.61392,0.59,0.8484,0.62,0.7268,0.51,0.79696
1612,,0.43,0.54624,0.54,0.81608,0.595,0.69448,0.46,0.72928
1613,,0.355,0.47856,0.49,0.78376,0.57,0.66216,0.41,0.6616
1614,,0.28,0.41088,0.44,0.75144,0.545,0.62984,0.36,0.59392
1615,,0.205,0.3432,0.39,0.71912,0.52,0.59752,0.31,0.52624
1616,,0.13,0.27552,0.34,0.6868,0.495,0.5652,0.26,0.45856
1617,,0.055,0.20784,0.29,0.65448,0.47,0.53288,0.21,0.39088
1618,,-0.02,0.14016,0.24,0.62216,0.445,0.50056,0.16,0.3232
1619,1,1.0,0.08248,0.2,0.59984,0.43,0.47824,0.12,0.26552
1620,,0.925,0.0148,0.15,0.56752,0.405,0.44592,0.07,0.19784
1621,,0.85,-0.05288,0.1,0.5352,0.38,0.4136,0.02,0.13016
1622,2,0.785,1.0,0.06,0.51288,0.365,0.39128,-0.02,0.07248
1623,7,0.72,0.94232,0.02,0.49056,0.35,0.36896,1.0,0.0148
1624,,0.645,0.87464,-0.03,0.45824,0.325,0.33664,0.95,-0.05288
1625,8,0.58,0.81696,-0.07,0.43592,0.31,0.31432,0.91,1.0
1626,3,0.515,0.75928,1.0,0.4136,0.295,0.292,0.87,0.94232
1627,,0.44,0.6916,0.95,0.38128,0.27,0.25968,0.82,0.87464
1628,,0.365,0.62392,0.9,0.34896,0.245,0.22736,0.77,0.80696
1629,,0.29,0.55624,0.85,0.31664,0.22,0.19504,0.72,0.73928
1630,,0.215,0.48856,0.8,0.28432,0.195,0.16272,0.67,0.6716
1631,,0.14,0.42088,0.75,0.252,0.17,0.1304,0.62,0.60392
1632,,0.065,0.3532,0.7,0.21968,0.145,0.09808,0.57,0.53624
1633,,-0.01,0.28552,0.65,0.18736,0.12,0.06576,0.52,0.46856
1634,1,1.0,0.22784,0.61,0.16504,0.105,0.04344,0.48,0.41088
1635,,0.925,0.16016,0.56,0.13272,0.08,0.01112,0.43,0.3432
1636,,0.85,0.09248,0.51,0.1004,0.055,-0.0212,0.38,0.27552
1637,6,0.785,0.0348,0.47,0.07808,0.04,1.0,0.34,0.21784
1638,,0.71,-0.03288,0.42,0.04576,0.015,0.96768,0.29,0.15016
1639,2,0.645,1.0,0.38,0.02344,0.0,0.94536,0.25,0.09248
1640,,0.57,0.93232,0.33,-0.00888,-0.025,0.91304,0.2,0.0248
1641,5,0.505,0.87464,0.29,-0.0312,1.0,0.89072,0.16,-0.03288
1642,8,0.44,0.81696,0.25,-0.05352,0.985,0.8684,0.12,1.0
1643,4,0.375,0.75928,0.21,1.0,0.97,0.84608,0.08,0.94232
1644,,0.3,0.6916,0.16,0.96768,0.945,0.81376,0.03,0.87464
1645,,0.225,0.62392,0.11,0.93536,0.92,0.78144,-0.02,0.80696
1646,7,0.16,0.56624,0.07,0.91304,0.905,0.75912,1.0,0.74928
1647,,0.085,0.49856,0.02,0.88072,0.88,0.7268,0.95,0.6816
1648,,0.01,0.43088,-0.03,0.8484,0.855,0.69448,0.9,0.61392
1649,3,-0.055,0.3732,1.0,0.82608,0.84,0.67216,0.86,0.55624
1650,1,1.0,0.31552,0.96,0.80376,0.825,0.64984,0.82,0.49856
1651,,0.925,0.24784,0.91,0.77144,0.8,0.61752,0.77,0.43088
1652,,0.85,0.18016,0.86,0.73912,0.775,0.5852,0.72,0.3632
1653,,0.775,0.11248,0.81,0.7068,0.75,0.55288,0.67,0.29552
1654,,0.7,0.0448,0.76,0.67448,0.725,0.52056,0.62,0.22784
1655,,0.625,-0.02288,0.71,0.64216,0.7,0.48824,0.57,0.16016
1656,2,0.56,1.0,0.67,0.61984,0.685,0.46592,0.53,0.10248
1657,,0.485,0.93232,0.62,0.58752,0.66,0.4336,0.48,0.0348
1658,,0.41,0.86464,0.57,0.5552,0.635,0.40128,0.43,-0.03288
1659,8,0.345,0.80696,0.53,0.53288,0.62,0.37896,0.39,1.0
1660,,0.27,0.73928,0.48,0.50056,0.595,0.34664,0.34,0.93232
1661,,0.195,0.6716,0.43,0.46824,0.57,0.31432,0.29,0.86464
1662,,0.12,0.60392,0.38,0.43592,0.545,0.282,0.24,0.79696
1663,,0.045,0.53624,0.33,0.4036,0.52,0.24968,0.19,0.72928
1664,,-0.03,0.46856,0.28,0.37128,0.495,0.21736,0.14,0.6616
1665,1,1.0,0.41088,0.24,0.34896,0.48,0.19504,0.1,0.60392
1666,,0.925,0.3432,0.19,0.31664,0.455,0.16272,0.05,0.53624
1667,,0.85,0.27552,0.14,0.28432,0.43,0.1304,0.0,0.46856
1668,,0.775,0.20784,0.09,0.252,0.405,0.09808,-0.05,0.40088
1669,7,0.71,0.15016,0.05,0.22968,0.39,0.07576,1.0,0.3432
1670,,0.635,0.08248,0.0,0.19736,0.365,0.04344,0.95,0.27552
1671,,0.56,0.0148,-0.05,0.16504,0.34,0.01112,0.9,0.20784
1672,3,0.495,-0.04288,1.0,0.14272,0.325,-0.0112,0.86,0.15016
1673,2,0.43,1.0,0.96,0.1204,0.31,-0.03352,0.82,0.09248
1674,6,0.365,0.94232,0.92,0.09808,0.295,1.0,0.78,0.0348
1675,,0.29,0.87464,0.87,0.06576,0.27,0.96768,0.73,-0.03288
1676,8,0.225,0.81696,0.83,0.04344,0.255,0.94536,0.69,1.0
1677,,0.15,0.74928,0.78,0.01112,0.23,0.91304,0.64,0.93232
1678,,0.075,0.6816,0.73,-0.0212,0.205,0.88072,0.59,0.86464
1679,4,0.01,0.62392,0.69,1.0,0.19,0.8584,0.55,0.80696
1680,,-0.065,0.55624,0.64,0.96768,0.165,0.82608,0.5,0.73928
1681,1,1.0,0.49856,0.6,0.94536,0.15,0.80376,0.46,0.6816
1682,,0.925,0.43088,0.55,0.91304,0.125,0.77144,0.41,0.61392
1683,,0.85,0.3632,0.5,0.88072,0.1,0.73912,0.36,0.54624
1684,,0.775,0.29552,0.45,0.8484,0.075,0.7068,0.31,0.47856
1685,,0.7,0.22784,0.4,0.81608,0.05,0.67448,0.26,0.41088
1686,,0.625,0.16016,0.35,0.78376,0.025,0.64216,0.21,0.3432
1687,,0.55,0.09248,0.3,0.75144,0.0,0.60984,0.16,0.27552
1688,,0.475,0.0248,0.25,0.71912,-0.025,0.57752,0.11,0.20784
1689,5,0.41,-0.03288,0.21,0.6968,1.0,0.5552,0.07,0.15016
1690,2,0.345,1.0,0.17,0.67448,0.985,0.53288,0.03,0.09248
1691,,0.27,0.93232,0.12,0.64216,0.96,0.50056,-0.02,0.0248
1692,7,0.205,0.87464,0.08,0.61984,0.945,0.47824,1.0,-0.03288
1693,8,0.14,0.81696,0.04,0.59752,0.93,0.45592,0.96,1.0
1694,,0.065,0.74928,-0.01,0.5652,0.905,0.4236,0.91,0.93232
1695,3,-0.0,0.6916,1.0,0.54288,0.89,0.40128,0.87,0.87464
1696,,-0.075,0.62392,0.95,0.51056,0.865,0.36896,0.82,0.80696
1697,1,1.0,0.56624,0.91,0.48824,0.85,0.34664,0.78,0.74928
1698,,0.925,0.49856,0.86,0.45592,0.825,0.31432,0.73,0.6816
1699,,0.85,0.43088,0.81,0.4236,0.8,0.282,0.68,0.61392
1700,,0.775,0.3632,0.76,0.39128,0.775,0.24968,0.63,0.54624
1701,,0.7,0.29552,0.71,0.35896,0.75,0.21736,0.58,0.47856
1702,,0.625,0.22784,0.66,0.32664,0.725,0.18504,0.53,0.41088
1703,,0.55,0.16016,0.61,0.29432,0.7,0.15272,0.48,0.3432
1704,,0.475,0.09248,0.56,0.262,0.675,0.1204,0.43,0.27552
1705,,0.4,0.0248,0.51,0.22968,0.65,0.08808,0.38,0.20784
1706,,0.325,-0.04288,0.46,0.19736,0.625,0.05576,0.33,0.14016
1707,2,0.26,1.0,0.42,0.17504,0.61,0.03344,0.29,0.08248
1708,,0.185,0.93232,0.37,0.14272,0.585,0.00112,0.24,0.0148
1709,,0.11,0.86464,0.32,0.1104,0.56,-0.0312,0.19,-0.05288
1710,8,0.045,0.80696,0.28,0.08808,0.545,-0.05352,0.15,1.0
1711,6,-0.02,0.74928,0.24,0.06576,0.53,1.0,0.11,0.94232
1712,1,1.0,0.6916,0.2,0.04344,0.515,0.97768,0.07,0.88464
1713,,0.925,0.62392,0.15,0.01112,0.49,0.94536,0.02,0.81696
1714,,0.85,0.55624,0.1,-0.0212,0.465,0.91304,-0.03,0.74928
1715,7,0.785,0.49856,0.06,-0.04352,0.45,0.89072,1.0,0.6916
1716,4,0.72,0.44088,0.02,1.0,0.435,0.8684,0.96,0.63392
1717,,0.645,0.3732,-0.03,0.96768,0.41,0.83608,0.91,0.56624
1718,3,0.58,0.31552,1.0,0.94536,0.395,0.81376,0.87,0.50856
1719,,0.505,0.24784,0.95,0.91304,0.37,0.78144,0.82,0.44088
1720,,0.43,0.18016,0.9,0.88072,0.345,0.74912,0.77,0.3732
1721,,0.355,0.11248,0.85,0.8484,0.32,0.7168,0.72,0.30552
1722,,0.28,0.0448,0.8,0.81608,0.295,0.68448,0.67,0.23784
1723,,0.205,-0.02288,0.75,0.78376,0.27,0.65216,0.62,0.17016
1724,2,0.14,1.0,0.71,0.76144,0.255,0.62984,0.58,0.11248
1725,,0.065,0.93232,0.66,0.72912,0.23,0.59752,0.53,0.0448
1726,,-0.01,0.86464,0.61,0.6968,0.205,0.5652,0.48,-0.02288
1727,8,-0.075,0.80696,0.57,0.67448,0.19,0.54288,0.44,1.0
1728,1,1.0,0.74928,0.53,0.65216,0.175,0.52056,0.4,0.94232
1729,,0.925,0.6816,0.48,0.61984,0.15,0.48824,0.35,0.87464
1730,,0.85,0.61392,0.43,0.58752,0.125,0.45592,0.3,0.80696
1731,,0.775,0.54624,0.38,0.5552,0.1,0.4236,0.25,0.73928
1732,,0.7,0.47856,0.33,0.52288,0.075,0.39128,0.2,0.6716
1733,,0.625,0.41088,0.28,0.49056,0.05,0.35896,0.15,0.60392
1734,,0.55,0.3432,0.23,0.45824,0.025,0.32664,0.1,0.53624
1735,,0.475,0.27552,0.18,0.42592,0.0,0.29432,0.05,0.46856
1736,,0.4,0.20784,0.13,0.3936,-0.025,0.262,0.0,0.40088
1737,5,0.335,0.15016,0.09,0.37128,1.0,0.23968,-0.04,0.3432
1738,7,0.27,0.09248,0.05,0.34896,0.985,0.21736,1.0,0.28552
1739,,0.195,0.0248,0.0,0.31664,0.96,0.18504,0.95,0.21784
1740,,0.12,-0.04288,-0.05,0.28432,0.935,0.15272,0.9,0.15016
1741,3,0.055,-0.10056,1.0,0.262,0.92,0.1304,0.86,0.09248
1742,2,-0.01,1.0,0.96,0.23968,0.905,0.10808,0.82,0.0348
1743,1,1.0,0.94232,0.92,0.21736,0.89,0.08576,0.78,-0.02288
1744,8,0.935,0.88464,0.88,0.19504,0.875,0.06344,0.74,1.0
1745,,0.86,0.81696,0.83,0.16272,0.85,0.03112,0.69,0.93232
1746,,0.785,0.74928,0.78,0.1304,0.825,-0.0012,0.64,0.86464
1747,6,0.72,0.6916,0.74,0.10808,0.81,1.0,0.6,0.80696
1748,,0.645,0.62392,0.69,0.07576,0.785,0.96768,0.55,0.73928
1749,,0.57,0.55624,0.64,0.04344,0.76,0.93536,0.5,0.6716
1750,,0.495,0.48856,0.59,0.01112,0.735,0.90304,0.45,0.60392
1751,,0.42,0.42088,0.54,-0.0212,0.71,0.87072,0.4,0.53624
1752,4,0.355,0.3632,0.5,1.0,0.695,0.8484,0.36,0.47856
1753,,0.28,0.29552,0.45,0.96768,0.67,0.81608,0.31,0.41088
1754,,0.205,0.22784,0.4,0.93536,0.645,0.78376,0.26,0.3432
1755,,0.13,0.16016,0.35,0.90304,0.62,0.75144,0.21,0.27552
1756,,0.055,0.09248,0.3,0.87072,0.595,0.71912,0.16,0.20784
1757,,-0.02,0.0248,0.25,0.8384,0.57,0.6868,0.11,0.14016
1758,1,1.0,-0.03288,0.21,0.81608,0.555,0.66448,0.07,0.08248
1759,2,0.935,1.0,0.17,0.79376,0.54,0.64216,0.03,0.0248
1760,,0.86,0.93232,0.12,0.76144,0.515,0.60984,-0.02,-0.04288
1761,8,0.795,0.87464,0.08,0.73912,0.5,0.58752,-0.06,1.0
1762,7,0.73,0.81696,0.04,0.7168,0.485,0.5652,1.0,0.94232
1763,,0.655,0.74928,-0.01,0.68448,0.46,0.53288,0.95,0.87464
1764,3,0.59,0.6916,1.0,0.66216,0.445,0.51056,0.91,0.81696
1765,,0.515,0.62392,0.95,0.62984,0.42,0.47824,0.86,0.74928
1766,,0.44,0.55624,0.9,0.59752,0.395,0.44592,0.81,0.6816
1767,,0.365,0.48856,0.85,0.5652,0.37,0.4136,0.76,0.61392
1768,,0.29,0.42088,0.8,0.53288,0.345,0.38128,0.71,0.54624
1769,,0.215,0.3532,0.75,0.50056,0.32,0.34896,0.66,0.47856
1770,,0.14,0.28552,0.7,0.46824,0.295,0.31664,0.61,0.41088
1771,,0.065,0.21784,0.65,0.43592,0.27,0.28432,0.56,0.3432
1772,,-0.01,0.15016,0.6,0.4036,0.245,0.252,0.51,0.27552
1773,1,1.0,0.09248,0.56,0.38128,0.23,0.22968,0.47,0.21784
1774,,0.925,0.0248,0.51,0.34896,0.205,0.19736,0.42,0.15016
1775,,0.85,-0.04288,0.46,0.31664,0.18,0.16504,0.37,0.08248
1776,2,0.785,1.0,0.42,0.29432,0.165,0.14272,0.33,0.0248
1777,,0.71,0.93232,0.37,0.262,0.14,0.1104,0.28,-0.04288
1778,8,0.645,0.87464,0.33,0.23968,0.125,0.08808,0.24,1.0
1779,,0.57,0.80696,0.28,0.20736,0.1,0.05576,0.19,0.93232
1780,,0.495,0.73928,0.23,0.17504,0.075,0.02344,0.14,0.86464
1781,,0.42,0.6716,0.18,0.14272,0.05,-0.00888,0.09,0.79696
1782,6,0.355,0.61392,0.14,0.1204,0.035,1.0,0.05,0.73928
1783,,0.28,0.54624,0.09,0.08808,0.01,0.96768,0.0,0.6716
1784,,0.205,0.47856,0.04,0.05576,-0.015,0.93536,-0.05,0.60392
1785,7,0.14,0.42088,0.0,0.03344,-0.03,0.91304,1.0,0.54624
1786,5,0.075,0.3632,-0.04,0.01112,1.0,0.89072,0.96,0.48856
1787,3,0.01,0.30552,1.0,-0.0112,0.985,0.8684,0.92,0.43088
1788,4,-0.055,0.24784,0.96,1.0,0.97,0.84608,0.88,0.3732
1789,1,1.0,0.19016,0.92,0.97768,0.955,0.82376,0.84,0.31552
1790,,0.925,0.12248,0.87,0.94536,0.93,0.79144,0.79,0.24784
1791,,0.85,0.0548,0.82,0.91304,0.905,0.75912,0.74,0.18016
1792,,0.775,-0.01288,0.77,0.88072,0.88,0.7268,0.69,0.11248
1793,2,0.71,1.0,0.73,0.8584,0.865,0.70448,0.65,0.0548
1794,,0.635,0.93232,0.68,0.82608,0.84,0.67216,0.6,-0.01288
1795,8,0.57,0.87464,0.64,0.80376,0.825,0.64984,0.56,1.0
1796,,0.495,0.80696,0.59,0.77144,0.8,0.61752,0.51,0.93232
1797,,0.42,0.73928,0.54,0.73912,0.775,0.5852,0.46,0.86464
1798,,0.345,0.6716,0.49,0.7068,0.75,0.55288,0.41,0.79696
1799,,0.27,0.60392,0.44,0.67448,0.725,0.52056,0.36,0.72928
1800,,0.195,0.53624,0.39,0.64216,0.7,0.48824,0.31,0.6616
1801,,0.12,0.46856,0.34,0.60984,0.675,0.45592,0.26,0.59392
1802,,0.045,0.40088,0.29,0.57752,0.65,0.4236,0.21,0.52624
1803,,-0.03,0.3332,0.24,0.5452,0.625,0.39128,0.16,0.45856
1804,1,1.0,0.27552,0.2,0.52288,0.61,0.36896,0.12,0.40088
1805,,0.925,0.20784,0.15,0.49056,0.585,0.33664,0.07,0.3332
1806,,0.85,0.14016,0.1,0.45824,0.56,0.30432,0.02,0.26552
1807,,0.775,0.07248,0.05,0.42592,0.535,0.272,-0.03,0.19784
1808,7,0.71,0.0148,0.01,0.4036,0.52,0.24968,1.0,0.14016
1809,,0.635,-0.05288,-0.04,0.37128,0.495,0.21736,0.95,0.07248
1810,2,0.57,1.0,-0.08,0.34896,0.48,0.19504,0.91,0.0148
1811,3,0.505,0.94232,1.0,0.32664,0.465,0.17272,0.87,-0.04288
1812,8,0.44,0.88464,0.96,0.30432,0.45,0.1504,0.83,1.0
1813,,0.365,0.81696,0.91,0.272,0.425,0.11808,0.78,0.93232
1814,,0.29,0.74928,0.86,0.23968,0.4,0.08576,0.73,0.86464
1815,,0.215,0.6816,0.81,0.20736,0.375,0.05344,0.68,0.79696
1816,,0.14,0.61392,0.76,0.17504,0.35,0.02112,0.63,0.72928
1817,,0.065,0.54624,0.71,0.14272,0.325,-0.0112,0.58,0.6616
1818,6,-0.0,0.48856,0.67,0.1204,0.31,1.0,0.54,0.60392
1819,,-0.075,0.42088,0.62,0.08808,0.285,0.96768,0.49,0.53624
1820,1,1.0,0.3632,0.58,0.06576,0.27,0.94536,0.45,0.47856
1821,,0.925,0.29552,0.53,0.03344,0.245,0.91304,0.4,0.41088
1822,,0.85,0.22784,0.48,0.00112,0.22,0.88072,0.35,0.3432
1823,,0.775,0.16016,0.43,-0.0312,0.195,0.8484,0.3,0.27552
1824,4,0.71,0.10248,0.39,1.0,0.18,0.82608,0.26,0.21784
1825,,0.635,0.0348,0.34,0.96768,0.155,0.79376,0.21,0.15016
1826,,0.56,-0.03288,0.29,0.93536,0.13,0.76144,0.16,0.08248
1827,2,0.495,1.0,0.25,0.91304,0.115,0.73912,0.12,0.0248
1828,,0.42,0.93232,0.2,0.88072,0.09,0.7068,0.07,-0.04288
1829,8,0.355,0.87464,0.16,0.8584,0.075,0.68448,0.03,1.0
1830,,0.28,0.80696,0.11,0.82608,0.05,0.65216,-0.02,0.93232
1831,7,0.215,0.74928,0.07,0.80376,0.035,0.62984,1.0,0.87464
1832,,0.14,0.6816,0.02,0.77144,0.01,0.59752,0.95,0.80696
1833,,0.065,0.61392,-0.03,0.73912,-0.015,0.5652,0.9,0.73928
1834,3,-0.0,0.55624,1.0,0.7168,-0.03,0.54288,0.86,0.6816
1835,5,-0.065,0.49856,0.96,0.69448,1.0,0.52056,0.82,0.62392
1836,1,1.0,0.44088,0.92,0.67216,0.985,0.49824,0.78,0.56624
1837,,0.925,0.3732,0.87,0.63984,0.96,0.46592,0.73,0.49856
1838,,0.85,0.30552,0.82,0.60752,0.935,0.4336,0.68,0.43088
1839,,0.775,0.23784,0.77,0.5752,0.91,0.40128,0.63,0.3632
1840,,0.7,0.17016,0.72,0.54288,0.885,0.36896,0.58,0.29552
1841,,0.625,0.10248,0.67,0.51056,0.86,0.33664,0.53,0.22784
1842,,0.55,0.0348,0.62,0.47824,0.835,0.30432,0.48,0.16016
1843,,0.475,-0.03288,0.57,0.44592,0.81,0.272,0.43,0.09248
1844,2,0.41,1.0,0.53,0.4236,0.795,0.24968,0.39,0.0348
1845,,0.335,0.93232,0.48,0.39128,0.77,0.21736,0.34,-0.03288
1846,8,0.27,0.87464,0.44,0.36896,0.755,0.19504,0.3,1.0
1847,,0.195,0.80696,0.39,0.33664,0.73,0.16272,0.25,0.93232
1848,,0.12,0.73928,0.34,0.30432,0.705,0.1304,0.2,0.86464
1849,,0.045,0.6716,0.29,0.272,0.68,0.09808,0.15,0.79696
1850,,-0.03,0.60392,0.24,0.23968,0.655,0.06576,0.1,0.72928
1851,1,1.0,0.54624,0.2,0.21736,0.64,0.04344,0.06,0.6716
1852,,0.925,0.47856,0.15,0.18504,0.615,0.01112,0.01,0.60392
1853,,0.85,0.41088,0.1,0.15272,0.59,-0.0212,-0.04,0.53624
1854,7,0.785,0.3532,0.06,0.1304,0.575,-0.04352,1.0,0.47856
1855,6,0.72,0.29552,0.02,0.10808,0.56,1.0,0.96,0.42088
1856,,0.645,0.22784,-0.03,0.07576,0.535,0.96768,0.91,0.3532
1857,3,0.58,0.17016,1.0,0.05344,0.52,0.94536,0.87,0.29552
1858,,0.505,0.10248,0.95,0.02112,0.495,0.91304,0.82,0.22784
1859,,0.43,0.0348,0.9,-0.0112,0.47,0.88072,0.77,0.16016
1860,4,0.365,-0.02288,0.86,1.0,0.455,0.8584,0.73,0.10248
1861,2,0.3,1.0,0.82,0.97768,0.44,0.83608,0.69,0.0448
1862,,0.225,0.93232,0.77,0.94536,0.415,0.80376,0.64,-0.02288
1863,8,0.16,0.87464,0.73,0.92304,0.4,0.78144,0.6,1.0
1864,,0.085,0.80696,0.68,0.89072,0.375,0.74912,0.55,0.93232
1865,,0.01,0.73928,0.63,0.8584,0.35,0.7168,0.5,0.86464
1866,,-0.065,0.6716,0.58,0.82608,0.325,0.68448,0.45,0.79696
1867,1,1.0,0.61392,0.54,0.80376,0.31,0.66216,0.41,0.73928
1868,,0.925,0.54624,0.49,0.77144,0.285,0.62984,0.36,0.6716
1869,,0.85,0.47856,0.44,0.73912,0.26,0.59752,0.31,0.60392
1870,,0.775,0.41088,0.39,0.7068,0.235,0.5652,0.26,0.53624
1871,,0.7,0.3432,0.34,0.67448,0.21,0.53288,0.21,0.46856
1872,,0.625,0.27552,0.29,0.64216,0.185,0.50056,0.16,0.40088
1873,,0.55,0.20784,0.24,0.60984,0.16,0.46824,0.11,0.3332
1874,,0.475,0.14016,0.19,0.57752,0.135,0.43592,0.06,0.26552
1875,,0.4,0.07248,0.14,0.5452,0.11,0.4036,0.01,0.19784
1876,,0.325,0.0048,0.09,0.51288,0.085,0.37128,-0.04,0.13016
1877,7,0.26,-0.05288,0.05,0.49056,0.07,0.34896,1.0,0.07248
1878,2,0.195,1.0,0.01,0.46824,0.055,0.32664,0.96,0.0148
1879,,0.12,0.93232,-0.04,0.43592,0.03,0.29432,0.91,-0.05288
1880,8,0.055,0.87464,-0.08,0.4136,0.015,0.272,0.87,1.0
1881,3,-0.01,0.81696,1.0,0.39128,0.0,0.24968,0.83,0.94232
1882,1,1.0,0.75928,0.96,0.36896,-0.015,0.22736,0.79,0.88464
1883,5,0.935,0.7016,0.92,0.34664,1.0,0.20504,0.75,0.82696
1884,,0.86,0.63392,0.87,0.31432,0.975,0.17272,0.7,0.75928
1885,,0.785,0.56624,0.82,0.282,0.95,0.1404,0.65,0.6916
1886,,0.71,0.49856,0.77,0.24968,0.925,0.10808,0.6,0.62392
1887,,0.635,0.43088,0.72,0.21736,0.9,0.07576,0.55,0.55624
1888,,0.56,0.3632,0.67,0.18504,0.875,0.04344,0.5,0.48856
1889,,0.485,0.29552,0.62,0.15272,0.85,0.01112,0.45,0.42088
1890,,0.41,0.22784,0.57,0.1204,0.825,-0.0212,0.4,0.3532
1891,6,0.345,0.17016,0.53,0.09808,0.81,1.0,0.36,0.29552
1892,,0.27,0.10248,0.48,0.06576,0.785,0.96768,0.31,0.22784
1893,,0.195,0.0348,0.43,0.03344,0.76,0.93536,0.26,0.16016
1894,,0.12,-0.03288,0.38,0.00112,0.735,0.90304,0.21,0.09248
1895,2,0.055,1.0,0.34,-0.0212,0.72,0.88072,0.17,0.0348
1896,4,-0.01,0.94232,0.3,1.0,0.705,0.8584,0.13,-0.02288
1897,8,-0.075,0.88464,0.26,0.97768,0.69,0.83608,0.09,1.0
1898,1,1.0,0.82696,0.22,0.95536,0.675,0.81376,0.05,0.94232
1899,,0.925,0.75928,0.17,0.92304,0.65,0.78144,0.0,0.87464
1900,,0.85,0.6916,0.12,0.89072,0.625,0.74912,-0.05,0.80696
1901,7,0.785,0.63392,0.08,0.8684,0.61,0.7268,1.0,0.74928
1902,,0.71,0.56624,0.03,0.83608,0.585,0.69448,0.95,0.6816
1903,,0.635,0.49856,-0.02,0.80376,0.56,0.66216,0.9,0.61392
1904,3,0.57,0.44088,1.0,0.78144,0.545,0.63984,0.86,0.55624
1905,,0.495,0.3732,0.95,0.74912,0.52,0.60752,0.81,0.48856
1906,,0.42,0.30552,0.9,0.7168,0.495,0.5752,0.76,0.42088
1907,,0.345,0.23784,0.85,0.68448,0.47,0.54288,0.71,0.3532
1908,,0.27,0.17016,0.8,0.65216,0.445,0.51056,0.66,0.28552
1909,,0.195,0.10248,0.75,0.61984,0.42,0.47824,0.61,0.21784
1910,,0.12,0.0348,0.7,0.58752,0.395,0.44592,0.56,0.15016
1911,,0.045,-0.03288,0.65,0.5552,0.37,0.4136,0.51,0.08248
1912,2,-0.02,1.0,0.61,0.53288,0.355,0.39128,0.47,0.0248
1913,1,1.0,0.94232,0.57,0.51056,0.34,0.36896,0.43,-0.03288
1914,8,0.935,0.88464,0.53,0.48824,0.325,0.34664,0.39,1.0
1915,,0.86,0.81696,0.48,0.45592,0.3,0.31432,0.34,0.93232
1916,,0.785,0.74928,0.43,0.4236,0.275,0.282,0.29,0.86464
1917,,0.71,0.6816,0.38,0.39128,0.25,0.24968,0.24,0.79696
1918,,0.635,0.61392,0.33,0.35896,0.225,0.21736,0.19,0.72928
1919,,0.56,0.54624,0.28,0.32664,0.2,0.18504,0.14,0.6616
1920,,0.485,0.47856,0.23,0.29432,0.175,0.15272,0.09,0.59392
1921,,0.41,0.41088,0.18,0.262,0.15,0.1204,0.04,0.52624
1922,,0.335,0.3432,0.13,0.22968,0.125,0.08808,-0.01,0.45856
1923,7,0.27,0.28552,0.09,0.20736,0.11,0.06576,1.0,0.40088
1924,,0.195,0.21784,0.04,0.17504,0.085,0.03344,0.95,0.3332
1925,,0.12,0.15016,-0.01,0.14272,0.06,0.00112,0.9,0.26552
1926,3,0.055,0.09248,1.0,0.1204,0.045,-0.0212,0.86,0.20784
1927,6,-0.01,0.0348,0.96,0.09808,0.03,1.0,0.82,0.15016
1928,1,1.0,-0.02288,0.92,0.07576,0.015,0.97768,0.78,0.09248
1929,2,0.935,1.0,0.88,0.05344,0.0,0.95536,0.74,0.0348
1930,,0.86,0.93232,0.83,0.02112,-0.025,0.92304,0.69,-0.03288
1931,8,0.795,0.87464,0.79,-0.0012,-0.04,0.90072,0.65,1.0
1932,5,0.73,0.81696,0.75,-0.02352,1.0,0.8784,0.61,0.94232
1933,4,0.665,0.75928,0.71,1.0,0.985,0.85608,0.57,0.88464
1934,,0.59,0.6916,0.66,0.96768,0.96,0.82376,0.52,0.81696
1935,,0.515,0.62392,0.61,0.93536,0.935,0.79144,0.47,0.74928
1936,,0.44,0.55624,0.56,0.90304,0.91,0.75912,0.42,0.6816
1937,,0.365,0.48856,0.51,0.87072,0.885,0.7268,0.37,0.61392
1938,,0.29,0.42088,0.46,0.8384,0.86,0.69448,0.32,0.54624
1939,,0.215,0.3532,0.41,0.80608,0.835,0.66216,0.27,0.47856
1940,,0.14,0.28552,0.36,0.77376,0.81,0.62984,0.22,0.41088
1941,,0.065,0.21784,0.31,0.74144,0.785,0.59752,0.17,0.3432
1942,,-0.01,0.15016,0.26,0.70912,0.76,0.5652,0.12,0.27552
1943,1,1.0,0.09248,0.22,0.6868,0.745,0.54288,0.08,0.21784
1944,,0.925,0.0248,0.17,0.65448,0.72,0.51056,0.03,0.15016
1945,,0.85,-0.04288,0.12,0.62216,0.695,0.47824,-0.02,0.08248
1946,2,0.785,1.0,0.08,0.59984,0.68,0.45592,-0.06,0.0248
1947,7,0.72,0.94232,0.04,0.57752,0.665,0.4336,1.0,-0.03288
1948,8,0.655,0.88464,0.0,0.5552,0.65,0.41128,0.96,1.0
1949,,0.58,0.81696,-0.05,0.52288,0.625,0.37896,0.91,0.93232
1950,3,0.515,0.75928,1.0,0.50056,0.61,0.35664,0.87,0.87464
1951,,0.44,0.6916,0.95,0.46824,0.585,0.32432,0.82,0.80696
1952,,0.365,0.62392,0.9,0.43592,0.56,0.292,0.77,0.73928
1953,,0.29,0.55624,0.85,0.4036,0.535,0.25968,0.72,0.6716
1954,,0.215,0.48856,0.8,0.37128,0.51,0.22736,0.67,0.60392
1955,,0.14,0.42088,0.75,0.33896,0.485,0.19504,0.62,0.53624
1956,,0.065,0.3532,0.7,0.30664,0.46,0.16272,0.57,0.46856
1957,,-0.01,0.28552,0.65,0.27432,0.435,0.1304,0.52,0.40088
1958,1,1.0,0.22784,0.61,0.252,0.42,0.10808,0.48,0.3432
1959,,0.925,0.16016,0.56,0.21968,0.395,0.07576,0.43,0.27552
1960,,0.85,0.09248,0.51,0.18736,0.37,0.04344,0.38,0.20784
1961,,0.775,0.0248,0.46,0.15504,0.345,0.01112,0.33,0.14016
1962,,0.7,-0.04288,0.41,0.12272,0.32,-0.0212,0.28,0.07248
1963,2,0.635,1.0,0.37,0.1004,0.305,-0.04352,0.24,0.0148
1964,6,0.57,0.94232,0.33,0.07808,0.29,1.0,0.2,-0.04288
1965,8,0.505,0.88464,0.29,0.05576,0.275,0.97768,0.16,1.0
1966,,0.43,0.81696,0.24,0.02344,0.25,0.94536,0.11,0.93232
1967,,0.355,0.74928,0.19,-0.00888,0.225,0.91304,0.06,0.86464
1968,4,0.29,0.6916,0.15,1.0,0.21,0.89072,0.02,0.80696
1969,,0.215,0.62392,0.1,0.96768,0.185,0.8584,-0.03,0.73928
1970,7,0.15,0.56624,0.06,0.94536,0.17,0.83608,1.0,0.6816
1971,,0.075,0.49856,0.01,0.91304,0.145,0.80376,0.95,0.61392
1972,,-0.0,0.43088,-0.04,0.88072,0.12,0.77144,0.9,0.54624
1973,3,-0.065,0.3732,1.0,0.8584,0.105,0.74912,0.86,0.48856
1974,1,1.0,0.31552,0.96,0.83608,0.09,0.7268,0.82,0.43088
1975,,0.925,0.24784,0.91,0.80376,0.065,0.69448,0.77,0.3632
1976,,0.85,0.18016,0.86,0.77144,0.04,0.66216,0.72,0.29552
1977,,0.775,0.11248,0.81,0.73912,0.015,0.62984,0.67,0.22784
1978,,0.7,0.0448,0.76,0.7068,-0.01,0.59752,0.62,0.16016
1979,5,0.635,-0.01288,0.72,0.68448,1.0,0.5752,0.58,0.10248
1980,2,0.57,1.0,0.68,0.66216,0.985,0.55288,0.54,0.0448
1981,,0.495,0.93232,0.63,0.62984,0.96,0.52056,0.49,-0.02288
1982,8,0.43,0.87464,0.59,0.60752,0.945,0.49824,0.45,1.0
1983,,0.355,0.80696,0.54,0.5752,0.92,0.46592,0.4,0.93232
1984,,0.28,0.73928,0.49,0.54288,0.895,0.4336,0.35,0.86464
1985,,0.205,0.6716,0.44,0.51056,0.87,0.40128,0.3,0.79696
1986,,0.13,0.60392,0.39,0.47824,0.845,0.36896,0.25,0.72928
1987,,0.055,0.53624,0.34,0.44592,0.82,0.33664,0.2,0.6616
1988,,-0.02,0.46856,0.29,0.4136,0.795,0.30432,0.15,0.59392
1989,1,1.0,0.41088,0.25,0.39128,0.78,0.282,0.11,0.53624
1990,,0.925,0.3432,0.2,0.35896,0.755,0.24968,0.06,0.46856
1991,,0.85,0.27552,0.15,0.32664,0.73,0.21736,0.01,0.40088
1992,,0.775,0.20784,0.1,0.29432,0.705,0.18504,-0.04,0.3332
1993,7,0.71,0.15016,0.06,0.272,0.69,0.16272,1.0,0.27552
1994,,0.635,0.08248,0.01,0.23968,0.665,0.1304,0.95,0.20784
1995,,0.56,0.0148,-0.04,0.20736,0.64,0.09808,0.9,0.14016
1996,3,0.495,-0.04288,1.0,0.18504,0.625,0.07576,0.86,0.08248
1997,2,0.43,1.0,0.96,0.16272,0.61,0.05344,0.82,0.0248
1998,,0.355,0.93232,0.91,0.1304,0.585,0.02112,0.77,-0.04288
1999,8,0.29,0.87464,0.87,0.10808,0.57,-0.0012,0.73,1.0
2000,6,0.225,0.81696,0.83,0.08576,0.555,1.0,0.69,0.94232
2001,,0.15,0.74928,0.78,0.05344,0.53,0.96768,0.64,0.87464
2002,,0.075,0.6816,0.73,0.02112,0.505,0.93536,0.59,0.80696
2003,,-0.0,0.61392,0.68,-0.0112,0.48,0.90304,0.54,0.73928
2004,4,-0.065,0.55624,0.64,1.0,0.465,0.88072,0.5,0.6816
2005,1,1.0,0.49856,0.6,0.97768,0.45,0.8584,0.46,0.62392
2006,,0.925,0.43088,0.55,0.94536,0.425,0.82608,0.41,0.55624
2007,,0.85,0.3632,0.5,0.91304,0.4,0.79376,0.36,0.48856
2008,,0.775,0.29552,0.45,0.88072,0.375,0.76144,0.31,0.42088
2009,,0.7,0.22784,0.4,0.8484,0.35,0.72912,0.26,0.3532
2010,,0.625,0.16016,0.35,0.81608,0.325,0.6968,0.21,0.28552
2011,,0.55,0.09248,0.3,0.78376,0.3,0.66448,0.16,0.21784
2012,,0.475,0.0248,0.25,0.75144,0.275,0.63216,0.11,0.15016
2013,,0.4,-0.04288,0.2,0.71912,0.25,0.59984,0.06,0.08248
2014,2,0.335,1.0,0.16,0.6968,0.235,0.57752,0.02,0.0248
2015,,0.26,0.93232,0.11,0.66448,0.21,0.5452,-0.03,-0.04288
2016,8,0.195,0.87464,0.07,0.64216,0.195,0.52288,-0.07,1.0
2017,7,0.13,0.81696,0.03,0.61984,0.18,0.50056,1.0,0.94232
2018,,0.055,0.74928,-0.02,0.58752,0.155,0.46824,0.95,0.87464
2019,3,-0.01,0.6916,1.0,0.5652,0.14,0.44592,0.91,0.81696
2020,1,1.0,0.63392,0.96,0.54288,0.125,0.4236,0.87,0.75928
2021,,0.925,0.56624,0.91,0.51056,0.1,0.39128,0.82,0.6916
2022,,0.85,0.49856,0.86,0.47824,0.075,0.35896,0.77,0.62392
2023,,0.775,0.43088,0.81,0.44592,0.05,0.32664,0.72,0.55624
2024,,0.7,0.3632,0.76,0.4136,0.025,0.29432,0.67,0.48856
2025,,0.625,0.29552,0.71,0.38128,0.0,0.262,0.62,0.42088
2026,,0.55,0.22784,0.66,0.34896,-0.025,0.22968,0.57,0.3532
2027,5,0.485,0.17016,0.62,0.32664,1.0,0.20736,0.53,0.29552
2028,,0.41,0.10248,0.57,0.29432,0.975,0.17504,0.48,0.22784
2029,,0.335,0.0348,0.52,0.262,0.95,0.14272,0.43,0.16016
2030,,0.26,-0.03288,0.47,0.22968,0.925,0.1104,0.38,0.09248
2031,2,0.195,1.0,0.43,0.20736,0.91,0.08808,0.34,0.0348
2032,,0.12,0.93232,0.38,0.17504,0.885,0.05576,0.29,-0.03288
2033,8,0.055,0.87464,0.34,0.15272,0.87,0.03344,0.25,1.0
2034,,-0.02,0.80696,0.29,0.1204,0.845,0.00112,0.2,0.93232
2035,1,1.0,0.74928,0.25,0.09808,0.83,-0.0212,0.16,0.87464
2036,6,0.935,0.6916,0.21,0.07576,0.815,1.0,0.12,0.81696
2037,,0.86,0.62392,0.16,0.04344,0.79,0.96768,0.07,0.74928
2038,,0.785,0.55624,0.11,0.01112,0.765,0.93536,0.02,0.6816
2039,,0.71,0.48856,0.06,-0.0212,0.74,0.90304,-0.03,0.61392
2040,7,0.645,0.43088,0.02,-0.04352,0.725,0.88072,1.0,0.55624
2041,4,0.58,0.3732,-0.02,1.0,0.71,0.8584,0.96,0.49856
2042,3,0.515,0.31552,1.0,0.97768,0.695,0.83608,0.92,0.44088
2043,,0.44,0.24784,0.95,0.94536,0.67,0.80376,0.87,0.3732
2044,,0.365,0.18016,0.9,0.91304,0.645,0.77144,0.82,0.30552
2045,,0.29,0.11248,0.85,0.88072,0.62,0.73912,0.77,0.23784
2046,,0.215,0.0448,0.8,0.8484,0.595,0.7068,0.72,0.17016
2047,,0.14,-0.02288,0.75,0.81608,0.57,0.67448,0.67,0.10248
2048,2,0.075,1.0,0.71,0.79376,0.555,0.65216,0.63,0.0448
2049,,-0.0,0.93232,0.66,0.76144,0.53,0.61984,0.58,-0.02288
2050,8,-0.065,0.87464,0.62,0.73912,0.515,0.59752,0.54,1.0
2051,1,1.0,0.81696,0.58,0.7168,0.5,0.5752,0.5,0.94232
2052,,0.925,0.74928,0.53,0.68448,0.475,0.54288,0.45,0.87464
2053,,0.85,0.6816,0.48,0.65216,0.45,0.51056,0.4,0.80696
2054,,0.775,0.61392,0.43,0.61984,0.425,0.47824,0.35,0.73928
2055,,0.7,0.54624,0.38,0.58752,0.4,0.44592,0.3,0.6716
2056,,0.625,0.47856,0.33,0.5552,0.375,0.4136,0.25,0.60392
2057,,0.55,0.41088,0.28,0.52288,0.35,0.38128,0.2,0.53624
2058,,0.475,0.3432,0.23,0.49056,0.325,0.34896,0.15,0.46856
2059,,0.4,0.27552,0.18,0.45824,0.3,0.31664,0.1,0.40088
2060,,0.325,0.20784,0.13,0.42592,0.275,0.28432,0.05,0.3332
2061,,0.25,0.14016,0.08,0.3936,0.25,0.252,0.0,0.26552
2062,,0.175,0.07248,0.03,0.36128,0.225,0.21968,-0.05,0.19784
2063,7,0.11,0.0148,-0.01,0.33896,0.21,0.19736,1.0,0.14016
2064,3,0.045,-0.04288,1.0,0.31664,0.195,0.17504,0.96,0.08248
2065,2,-0.02,1.0,0.96,0.29432,0.18,0.15272,0.92,0.0248
2066,1,1.0,0.94232,0.92,0.272,0.165,0.1304,0.88,-0.03288
2067,8,0.935,0.88464,0.88,0.24968,0.15,0.10808,0.84,1.0
2068,,0.86,0.81696,0.83,0.21736,0.125,0.07576,0.79,0.93232
2069,,0.785,0.74928,0.78,0.18504,0.1,0.04344,0.74,0.86464
2070,,0.71,0.6816,0.73,0.15272,0.075,0.01112,0.69,0.79696
2071,,0.635,0.61392,0.68,0.1204,0.05,-0.0212,0.64,0.72928
2072,6,0.57,0.55624,0.64,0.09808,0.035,1.0,0.6,0.6716
2073,,0.495,0.48856,0.59,0.06576,0.01,0.96768,0.55,0.60392
2074,,0.42,0.42088,0.54,0.03344,-0.015,0.93536,0.5,0.53624
2075,5,0.355,0.3632,0.5,0.01112,1.0,0.91304,0.46,0.47856
2076,,0.28,0.29552,0.45,-0.0212,0.975,0.88072,0.41,0.41088
2077,4,0.215,0.23784,0.41,1.0,0.96,0.8584,0.37,0.3532
2078,,0.14,0.17016,0.36,0.96768,0.935,0.82608,0.32,0.28552
2079,,0.065,0.10248,0.31,0.93536,0.91,0.79376,0.27,0.21784
2080,,-0.01,0.0348,0.26,0.90304,0.885,0.76144,0.22,0.15016
2081,1,1.0,-0.02288,0.22,0.88072,0.87,0.73912,0.18,0.09248
2082,2,0.935,1.0,0.18,0.8584,0.855,0.7168,0.14,0.0348
2083,,0.86,0.93232,0.13,0.82608,0.83,0.68448,0.09,-0.03288
2084,8,0.795,0.87464,0.09,0.80376,0.815,0.66216,0.05,1.0
2085,,0.72,0.80696,0.04,0.77144,0.79,0.62984,0.0,0.93232
2086,,0.645,0.73928,-0.01,0.73912,0.765,0.59752,-0.05,0.86464
2087,7,0.58,0.6816,-0.05,0.7168,0.75,0.5752,1.0,0.80696
2088,3,0.515,0.62392,1.0,0.69448,0.735,0.55288,0.96,0.74928
2089,,0.44,0.55624,0.95,0.66216,0.71,0.52056,0.91,0.6816
2090,,0.365,0.48856,0.9,0.62984,0.685,0.48824,0.86,0.61392
2091,,0.29,0.42088,0.85,0.59752,0.66,0.45592,0.81,0.54624
2092,,0.215,0.3532,0.8,0.5652,0.635,0.4236,0.76,0.47856
2093,,0.14,0.28552,0.75,0.53288,0.61,0.39128,0.71,0.41088
2094,,0.065,0.21784,0.7,0.50056,0.585,0.35896,0.66,0.3432
2095,,-0.01,0.15016,0.65,0.46824,0.56,0.32664,0.61,0.27552
2096,1,1.0,0.09248,0.61,0.44592,0.545,0.30432,0.57,0.21784
2097,,0.925,0.0248,0.56,0.4136,0.52,0.272,0.52,0.15016
2098,,0.85,-0.04288,0.51,0.38128,0.495,0.23968,0.47,0.08248
2099,2,0.785,1.0,0.47,0.35896,0.48,0.21736,0.43,0.0248
2100,,0.71,0.93232,0.42,0.32664,0.455,0.18504,0.38,-0.04288
2101,8,0.645,0.87464,0.38,0.30432,0.44,0.16272,0.34,1.0
2102,,0.57,0.80696,0.33,0.272,0.415,0.1304,0.29,0.93232
2103,,0.495,0.73928,0.28,0.23968,0.39,0.09808,0.24,0.86464
2104,,0.42,0.6716,0.23,0.20736,0.365,0.06576,0.19,0.79696
2105,,0.345,0.60392,0.18,0.17504,0.34,0.03344,0.14,0.72928
2106,,0.27,0.53624,0.13,0.14272,0.315,0.00112,0.09,0.6616
2107,,0.195,0.46856,0.08,0.1104,0.29,-0.0312,0.04,0.59392
2108,6,0.13,0.41088,0.04,0.08808,0.275,1.0,0.0,0.53624
2109,,0.055,0.3432,-0.01,0.05576,0.25,0.96768,-0.05,0.46856
2110,7,-0.01,0.28552,-0.05,0.03344,0.235,0.94536,1.0,0.41088
2111,3,-0.075,0.22784,1.0,0.01112,0.22,0.92304,0.96,0.3532
2112,1,1.0,0.17016,0.96,-0.0112,0.205,0.90072,0.92,0.29552
2113,4,0.935,0.11248,0.92,1.0,0.19,0.8784,0.88,0.23784
2114,,0.86,0.0448,0.87,0.96768,0.165,0.84608,0.83,0.17016
2115,,0.785,-0.02288,0.82,0.93536,0.14,0.81376,0.78,0.10248
2116,2,0.72,1.0,0.78,0.91304,0.125,0.79144,0.74,0.0448
2117,,0.645,0.93232,0.73,0.88072,0.1,0.75912,0.69,-0.02288
2118,8,0.58,0.87464,0.69,0.8584,0.085,0.7368,0.65,1.0
2119,,0.505,0.80696,0.64,0.82608,0.06,0.70448,0.6,0.93232
2120,,0.43,0.73928,0.59,0.79376,0.035,0.67216,0.55,0.86464
2121,,0.355,0.6716,0.54,0.76144,0.01,0.63984,0.5,0.79696
2122,,0.28,0.60392,0.49,0.72912,-0.015,0.60752,0.45,0.72928
2123,5,0.215,0.54624,0.45,0.7068,1.0,0.5852,0.41,0.6716
2124,,0.14,0.47856,0.4,0.67448,0.975,0.55288,0.36,0.60392
2125,,0.065,0.41088,0.35,0.64216,0.95,0.52056,0.31,0.53624
2126,,-0.01,0.3432,0.3,0.60984,0.925,0.48824,0.26,0.46856
2127,1,1.0,0.28552,0.26,0.58752,0.91,0.46592,0.22,0.41088
2128,,0.925,0.21784,0.21,0.5552,0.885,0.4336,0.17,0.3432
2129,,0.85,0.15016,0.16,0.52288,0.86,0.40128,0.12,0.27552
2130,,0.775,0.08248,0.11,0.49056,0.835,0.36896,0.07,0.20784
2131,,0.7,0.0148,0.06,0.45824,0.81,0.33664,0.02,0.14016
2132,,0.625,-0.05288,0.01,0.42592,0.785,0.30432,-0.03,0.07248
2133,2,0.56,1.0,-0.03,0.4036,0.77,0.282,-0.07,0.0148
2134,7,0.495,0.94232,-0.07,0.38128,0.755,0.25968,1.0,-0.04288
2135,3,0.43,0.88464,1.0,0.35896,0.74,0.23736,0.96,-0.10056
2136,8,0.365,0.82696,0.96,0.33664,0.725,0.21504,0.92,1.0
2137,,0.29,0.75928,0.91,0.30432,0.7,0.18272,0.87,0.93232
2138,,0.215,0.6916,0.86,0.272,0.675,0.1504,0.82,0.86464
2139,,0.14,0.62392,0.81,0.23968,0.65,0.11808,0.77,0.79696
2140,,0.065,0.55624,0.76,0.20736,0.625,0.08576,0.72,0.72928
2141,,-0.01,0.48856,0.71,0.17504,0.6,0.05344,0.67,0.6616
2142,1,1.0,0.43088,0.67,0.15272,0.585,0.03112,0.63,0.60392
2143,,0.925,0.3632,0.62,0.1204,0.56,-0.0012,0.58,0.53624
2144,6,0.86,0.30552,0.58,0.09808,0.545,1.0,0.54,0.47856
2145,,0.785,0.23784,0.53,0.06576,0.52,0.96768,0.49,0.41088
2146,,0.71,0.17016,0.48,0.03344,0.495,0.93536,0.44,0.3432
2147,,0.635,0.10248,0.43,0.00112,0.47,0.90304,0.39,0.27552
2148,,0.56,0.0348,0.38,-0.0312,0.445,0.87072,0.34,0.20784
2149,4,0.495,-0.02288,0.34,1.0,0.43,0.8484,0.3,0.15016
2150,2,0.43,1.0,0.3,0.97768,0.415,0.82608,0.26,0.09248
2151,,0.355,0.93232,0.25,0.94536,0.39,0.79376,0.21,0.0248
2152,,0.28,0.86464,0.2,0.91304,0.365,0.76144,0.16,-0.04288
2153,8,0.215,0.80696,0.16,0.89072,0.35,0.73912,0.12,1.0
2154,,0.14,0.73928,0.11,0.8584,0.325,0.7068,0.07,0.93232
2155,,0.065,0.6716,0.06,0.82608,0.3,0.67448,0.02,0.86464
2156,,-0.01,0.60392,0.01,0.79376,0.275,0.64216,-0.03,0.79696
2157,7,-0.075,0.54624,-0.03,0.77144,0.26,0.61984,1.0,0.73928
2158,1,1.0,0.48856,-0.07,0.74912,0.245,0.59752,0.96,0.6816
2159,3,0.935,0.43088,1.0,0.7268,0.23,0.5752,0.92,0.62392
2160,,0.86,0.3632,0.95,0.69448,0.205,0.54288,0.87,0.55624
2161,,0.785,0.29552,0.9,0.66216,0.18,0.51056,0.82,0.48856
2162,,0.71,0.22784,0.85,0.62984,0.155,0.47824,0.77,0.42088
2163,,0.635,0.16016,0.8,0.59752,0.13,0.44592,0.72,0.3532
2164,,0.56,0.09248,0.75,0.5652,0.105,0.4136,0.67,0.28552
2165,,0.485,0.0248,0.7,0.53288,0.08,0.38128,0.62,0.21784
2166,,0.41,-0.04288,0.65,0.50056,0.055,0.34896,0.57,0.15016
2167,2,0.345,1.0,0.61,0.47824,0.04,0.32664,0.53,0.09248
2168,,0.27,0.93232,0.56,0.44592,0.015,0.29432,0.48,0.0248
2169,,0.195,0.86464,0.51,0.4136,-0.01,0.262,0.43,-0.04288
2170,8,0.13,0.80696,0.47,0.39128,-0.025,0.23968,0.39,1.0
2171,5,0.065,0.74928,0.43,0.36896,1.0,0.21736,0.35,0.94232
2172,,-0.01,0.6816,0.38,0.33664,0.975,0.18504,0.3,0.87464
2173,1,1.0,0.62392,0.34,0.31432,0.96,0.16272,0.26,0.81696
2174,,0.925,0.55624,0.29,0.282,0.935,0.1304,0.21,0.74928
2175,,0.85,0.48856,0.24,0.24968,0.91,0.09808,0.16,0.6816
2176,,0.775,0.42088,0.19,0.21736,0.885,0.06576,0.11,0.61392
2177,,0.7,0.3532,0.14,0.18504,0.86,0.03344,0.06,0.54624
2178,,0.625,0.28552,0.09,0.15272,0.835,0.00112,0.01,0.47856
2179,,0.55,0.21784,0.04,0.1204,0.81,-0.0312,-0.04,0.41088
2180,7,0.485,0.16016,0.0,0.09808,0.795,-0.05352,1.0,0.3532
2181,6,0.42,0.10248,-0.04,0.07576,0.78,1.0,0.96,0.29552
2182,3,0.355,0.0448,1.0,0.05344,0.765,0.97768,0.92,0.23784
2183,,0.28,-0.02288,0.95,0.02112,0.74,0.94536,0.87,0.17016
2184,2,0.215,1.0,0.91,-0.0012,0.725,0.92304,0.83,0.11248
2185,4,0.15,0.94232,0.87,1.0,0.71,0.90072,0.79,0.0548
2186,,0.075,0.87464,0.82,0.96768,0.685,0.8684,0.74,-0.01288
2187,8,0.01,0.81696,0.78,0.94536,0.67,0.84608,0.7,1.0
2188,,-0.065,0.74928,0.73,0.91304,0.645,0.81376,0.65,0.93232
2189,1,1.0,0.6916,0.69,0.89072,0.63,0.79144,0.61,0.87464
2190,,0.925,0.62392,0.64,0.8584,0.605,0.75912,0.56,0.80696
2191,,0.85,0.55624,0.59,0.82608,0.58,0.7268,0.51,0.73928
2192,,0.775,0.48856,0.54,0.79376,0.555,0.69448,0.46,0.6716
2193,,0.7,0.42088,0.49,0.76144,0.53,0.66216,0.41,0.60392
2194,,0.625,0.3532,0.44,0.72912,0.505,0.62984,0.36,0.53624
2195,,0.55,0.28552,0.39,0.6968,0.48,0.59752,0.31,0.46856
2196,,0.475,0.21784,0.34,0.66448,0.455,0.5652,0.26,0.40088
2197,,0.4,0.15016,0.29,0.63216,0.43,0.53288,0.21,0.3332
2198,,0.325,0.08248,0.24,0.59984,0.405,0.50056,0.16,0.26552
2199,,0.25,0.0148,0.19,0.56752,0.38,0.46824,0.11,0.19784
2200,,0.175,-0.05288,0.14,0.5352,0.355,0.43592,0.06,0.13016
2201,2,0.11,1.0,0.1,0.51288,0.34,0.4136,0.02,0.07248
2202,,0.035,0.93232,0.05,0.48056,0.315,0.38128,-0.03,0.0048
2203,7,-0.03,0.87464,0.01,0.45824,0.3,0.35896,1.0,-0.05288
2204,8,-0.095,0.81696,-0.03,0.43592,0.285,0.33664,0.96,1.0
2205,1,1.0,0.75928,-0.07,0.4136,0.27,0.31432,0.92,0.94232
2206,3,0.935,0.7016,1.0,0.39128,0.255,0.292,0.88,0.88464
2207,,0.86,0.63392,0.95,0.35896,0.23,0.25968,0.83,0.81696
2208,,0.785,0.56624,0.9,0.32664,0.205,0.22736,0.78,0.74928
2209,,0.71,0.49856,0.85,0.29432,0.18,0.19504,0.73,0.6816
2210,,0.635,0.43088,0.8,0.262,0.155,0.16272,0.68,0.61392
2211,,0.56,0.3632,0.75,0.22968,0.13,0.1304,0.63,0.54624
2212,,0.485,0.29552,0.7,0.19736,0.105,0.09808,0.58,0.47856
2213,,0.41,0.22784,0.65,0.16504,0.08,0.06576,0.53,0.41088
2214,,0.335,0.16016,0.6,0.13272,0.055,0.03344,0.48,0.3432
2215,,0.26,0.09248,0.55,0.1004,0.03,0.00112,0.43,0.27552
2216,,0.185,0.0248,0.5,0.06808,0.005,-0.0312,0.38,0.20784
2217,6,0.12,-0.03288,0.46,0.04576,-0.01,1.0,0.34,0.15016
2218,2,0.055,1.0,0.42,0.02344,-0.025,0.97768,0.3,0.09248
2219,5,-0.01,0.94232,0.38,0.00112,1.0,0.95536,0.26,0.0348
2220,1,1.0,0.88464,0.34,-0.0212,0.985,0.93304,0.22,-0.02288
2221,8,0.935,0.82696,0.3,-0.04352,0.97,0.91072,0.18,1.0
2222,4,0.87,0.76928,0.26,1.0,0.955,0.8884,0.14,0.94232
2223,,0.795,0.7016,0.21,0.96768,0.93,0.85608,0.09,0.87464
2224,,0.72,0.63392,0.16,0.93536,0.905,0.82376,0.04,0.80696
2225,,0.645,0.56624,0.11,0.90304,0.88,0.79144,-0.01,0.73928
2226,7,0.58,0.50856,0.07,0.88072,0.865,0.76912,1.0,0.6816
2227,,0.505,0.44088,0.02,0.8484,0.84,0.7368,0.95,0.61392
2228,,0.43,0.3732,-0.03,0.81608,0.815,0.70448,0.9,0.54624
2229,3,0.365,0.31552,1.0,0.79376,0.8,0.68216,0.86,0.48856
2230,,0.29,0.24784,0.95,0.76144,0.775,0.64984,0.81,0.42088
2231,,0.215,0.18016,0.9,0.72912,0.75,0.61752,0.76,0.3532
2232,,0.14,0.11248,0.85,0.6968,0.725,0.5852,0.71,0.28552
2233,,0.065,0.0448,0.8,0.66448,0.7,0.55288,0.66,0.21784
2234,,-0.01,-0.02288,0.75,0.63216,0.675,0.52056,0.61,0.15016
2235,2,-0.075,1.0,0.71,0.60984,0.66,0.49824,0.57,0.09248
2236,1,1.0,0.94232,0.67,0.58752,0.645,0.47592,0.53,0.0348
2237,,0.925,0.87464,0.62,0.5552,0.62,0.4436,0.48,-0.03288
2238,8,0.86,0.81696,0.58,0.53288,0.605,0.42128,0.44,1.0
2239,,0.785,0.74928,0.53,0.50056,0.58,0.38896,0.39,0.93232
2240,,0.71,0.6816,0.48,0.46824,0.555,0.35664,0.34,0.86464
2241,,0.635,0.61392,0.43,0.43592,0.53,0.32432,0.29,0.79696
2242,,0.56,0.54624,0.38,0.4036,0.505,0.292,0.24,0.72928
2243,,0.485,0.47856,0.33,0.37128,0.48,0.25968,0.19,0.6616
2244,,0.41,0.41088,0.28,0.33896,0.455,0.22736,0.14,0.59392
2245,,0.335,0.3432,0.23,0.30664,0.43,0.19504,0.09,0.52624
2246,,0.26,0.27552,0.18,0.27432,0.405,0.16272,0.04,0.45856
2247,,0.185,0.20784,0.13,0.242,0.38,0.1304,-0.01,0.39088
2248,7,0.12,0.15016,0.09,0.21968,0.365,0.10808,1.0,0.3332
2249,,0.045,0.08248,0.04,0.18736,0.34,0.07576,0.95,0.26552
2250,,-0.03,0.0148,-0.01,0.15504,0.315,0.04344,0.9,0.19784
2251,1,1.0,-0.04288,-0.05,0.13272,0.3,0.02112,0.86,0.14016
2252,3,0.935,-0.10056,1.0,0.1104,0.285,-0.0012,0.82,0.08248
2253,2,0.87,1.0,0.96,0.08808,0.27,-0.02352,0.78,0.0248
2254,6,0.805,0.94232,0.92,0.06576,0.255,1.0,0.74,-0.03288
2255,8,0.74,0.88464,0.88,0.04344,0.24,0.97768,0.7,1.0
2256,,0.665,0.81696,0.83,0.01112,0.215,0.94536,0.65,0.93232
2257,,0.59,0.74928,0.78,-0.0212,0.19,0.91304,0.6,0.86464
2258,4,0.525,0.6916,0.74,1.0,0.175,0.89072,0.56,0.80696
2259,,0.45,0.62392,0.69,0.96768,0.15,0.8584,0.51,0.73928
2260,,0.375,0.55624,0.64,0.93536,0.125,0.82608,0.46,0.6716
2261,,0.3,0.48856,0.59,0.90304,0.1,0.79376,0.41,0.60392
2262,,0.225,0.42088,0.54,0.87072,0.075,0.76144,0.36,0.53624
2263,,0.15,0.3532,0.49,0.8384,0.05,0.72912,0.31,0.46856
2264,,0.075,0.28552,0.44,0.80608,0.025,0.6968,0.26,0.40088
2265,,-0.0,0.21784,0.39,0.77376,0.0,0.66448,0.21,0.3332
2266,,-0.075,0.15016,0.34,0.74144,-0.025,0.63216,0.16,0.26552
2267,1,1.0,0.09248,0.3,0.71912,-0.04,0.60984,0.12,0.20784
2268,5,0.935,0.0348,0.26,0.6968,1.0,0.58752,0.08,0.15016
2269,,0.86,-0.03288,0.21,0.66448,0.975,0.5552,0.03,0.08248
2270,2,0.795,1.0,0.17,0.64216,0.96,0.53288,-0.01,0.0248
2271,7,0.73,0.94232,0.13,0.61984,0.945,0.51056,1.0,-0.03288
2272,8,0.665,0.88464,0.09,0.59752,0.93,0.48824,0.96,1.0
2273,,0.59,0.81696,0.04,0.5652,0.905,0.45592,0.91,0.93232
2274,,0.515,0.74928,-0.01,0.53288,0.88,0.4236,0.86,0.86464
2275,3,0.45,0.6916,1.0,0.51056,0.865,0.40128,0.82,0.80696
2276,,0.375,0.62392,0.95,0.47824,0.84,0.36896,0.77,0.73928
2277,,0.3,0.55624,0.9,0.44592,0.815,0.33664,0.72,0.6716
2278,,0.225,0.48856,0.85,0.4136,0.79,0.30432,0.67,0.60392
2279,,0.15,0.42088,0.8,0.38128,0.765,0.272,0.62,0.53624
2280,,0.075,0.3532,0.75,0.34896,0.74,0.23968,0.57,0.46856
2281,,-0.0,0.28552,0.7,0.31664,0.715,0.20736,0.52,0.40088
2282,,-0.075,0.21784,0.65,0.28432,0.69,0.17504,0.47,0.3332
2283,1,1.0,0.16016,0.61,0.262,0.675,0.15272,0.43,0.27552
2284,,0.925,0.09248,0.56,0.22968,0.65,0.1204,0.38,0.20784
2285,,0.85,0.0248,0.51,0.19736,0.625,0.08808,0.33,0.14016
2286,,0.775,-0.04288,0.46,0.16504,0.6,0.05576,0.28,0.07248
2287,2,0.71,1.0,0.42,0.14272,0.585,0.03344,0.24,0.0148
2288,,0.635,0.93232,0.37,0.1104,0.56,0.00112,0.19,-0.05288
2289,8,0.57,0.87464,0.33,0.08808,0.545,-0.0212,0.15,1.0
2290,6,0.505,0.81696,0.29,0.06576,0.53,1.0,0.11,0.94232
2291,,0.43,0.74928,0.24,0.03344,0.505,0.96768,0.06,0.87464
2292,,0.355,0.6816,0.19,0.00112,0.48,0.93536,0.01,0.80696
2293,,0.28,0.61392,0.14,-0.0312,0.455,0.90304,-0.04,0.73928
2294,7,0.215,0.55624,0.1,-0.05352,0.44,0.88072,1.0,0.6816
2295,4,0.15,0.49856,0.06,1.0,0.425,0.8584,0.96,0.62392
2296,,0.075,0.43088,0.01,0.96768,0.4,0.82608,0.91,0.55624
2297,,-0.0,0.3632,-0.04,0.93536,0.375,0.79376,0.86,0.48856
2298,3,-0.065,0.30552,1.0,0.91304,0.36,0.77144,0.82,0.43088
2299,1,1.0,0.24784,0.96,0.89072,0.345,0.74912,0.78,0.3732
2300,,0.925,0.18016,0.91,0.8584,0.32,0.7168,0.73,0.30552
2301,,0.85,0.11248,0.86,0.82608,0.295,0.68448,0.68,0.23784
2302,,0.775,0.0448,0.81,0.79376,0.27,0.65216,0.63,0.17016
2303,,0.7,-0.02288,0.76,0.76144,0.245,0.61984,0.58,0.10248
2304,2,0.635,1.0,0.72,0.73912,0.23,0.59752,0.54,0.0448
2305,,0.56,0.93232,0.67,0.7068,0.205,0.5652,0.49,-0.02288
2306,8,0.495,0.87464,0.63,0.68448,0.19,0.54288,0.45,1.0
2307,,0.42,0.80696,0.58,0.65216,0.165,0.51056,0.4,0.93232
2308,,0.345,0.73928,0.53,0.61984,0.14,0.47824,0.35,0.86464
2309,,0.27,0.6716,0.48,0.58752,0.115,0.44592,0.3,0.79696
2310,,0.195,0.60392,0.43,0.5552,0.09,0.4136,0.25,0.72928
2311,,0.12,0.53624,0.38,0.52288,0.065,0.38128,0.2,0.6616
2312,,0.045,0.46856,0.33,0.49056,0.04,0.34896,0.15,0.59392
2313,,-0.03,0.40088,0.28,0.45824,0.015,0.31664,0.1,0.52624
2314,1,1.0,0.3432,0.24,0.43592,0.0,0.29432,0.06,0.46856
2315,,0.925,0.27552,0.19,0.4036,-0.025,0.262,0.01,0.40088
2316,5,0.86,0.21784,0.15,0.38128,1.0,0.23968,-0.03,0.3432
2317,7,0.795,0.16016,0.11,0.35896,0.985,0.21736,1.0,0.28552
2318,,0.72,0.09248,0.06,0.32664,0.96,0.18504,0.95,0.21784
2319,,0.645,0.0248,0.01,0.29432,0.935,0.15272,0.9,0.15016
2320,,0.57,-0.04288,-0.04,0.262,0.91,0.1204,0.85,0.08248
2321,2,0.505,1.0,-0.08,0.23968,0.895,0.09808,0.81,0.0248
2322,3,0.44,0.94232,1.0,0.21736,0.88,0.07576,0.77,-0.03288
2323,8,0.375,0.88464,0.96,0.19504,0.865,0.05344,0.73,1.0
2324,,0.3,0.81696,0.91,0.16272,0.84,0.02112,0.68,0.93232
2325,,0.225,0.74928,0.86,0.1304,0.815,-0.0112,0.63,0.86464
2326,6,0.16,0.6916,0.82,0.10808,0.8,1.0,0.59,0.80696
2327,,0.085,0.62392,0.77,0.07576,0.775,0.96768,0.54,0.73928
2328,,0.01,0.55624,0.72,0.04344,0.75,0.93536,0.49,0.6716
2329,,-0.065,0.48856,0.67,0.01112,0.725,0.90304,0.44,0.60392
2330,1,1.0,0.43088,0.63,-0.0112,0.71,0.88072,0.4,0.54624
2331,4,0.935,0.3732,0.59,1.0,0.695,0.8584,0.36,0.48856
2332,,0.86,0.30552,0.54,0.96768,0.67,0.82608,0.31,0.42088
2333,,0.785,0.23784,0.49,0.93536,0.645,0.79376,0.26,0.3532
2334,,0.71,0.17016,0.44,0.90304,0.62,0.76144,0.21,0.28552
2335,,0.635,0.10248,0.39,0.87072,0.595,0.72912,0.16,0.21784
2336,,0.56,0.0348,0.34,0.8384,0.57,0.6968,0.11,0.15016
2337,,0.485,-0.03288,0.29,0.80608,0.545,0.66448,0.06,0.08248
2338,2,0.42,1.0,0.25,0.78376,0.53,0.64216,0.02,0.0248
2339,,0.345,0.93232,0.2,0.75144,0.505,0.60984,-0.03,-0.04288
2340,8,0.28,0.87464,0.16,0.72912,0.49,0.58752,-0.07,1.0
2341,7,0.215,0.81696,0.12,0.7068,0.475,0.5652,1.0,0.94232
2342,,0.14,0.74928,0.07,0.67448,0.45,0.53288,0.95,0.87464
2343,,0.065,0.6816,0.02,0.64216,0.425,0.50056,0.9,0.80696
2344,,-0.01,0.61392,-0.03,0.60984,0.4,0.46824,0.85,0.73928
2345,3,-0.075,0.55624,1.0,0.58752,0.385,0.44592,0.81,0.6816
2346,1,1.0,0.49856,0.96,0.5652,0.37,0.4236,0.77,0.62392
2347,,0.925,0.43088,0.91,0.53288,0.345,0.39128,0.72,0.55624
2348,,0.85,0.3632,0.86,0.50056,0.32,0.35896,0.67,0.48856
2349,,0.775,0.29552,0.81,0.46824,0.295,0.32664,0.62,0.42088
2350,,0.7,0.22784,0.76,0.43592,0.27,0.29432,0.57,0.3532
2351,,0.625,0.16016,0.71,0.4036,0.245,0.262,0.52,0.28552
2352,,0.55,0.09248,0.66,0.37128,0.22,0.22968,0.47,0.21784
2353,,0.475,0.0248,0.61,0.33896,0.195,0.19736,0.42,0.15016
2354,,0.4,-0.04288,0.56,0.30664,0.17,0.16504,0.37,0.08248
2355,2,0.335,1.0,0.52,0.28432,0.155,0.14272,0.33,0.0248
2356,,0.26,0.93232,0.47,0.252,0.13,0.1104,0.28,-0.04288
2357,8,0.195,0.87464,0.43,0.22968,0.115,0.08808,0.24,1.0
2358,,0.12,0.80696,0.38,0.19736,0.09,0.05576,0.19,0.93232
2359,,0.045,0.73928,0.33,0.16504,0.065,0.02344,0.14,0.86464
2360,,-0.03,0.6716,0.28,0.13272,0.04,-0.00888,0.09,0.79696
2361,1,1.0,0.61392,0.24,0.1104,0.025,-0.0312,0.05,0.73928
2362,6,0.935,0.55624,0.2,0.08808,0.01,1.0,0.01,0.6816
2363,,0.86,0.48856,0.15,0.05576,-0.015,0.96768,-0.04,0.61392
2364,7,0.795,0.43088,0.11,0.03344,-0.03,0.94536,1.0,0.55624
2365,5,0.73,0.3732,0.07,0.01112,1.0,0.92304,0.96,0.49856
2366,,0.655,0.30552,0.02,-0.0212,0.975,0.89072,0.91,0.43088
2367,4,0.59,0.24784,-0.02,1.0,0.96,0.8684,0.87,0.3732
2368,3,0.525,0.19016,1.0,0.97768,0.945,0.84608,0.83,0.31552
2369,,0.45,0.12248,0.95,0.94536,0.92,0.81376,0.78,0.24784
2370,,0.375,0.0548,0.9,0.91304,0.895,0.78144,0.73,0.18016
2371,,0.3,-0.01288,0.85,0.88072,0.87,0.74912,0.68,0.11248
2372,2,0.235,1.0,0.81,0.8584,0.855,0.7268,0.64,0.0548
2373,,0.16,0.93232,0.76,0.82608,0.83,0.69448,0.59,-0.01288
2374,8,0.095,0.87464,0.72,0.80376,0.815,0.67216,0.55,1.0
2375,,0.02,0.80696,0.67,0.77144,0.79,0.63984,0.5,0.93232
2376,,-0.055,0.73928,0.62,0.73912,0.765,0.60752,0.45,0.86464
2377,1,1.0,0.6816,0.58,0.7168,0.75,0.5852,0.41,0.80696
2378,,0.925,0.61392,0.53,0.68448,0.725,0.55288,0.36,0.73928
2379,,0.85,0.54624,0.48,0.65216,0.7,0.52056,0.31,0.6716
2380,,0.775,0.47856,0.43,0.61984,0.675,0.48824,0.26,0.60392
2381,,0.7,0.41088,0.38,0.58752,0.65,0.45592,0.21,0.53624
2382,,0.625,0.3432,0.33,0.5552,0.625,0.4236,0.16,0.46856
2383,,0.55,0.27552,0.28,0.52288,0.6,0.39128,0.11,0.40088
2384,,0.475,0.20784,0.23,0.49056,0.575,0.35896,0.06,0.3332
2385,,0.4,0.14016,0.18,0.45824,0.55,0.32664,0.01,0.26552
2386,,0.325,0.07248,0.13,0.42592,0.525,0.29432,-0.04,0.19784
2387,7,0.26,0.0148,0.09,0.4036,0.51,0.272,1.0,0.14016
2388,,0.185,-0.05288,0.04,0.37128,0.485,0.23968,0.95,0.07248
2389,2,0.12,1.0,0.0,0.34896,0.47,0.21736,0.91,0.0148
2390,,0.045,0.93232,-0.05,0.31664,0.445,0.18504,0.86,-0.05288
2391,8,-0.02,0.87464,-0.09,0.29432,0.43,0.16272,0.82,1.0
2392,3,-0.085,0.81696,1.0,0.272,0.415,0.1404,0.78,0.94232
2393,1,1.0,0.75928,0.96,0.24968,0.4,0.11808,0.74,0.88464
2394,,0.925,0.6916,0.91,0.21736,0.375,0.08576,0.69,0.81696
2395,,0.85,0.62392,0.86,0.18504,0.35,0.05344,0.64,0.74928
2396,,0.775,0.55624,0.81,0.15272,0.325,0.02112,0.59,0.6816
2397,,0.7,0.48856,0.76,0.1204,0.3,-0.0112,0.54,0.61392
2398,6,0.635,0.43088,0.72,0.09808,0.285,1.0,0.5,0.55624
2399,,0.56,0.3632,0.67,0.06576,0.26,0.96768,0.45,0.48856
2400,,0.485,0.29552,0.62,0.03344,0.235,0.93536,0.4,0.42088
2401,,0.41,0.22784,0.57,0.00112,0.21,0.90304,0.35,0.3532
2402,,0.335,0.16016,0.52,-0.0312,0.185,0.87072,0.3,0.28552
2403,4,0.27,0.10248,0.48,1.0,0.17,0.8484,0.26,0.22784
2404,,0.195,0.0348,0.43,0.96768,0.145,0.81608,0.21,0.16016
2405,,0.12,-0.03288,0.38,0.93536,0.12,0.78376,0.16,0.09248
2406,2,0.055,1.0,0.34,0.91304,0.105,0.76144,0.12,0.0348
2407,,-0.02,0.93232,0.29,0.88072,0.08,0.72912,0.07,-0.03288
2408,8,-0.085,0.87464,0.25,0.8584,0.065,0.7068,0.03,1.0
2409,1,1.0,0.81696,0.21,0.83608,0.05,0.68448,-0.01,0.94232
2410,7,0.935,0.75928,0.17,0.81376,0.035,0.66216,1.0,0.88464
2411,,0.86,0.6916,0.12,0.78144,0.01,0.62984,0.95,0.81696
2412,,0.785,0.62392,0.07,0.74912,-0.015,0.59752,0.9,0.74928
2413,5,0.72,0.56624,0.03,0.7268,1.0,0.5752,0.86,0.6916
2414,,0.645,0.49856,-0.02,0.69448,0.975,0.54288,0.81,0.62392
2415,3,0.58,0.44088,1.0,0.67216,0.96,0.52056,0.77,0.56624
2416,,0.505,0.3732,0.95,0.63984,0.935,0.48824,0.72,0.49856
2417,,0.43,0.30552,0.9,0.60752,0.91,0.45592,0.67,0.43088
2418,,0.355,0.23784,0.85,0.5752,0.885,0.4236,0.62,0.3632
2419,,0.28,0.17016,0.8,0.54288,0.86,0.39128,0.57,0.29552
2420,,0.205,0.10248,0.75,0.51056,0.835,0.35896,0.52,0.22784
2421,,0.13,0.0348,0.7,0.47824,0.81,0.32664,0.47,0.16016
2422,,0.055,-0.03288,0.65,0.44592,0.785,0.29432,0.42,0.09248
2423,2,-0.01,1.0,0.61,0.4236,0.77,0.272,0.38,0.0348
2424,1,1.0,0.94232,0.57,0.40128,0.755,0.24968,0.34,-0.02288
2425,8,0.935,0.88464,0.53,0.37896,0.74,0.22736,0.3,1.0
2426,,0.86,0.81696,0.48,0.34664,0.715,0.19504,0.25,0.93232
2427,,0.785,0.74928,0.43,0.31432,0.69,0.16272,0.2,0.86464
2428,,0.71,0.6816,0.38,0.282,0.665,0.1304,0.15,0.79696
2429,,0.635,0.61392,0.33,0.24968,0.64,0.09808,0.1,0.72928
2430,,0.56,0.54624,0.28,0.21736,0.615,0.06576,0.05,0.6616
2431,,0.485,0.47856,0.23,0.18504,0.59,0.03344,0.0,0.59392
2432,,0.41,0.41088,0.18,0.15272,0.565,0.00112,-0.05,0.52624
2433,7,0.345,0.3532,0.14,0.1304,0.55,-0.0212,1.0,0.46856
2434,6,0.28,0.29552,0.1,0.10808,0.535,1.0,0.96,0.41088
2435,,0.205,0.22784,0.05,0.07576,0.51,0.96768,0.91,0.3432
2436,,0.13,0.16016,0.0,0.04344,0.485,0.93536,0.86,0.27552
2437,,0.055,0.09248,-0.05,0.01112,0.46,0.90304,0.81,0.20784
2438,3,-0.01,0.0348,1.0,-0.0112,0.445,0.88072,0.77,0.15016
2439,4,-0.075,-0.02288,0.96,1.0,0.43,0.8584,0.73,0.09248
2440,1,1.0,-0.08056,0.92,0.97768,0.415,0.83608,0.69,0.0348
2441,2,0.935,1.0,0.88,0.95536,0.4,0.81376,0.65,-0.02288
2442,8,0.87,0.94232,0.84,0.93304,0.385,0.79144,0.61,1.0
2443,,0.795,0.87464,0.79,0.90072,0.36,0.75912,0.56,0.93232
2444,,0.72,0.80696,0.74,0.8684,0.335,0.7268,0.51,0.86464
2445,,0.645,0.73928,0.69,0.83608,0.31,0.69448,0.46,0.79696
2446,,0.57,0.6716,0.64,0.80376,0.285,0.66216,0.41,0.72928
2447,,0.495,0.60392,0.59,0.77144,0.26,0.62984,0.36,0.6616
2448,,0.42,0.53624,0.54,0.73912,0.235,0.59752,0.31,0.59392
2449,,0.345,0.46856,0.49,0.7068,0.21,0.5652,0.26,0.52624
2450,,0.27,0.40088,0.44,0.67448,0.185,0.53288,0.21,0.45856
2451,,0.195,0.3332,0.39,0.64216,0.16,0.50056,0.16,0.39088
2452,,0.12,0.26552,0.34,0.60984,0.135,0.46824,0.11,0.3232
2453,,0.045,0.19784,0.29,0.57752,0.11,0.43592,0.06,0.25552
2454,,-0.03,0.13016,0.24,0.5452,0.085,0.4036,0.01,0.18784
2455,1,1.0,0.07248,0.2,0.52288,0.07,0.38128,-0.03,0.13016
2456,7,0.935,0.0148,0.16,0.50056,0.055,0.35896,1.0,0.07248
2457,,0.86,-0.05288,0.11,0.46824,0.03,0.32664,0.95,0.0048
2458,2,0.795,1.0,0.07,0.44592,0.015,0.30432,0.91,-0.05288
2459,8,0.73,0.94232,0.03,0.4236,0.0,0.282,0.87,1.0
2460,,0.655,0.87464,-0.02,0.39128,-0.025,0.24968,0.82,0.93232
2461,5,0.59,0.81696,-0.06,0.36896,1.0,0.22736,0.78,0.87464
2462,3,0.525,0.75928,1.0,0.34664,0.985,0.20504,0.74,0.81696
2463,,0.45,0.6916,0.95,0.31432,0.96,0.17272,0.69,0.74928
2464,,0.375,0.62392,0.9,0.282,0.935,0.1404,0.64,0.6816
2465,,0.3,0.55624,0.85,0.24968,0.91,0.10808,0.59,0.61392
2466,,0.225,0.48856,0.8,0.21736,0.885,0.07576,0.54,0.54624
2467,,0.15,0.42088,0.75,0.18504,0.86,0.04344,0.49,0.47856
2468,,0.075,0.3532,0.7,0.15272,0.835,0.01112,0.44,0.41088
2469,,-0.0,0.28552,0.65,0.1204,0.81,-0.0212,0.39,0.3432
2470,6,-0.065,0.22784,0.61,0.09808,0.795,1.0,0.35,0.28552
2471,1,1.0,0.17016,0.57,0.07576,0.78,0.97768,0.31,0.22784
2472,,0.925,0.10248,0.52,0.04344,0.755,0.94536,0.26,0.16016
2473,,0.85,0.0348,0.47,0.01112,0.73,0.91304,0.21,0.09248
2474,,0.775,-0.03288,0.42,-0.0212,0.705,0.88072,0.16,0.0248
2475,2,0.71,1.0,0.38,-0.04352,0.69,0.8584,0.12,-0.03288
2476,4,0.645,0.94232,0.34,1.0,0.675,0.83608,0.08,-0.09056
2477,8,0.58,0.88464,0.3,0.97768,0.66,0.81376,0.04,1.0
2478,,0.505,0.81696,0.25,0.94536,0.635,0.78144,-0.01,0.93232
2479,7,0.44,0.75928,0.21,0.92304,0.62,0.75912,1.0,0.87464
2480,,0.365,0.6916,0.16,0.89072,0.595,0.7268,0.95,0.80696
2481,,0.29,0.62392,0.11,0.8584,0.57,0.69448,0.9,0.73928
2482,,0.215,0.55624,0.06,0.82608,0.545,0.66216,0.85,0.6716
2483,,0.14,0.48856,0.01,0.79376,0.52,0.62984,0.8,0.60392
2484,,0.065,0.42088,-0.04,0.76144,0.495,0.59752,0.75,0.53624
2485,3,-0.0,0.3632,1.0,0.73912,0.48,0.5752,0.71,0.47856
2486,,-0.075,0.29552,0.95,0.7068,0.455,0.54288,0.66,0.41088
2487,1,1.0,0.23784,0.91,0.68448,0.44,0.52056,0.62,0.3532
2488,,0.925,0.17016,0.86,0.65216,0.415,0.48824,0.57,0.28552
2489,,0.85,0.10248,0.81,0.61984,0.39,0.45592,0.52,0.21784
2490,,0.775,0.0348,0.76,0.58752,0.365,0.4236,0.47,0.15016
2491,,0.7,-0.03288,0.71,0.5552,0.34,0.39128,0.42,0.08248
2492,2,0.635,1.0,0.67,0.53288,0.325,0.36896,0.38,0.0248
2493,,0.56,0.93232,0.62,0.50056,0.3,0.33664,0.33,-0.04288
2494,8,0.495,0.87464,0.58,0.47824,0.285,0.31432,0.29,1.0
2495,,0.42,0.80696,0.53,0.44592,0.26,0.282,0.24,0.93232
2496,,0.345,0.73928,0.48,0.4136,0.235,0.24968,0.19,0.86464
2497,,0.27,0.6716,0.43,0.38128,0.21,0.21736,0.14,0.79696
2498,,0.195,0.60392,0.38,0.34896,0.185,0.18504,0.09,0.72928
2499,,0.12,0.53624,0.33,0.31664,0.16,0.15272,0.04,0.6616
2500,,0.045,0.46856,0.28,0.28432,0.135,0.1204,-0.01,0.59392
2501,7,-0.02,0.41088,0.24,0.262,0.12,0.09808,1.0,0.53624
2502,1,1.0,0.3532,0.2,0.23968,0.105,0.07576,0.96,0.47856
2503,,0.925,0.28552,0.15,0.20736,0.08,0.04344,0.91,0.41088
2504,,0.85,0.21784,0.1,0.17504,0.055,0.01112,0.86,0.3432
2505,,0.775,0.15016,0.05,0.14272,0.03,-0.0212,0.81,0.27552
2506,6,0.71,0.09248,0.01,0.1204,0.015,1.0,0.77,0.21784
2507,,0.635,0.0248,-0.04,0.08808,-0.01,0.96768,0.72,0.15016
2508,3,0.57,-0.03288,1.0,0.06576,-0.025,0.94536,0.68,0.09248
2509,2,0.505,1.0,0.96,0.04344,-0.04,0.92304,0.64,0.0348
2510,5,0.44,0.94232,0.92,0.02112,1.0,0.90072,0.6,-0.02288
2511,8,0.375,0.88464,0.88,-0.0012,0.985,0.8784,0.56,1.0
2512,4,0.31,0.82696,0.84,1.0,0.97,0.85608,0.52,0.94232
2513,,0.235,0.75928,0.79,0.96768,0.945,0.82376,0.47,0.87464
2514,,0.16,0.6916,0.74,0.93536,0.92,0.79144,0.42,0.80696
2515,,0.085,0.62392,0.69,0.90304,0.895,0.75912,0.37,0.73928
2516,,0.01,0.55624,0.64,0.87072,0.87,0.7268,0.32,0.6716
2517,,-0.065,0.48856,0.59,0.8384,0.845,0.69448,0.27,0.60392
2518,1,1.0,0.43088,0.55,0.81608,0.83,0.67216,0.23,0.54624
2519,,0.925,0.3632,0.5,0.78376,0.805,0.63984,0.18,0.47856
2520,,0.85,0.29552,0.45,0.75144,0.78,0.60752,0.13,0.41088
2521,,0.775,0.22784,0.4,0.71912,0.755,0.5752,0.08,0.3432
2522,,0.7,0.16016,0.35,0.6868,0.73,0.54288,0.03,0.27552
2523,,0.625,0.09248,0.3,0.65448,0.705,0.51056,-0.02,0.20784
2524,7,0.56,0.0348,0.26,0.63216,0.69,0.48824,1.0,0.15016
2525,,0.485,-0.03288,0.21,0.59984,0.665,0.45592,0.95,0.08248
2526,2,0.42,1.0,0.17,0.57752,0.65,0.4336,0.91,0.0248
2527,,0.345,0.93232,0.12,0.5452,0.625,0.40128,0.86,-0.04288
2528,8,0.28,0.87464,0.08,0.52288,0.61,0.37896,0.82,1.0
2529,,0.205,0.80696,0.03,0.49056,0.585,0.34664,0.77,0.93232
2530,,0.13,0.73928,-0.02,0.45824,0.56,0.31432,0.72,0.86464
2531,3,0.065,0.6816,1.0,0.43592,0.545,0.292,0.68,0.80696
2532,,-0.01,0.61392,0.95,0.4036,0.52,0.25968,0.63,0.73928
2533,1,1.0,0.55624,0.91,0.38128,0.505,0.23736,0.59,0.6816
2534,,0.925,0.48856,0.86,0.34896,0.48,0.20504,0.54,0.61392
2535,,0.85,0.42088,0.81,0.31664,0.455,0.17272,0.49,0.54624
2536,,0.775,0.3532,0.76,0.28432,0.43,0.1404,0.44,0.47856
2537,,0.7,0.28552,0.71,0.252,0.405,0.10808,0.39,0.41088
2538,,0.625,0.21784,0.66,0.21968,0.38,0.07576,0.34,0.3432
2539,,0.55,0.15016,0.61,0.18736,0.355,0.04344,0.29,0.27552
2540,,0.475,0.08248,0.56,0.15504,0.33,0.01112,0.24,0.20784
2541,,0.4,0.0148,0.51,0.12272,0.305,-0.0212,0.19,0.14016
2542,6,0.335,-0.04288,0.47,0.1004,0.29,1.0,0.15,0.08248
2543,2,0.27,1.0,0.43,0.07808,0.275,0.97768,0.11,0.0248
2544,,0.195,0.93232,0.38,0.04576,0.25,0.94536,0.06,-0.04288
2545,8,0.13,0.87464,0.34,0.02344,0.235,0.92304,0.02,1.0
2546,,0.055,0.80696,0.29,-0.00888,0.21,0.89072,-0.03,0.93232
2547,7,-0.01,0.74928,0.25,-0.0312,0.195,0.8684,1.0,0.87464
2548,4,-0.075,0.6916,0.21,1.0,0.18,0.84608,0.96,0.81696
2549,1,1.0,0.63392,0.17,0.97768,0.165,0.82376,0.92,0.75928
2550,,0.925,0.56624,0.12,0.94536,0.14,0.79144,0.87,0.6916
2551,,0.85,0.49856,0.07,0.91304,0.115,0.75912,0.82,0.62392
2552,,0.775,0.43088,0.02,0.88072,0.09,0.7268,0.77,0.55624
2553,,0.7,0.3632,-0.03,0.8484,0.065,0.69448,0.72,0.48856
2554,3,0.635,0.30552,1.0,0.82608,0.05,0.67216,0.68,0.43088
2555,,0.56,0.23784,0.95,0.79376,0.025,0.63984,0.63,0.3632
2556,,0.485,0.17016,0.9,0.76144,0.0,0.60752,0.58,0.29552
2557,,0.41,0.10248,0.85,0.72912,-0.025,0.5752,0.53,0.22784
2558,5,0.345,0.0448,0.81,0.7068,1.0,0.55288,0.49,0.17016
2559,,0.27,-0.02288,0.76,0.67448,0.975,0.52056,0.44,0.10248
2560,2,0.205,1.0,0.72,0.65216,0.96,0.49824,0.4,0.0448
2561,,0.13,0.93232,0.67,0.61984,0.935,0.46592,0.35,-0.02288
2562,8,0.065,0.87464,0.63,0.59752,0.92,0.4436,0.31,1.0
2563,,-0.01,0.80696,0.58,0.5652,0.895,0.41128,0.26,0.93232
2564,1,1.0,0.74928,0.54,0.54288,0.88,0.38896,0.22,0.87464
2565,,0.925,0.6816,0.49,0.51056,0.855,0.35664,0.17,0.80696
2566,,0.85,0.61392,0.44,0.47824,0.83,0.32432,0.12,0.73928
2567,,0.775,0.54624,0.39,0.44592,0.805,0.292,0.07,0.6716
2568,,0.7,0.47856,0.34,0.4136,0.78,0.25968,0.02,0.60392
2569,,0.625,0.41088,0.29,0.38128,0.755,0.22736,-0.03,0.53624
2570,7,0.56,0.3532,0.25,0.35896,0.74,0.20504,1.0,0.47856
2571,,0.485,0.28552,0.2,0.32664,0.715,0.17272,0.95,0.41088
2572,,0.41,0.21784,0.15,0.29432,0.69,0.1404,0.9,0.3432
2573,,0.335,0.15016,0.1,0.262,0.665,0.10808,0.85,0.27552
2574,,0.26,0.08248,0.05,0.22968,0.64,0.07576,0.8,0.20784
2575,,0.185,0.0148,0.0,0.19736,0.615,0.04344,0.75,0.14016
2576,,0.11,-0.05288,-0.05,0.16504,0.59,0.01112,0.7,0.07248
2577,2,0.045,1.0,-0.09,0.14272,0.575,-0.0112,0.66,0.0148
2578,3,-0.02,0.94232,1.0,0.1204,0.56,-0.03352,0.62,-0.04288
2579,8,-0.085,0.88464,0.96,0.09808,0.545,-0.05584,0.58,1.0
2580,1,1.0,0.82696,0.92,0.07576,0.53,-0.07816,0.54,0.94232
2581,6,0.935,0.76928,0.88,0.05344,0.515,1.0,0.5,0.88464
2582,,0.86,0.7016,0.83,0.02112,0.49,0.96768,0.45,0.81696
2583,,0.785,0.63392,0.78,-0.0112,0.465,0.93536,0.4,0.74928
2584,4,0.72,0.57624,0.74,1.0,0.45,0.91304,0.36,0.6916
2585,,0.645,0.50856,0.69,0.96768,0.425,0.88072,0.31,0.62392
2586,,0.57,0.44088,0.64,0.93536,0.4,0.8484,0.26,0.55624
2587,,0.495,0.3732,0.59,0.90304,0.375,0.81608,0.21,0.48856
2588,,0.42,0.30552,0.54,0.87072,0.35,0.78376,0.16,0.42088
2589,,0.345,0.23784,0.49,0.8384,0.325,0.75144,0.11,0.3532
2590,,0.27,0.17016,0.44,0.80608,0.3,0.71912,0.06,0.28552
2591,,0.195,0.10248,0.39,0.77376,0.275,0.6868,0.01,0.21784
2592,,0.12,0.0348,0.34,0.74144,0.25,0.65448,-0.04,0.15016
2593,7,0.055,-0.02288,0.3,0.71912,0.235,0.63216,1.0,0.09248
2594,2,-0.01,1.0,0.26,0.6968,0.22,0.60984,0.96,0.0348
2595,1,1.0,0.94232,0.22,0.67448,0.205,0.58752,0.92,-0.02288
2596,8,0.935,0.88464,0.18,0.65216,0.19,0.5652,0.88,1.0
2597,,0.86,0.81696,0.13,0.61984,0.165,0.53288,0.83,0.93232
2598,,0.785,0.74928,0.08,0.58752,0.14,0.50056,0.78,0.86464
2599,,0.71,0.6816,0.03,0.5552,0.115,0.46824,0.73,0.79696
2600,,0.635,0.61392,-0.02,0.52288,0.09,0.43592,0.68,0.72928
2601,3,0.57,0.55624,1.0,0.50056,0.075,0.4136,0.64,0.6716
2602,,0.495,0.48856,0.95,0.46824,0.05,0.38128,0.59,0.60392
2603,,0.42,0.42088,0.9,0.43592,0.025,0.34896,0.54,0.53624
2604,,0.345,0.3532,0.85,0.4036,0.0,0.31664,0.49,0.46856
2605,,0.27,0.28552,0.8,0.37128,-0.025,0.28432,0.44,0.40088
2606,5,0.205,0.22784,0.76,0.34896,1.0,0.262,0.4,0.3432
2607,,0.13,0.16016,0.71,0.31664,0.975,0.22968,0.35,0.27552
2608,,0.055,0.09248,0.66,0.28432,0.95,0.19736,0.3,0.20784
2609,,-0.02,0.0248,0.61,0.252,0.925,0.16504,0.25,0.14016
2610,1,1.0,-0.03288,0.57,0.22968,0.91,0.14272,0.21,0.08248
2611,2,0.935,1.0,0.53,0.20736,0.895,0.1204,0.17,0.0248
2612,,0.86,0.93232,0.48,0.17504,0.87,0.08808,0.12,-0.04288
2613,8,0.795,0.87464,0.44,0.15272,0.855,0.06576,0.08,1.0
2614,,0.72,0.80696,0.39,0.1204,0.83,0.03344,0.03,0.93232
2615,,0.645,0.73928,0.34,0.08808,0.805,0.00112,-0.02,0.86464
2616,7,0.58,0.6816,0.3,0.06576,0.79,-0.0212,1.0,0.80696
2617,6,0.515,0.62392,0.26,0.04344,0.775,1.0,0.96,0.74928
2618,,0.44,0.55624,0.21,0.01112,0.75,0.96768,0.91,0.6816
2619,,0.365,0.48856,0.16,-0.0212,0.725,0.93536,0.86,0.61392
2620,4,0.3,0.43088,0.12,1.0,0.71,0.91304,0.82,0.55624
2621,,0.225,0.3632,0.07,0.96768,0.685,0.88072,0.77,0.48856
2622,,0.15,0.29552,0.02,0.93536,0.66,0.8484,0.72,0.42088
2623,,0.075,0.22784,-0.03,0.90304,0.635,0.81608,0.67,0.3532
2624,3,0.01,0.17016,1.0,0.88072,0.62,0.79376,0.63,0.29552
2625,,-0.065,0.10248,0.95,0.8484,0.595,0.76144,0.58,0.22784
2626,1,1.0,0.0448,0.91,0.82608,0.58,0.73912,0.54,0.17016
2627,,0.925,-0.02288,0.86,0.79376,0.555,0.7068,0.49,0.10248
2628,2,0.86,1.0,0.82,0.77144,0.54,0.68448,0.45,0.0448
2629,,0.785,0.93232,0.77,0.73912,0.515,0.65216,0.4,-0.02288
2630,8,0.72,0.87464,0.73,0.7168,0.5,0.62984,0.36,1.0
2631,,0.645,0.80696,0.68,0.68448,0.475,0.59752,0.31,0.93232
2632,,0.57,0.73928,0.63,0.65216,0.45,0.5652,0.26,0.86464
2633,,0.495,0.6716,0.58,0.61984,0.425,0.53288,0.21,0.79696
2634,,0.42,0.60392,0.53,0.58752,0.4,0.50056,0.16,0.72928
2635,,0.345,0.53624,0.48,0.5552,0.375,0.46824,0.11,0.6616
2636,,0.27,0.46856,0.43,0.52288,0.35,0.43592,0.06,0.59392
2637,,0.195,0.40088,0.38,0.49056,0.325,0.4036,0.01,0.52624
2638,,0.12,0.3332,0.33,0.45824,0.3,0.37128,-0.04,0.45856
2639,7,0.055,0.27552,0.29,0.43592,0.285,0.34896,1.0,0.40088
2640,,-0.02,0.20784,0.24,0.4036,0.26,0.31664,0.95,0.3332
2641,1,1.0,0.15016,0.2,0.38128,0.245,0.29432,0.91,0.27552
2642,,0.925,0.08248,0.15,0.34896,0.22,0.262,0.86,0.20784
2643,,0.85,0.0148,0.1,0.31664,0.195,0.22968,0.81,0.14016
2644,,0.775,-0.05288,0.05,0.28432,0.17,0.19736,0.76,0.07248
2645,2,0.71,1.0,0.01,0.262,0.155,0.17504,0.72,0.0148
2646,,0.635,0.93232,-0.04,0.22968,0.13,0.14272,0.67,-0.05288
2647,8,0.57,0.87464,-0.08,0.20736,0.115,0.1204,0.63,1.0
2648,3,0.505,0.81696,1.0,0.18504,0.1,0.09808,0.59,0.94232
2649,,0.43,0.74928,0.95,0.15272,0.075,0.06576,0.54,0.87464
2650,,0.355,0.6816,0.9,0.1204,0.05,0.03344,0.49,0.80696
2651,,0.28,0.61392,0.85,0.08808,0.025,0.00112,0.44,0.73928
2652,,0.205,0.54624,0.8,0.05576,0.0,-0.0312,0.39,0.6716
2653,6,0.14,0.48856,0.76,0.03344,-0.015,1.0,0.35,0.61392
2654,5,0.075,0.43088,0.72,0.01112,1.0,0.97768,0.31,0.55624
2655,,-0.0,0.3632,0.67,-0.0212,0.975,0.94536,0.26,0.48856
2656,4,-0.065,0.30552,0.63,1.0,0.96,0.92304,0.22,0.43088
2657,1,1.0,0.24784,0.59,0.97768,0.945,0.90072,0.18,0.3732
2658,,0.925,0.18016,0.54,0.94536,0.92,0.8684,0.13,0.30552
2659,,0.85,0.11248,0.49,0.91304,0.895,0.83608,0.08,0.23784
2660,,0.775,0.0448,0.44,0.88072,0.87,0.80376,0.03,0.17016
2661,,0.7,-0.02288,0.39,0.8484,0.845,0.77144,-0.02,0.10248
2662,2,0.635,1.0,0.35,0.82608,0.83,0.74912,-0.06,0.0448
2663,7,0.57,0.94232,0.31,0.80376,0.815,0.7268,1.0,-0.01288
2664,8,0.505,0.88464,0.27,0.78144,0.8,0.70448,0.96,1.0
2665,,0.43,0.81696,0.22,0.74912,0.775,0.67216,0.91,0.93232
2666,,0.355,0.74928,0.17,0.7168,0.75,0.63984,0.86,0.86464
2667,,0.28,0.6816,0.12,0.68448,0.725,0.60752,0.81,0.79696
2668,,0.205,0.61392,0.07,0.65216,0.7,0.5752,0.76,0.72928
2669,,0.13,0.54624,0.02,0.61984,0.675,0.54288,0.71,0.6616
2670,,0.055,0.47856,-0.03,0.58752,0.65,0.51056,0.66,0.59392
2671,3,-0.01,0.42088,1.0,0.5652,0.635,0.48824,0.62,0.53624
2672,1,1.0,0.3632,0.96,0.54288,0.62,0.46592,0.58,0.47856
2673,,0.925,0.29552,0.91,0.51056,0.595,0.4336,0.53,0.41088
2674,,0.85,0.22784,0.86,0.47824,0.57,0.40128,0.48,0.3432
2675,,0.775,0.16016,0.81,0.44592,0.545,0.36896,0.43,0.27552
2676,,0.7,0.09248,0.76,0.4136,0.52,0.33664,0.38,0.20784
2677,,0.625,0.0248,0.71,0.38128,0.495,0.30432,0.33,0.14016
2678,,0.55,-0.04288,0.66,0.34896,0.47,0.272,0.28,0.07248
2679,2,0.485,1.0,0.62,0.32664,0.455,0.24968,0.24,0.0148
2680,,0.41,0.93232,0.57,0.29432,0.43,0.21736,0.19,-0.05288
2681,8,0.345,0.87464,0.53,0.272,0.415,0.19504,0.15,1.0
2682,,0.27,0.80696,0.48,0.23968,0.39,0.16272,0.1,0.93232
2683,,0.195,0.73928,0.43,0.20736,0.365,0.1304,0.05,0.86464
2684,,0.12,0.6716,0.38,0.17504,0.34,0.09808,0.0,0.79696
2685,,0.045,0.60392,0.33,0.14272,0.315,0.06576,-0.05,0.72928
2686,7,-0.02,0.54624,0.29,0.1204,0.3,0.04344,1.0,0.6716
2687,1,1.0,0.48856,0.25,0.09808,0.285,0.02112,0.96,0.61392
2688,,0.925,0.42088,0.2,0.06576,0.26,-0.0112,0.91,0.54624
2689,6,0.86,0.3632,0.16,0.04344,0.245,1.0,0.87,0.48856
2690,,0.785,0.29552,0.11,0.01112,0.22,0.96768,0.82,0.42088
2691,,0.71,0.22784,0.06,-0.0212,0.195,0.93536,0.77,0.3532
2692,4,0.645,0.17016,0.02,1.0,0.18,0.91304,0.73,0.29552
2693,,0.57,0.10248,-0.03,0.96768,0.155,0.88072,0.68,0.22784
2694,3,0.505,0.0448,1.0,0.94536,0.14,0.8584,0.64,0.17016
2695,,0.43,-0.02288,0.95,0.91304,0.115,0.82608,0.59,0.10248
2696,2,0.365,1.0,0.91,0.89072,0.1,0.80376,0.55,0.0448
2697,,0.29,0.93232,0.86,0.8584,0.075,0.77144,0.5,-0.02288
2698,8,0.225,0.87464,0.82,0.83608,0.06,0.74912,0.46,1.0
2699,,0.15,0.80696,0.77,0.80376,0.035,0.7168,0.41,0.93232
2700,,0.075,0.73928,0.72,0.77144,0.01,0.68448,0.36,0.86464
2701,,-0.0,0.6716,0.67,0.73912,-0.015,0.65216,0.31,0.79696
2702,5,-0.065,0.61392,0.63,0.7168,1.0,0.62984,0.27,0.73928
2703,1,1.0,0.55624,0.59,0.69448,0.985,0.60752,0.23,0.6816
2704,,0.925,0.48856,0.54,0.66216,0.96,0.5752,0.18,0.61392
2705,,0.85,0.42088,0.49,0.62984,0.935,0.54288,0.13,0.54624
2706,,0.775,0.3532,0.44,0.59752,0.91,0.51056,0.08,0.47856
2707,,0.7,0.28552,0.39,0.5652,0.885,0.47824,0.03,0.41088
2708,,0.625,0.21784,0.34,0.53288,0.86,0.44592,-0.02,0.3432
2709,7,0.56,0.16016,0.3,0.51056,0.845,0.4236,1.0,0.28552
2710,,0.485,0.09248,0.25,0.47824,0.82,0.39128,0.95,0.21784
2711,,0.41,0.0248,0.2,0.44592,0.795,0.35896,0.9,0.15016
2712,,0.335,-0.04288,0.15,0.4136,0.77,0.32664,0.85,0.08248
2713,2,0.27,1.0,0.11,0.39128,0.755,0.30432,0.81,0.0248
2714,,0.195,0.93232,0.06,0.35896,0.73,0.272,0.76,-0.04288
2715,8,0.13,0.87464,0.02,0.33664,0.715,0.24968,0.72,1.0
2716,,0.055,0.80696,-0.03,0.30432,0.69,0.21736,0.67,0.93232
2717,3,-0.01,0.74928,1.0,0.282,0.675,0.19504,0.63,0.87464
2718,1,1.0,0.6916,0.96,0.25968,0.66,0.17272,0.59,0.81696
2719,,0.925,0.62392,0.91,0.22736,0.635,0.1404,0.54,0.74928
2720,,0.85,0.55624,0.86,0.19504,0.61,0.10808,0.49,0.6816
2721,,0.775,0.48856,0.81,0.16272,0.585,0.07576,0.44,0.61392
2722,,0.7,0.42088,0.76,0.1304,0.56,0.04344,0.39,0.54624
2723,,0.625,0.3532,0.71,0.09808,0.535,0.01112,0.34,0.47856
2724,,0.55,0.28552,0.66,0.06576,0.51,-0.0212,0.29,0.41088
2725,6,0.485,0.22784,0.62,0.04344,0.495,1.0,0.25,0.3532
2726,,0.41,0.16016,0.57,0.01112,0.47,0.96768,0.2,0.28552
2727,,0.335,0.09248,0.52,-0.0212,0.445,0.93536,0.15,0.21784
2728,4,0.27,0.0348,0.48,1.0,0.43,0.91304,0.11,0.16016
2729,,0.195,-0.03288,0.43,0.96768,0.405,0.88072,0.06,0.09248
2730,2,0.13,1.0,0.39,0.94536,0.39,0.8584,0.02,0.0348
2731,,0.055,0.93232,0.34,0.91304,0.365,0.82608,-0.03,-0.03288
2732,8,-0.01,0.87464,0.3,0.89072,0.35,0.80376,-0.07,1.0
2733,7,-0.075,0.81696,0.26,0.8684,0.335,0.78144,1.0,0.94232
2734,1,1.0,0.75928,0.22,0.84608,0.32,0.75912,0.96,0.88464
2735,,0.925,0.6916,0.17,0.81376,0.295,0.7268,0.91,0.81696
2736,,0.85,0.62392,0.12,0.78144,0.27,0.69448,0.86,0.74928
2737,,0.775,0.55624,0.07,0.74912,0.245,0.66216,0.81,0.6816
2738,,0.7,0.48856,0.02,0.7168,0.22,0.62984,0.76,0.61392
2739,,0.625,0.42088,-0.03,0.68448,0.195,0.59752,0.71,0.54624
2740,3,0.56,0.3632,1.0,0.66216,0.18,0.5752,0.67,0.48856
2741,,0.485,0.29552,0.95,0.62984,0.155,0.54288,0.62,0.42088
2742,,0.41,0.22784,0.9,0.59752,0.13,0.51056,0.57,0.3532
2743,,0.335,0.16016,0.85,0.5652,0.105,0.47824,0.52,0.28552
2744,,0.26,0.09248,0.8,0.53288,0.08,0.44592,0.47,0.21784
2745,,0.185,0.0248,0.75,0.50056,0.055,0.4136,0.42,0.15016
2746,,0.11,-0.04288,0.7,0.46824,0.03,0.38128,0.37,0.08248
2747,2,0.045,1.0,0.66,0.44592,0.015,0.35896,0.33,0.0248
2748,,-0.03,0.93232,0.61,0.4136,-0.01,0.32664,0.28,-0.04288
2749,8,-0.095,0.87464,0.57,0.39128,-0.025,0.30432,0.24,1.0
2750,1,1.0,0.81696,0.53,0.36896,-0.04,0.282,0.2,0.94232
2751,5,0.935,0.75928,0.49,0.34664,1.0,0.25968,0.16,0.88464
2752,,0.86,0.6916,0.44,0.31432,0.975,0.22736,0.11,0.81696
2753,,0.785,0.62392,0.39,0.282,0.95,0.19504,0.06,0.74928
2754,,0.71,0.55624,0.34,0.24968,0.925,0.16272,0.01,0.6816
2755,,0.635,0.48856,0.29,0.21736,0.9,0.1304,-0.04,0.61392
2756,7,0.57,0.43088,0.25,0.19504,0.885,0.10808,1.0,0.55624
2757,,0.495,0.3632,0.2,0.16272,0.86,0.07576,0.95,0.48856
2758,,0.42,0.29552,0.15,0.1304,0.835,0.04344,0.9,0.42088
2759,,0.345,0.22784,0.1,0.09808,0.81,0.01112,0.85,0.3532
2760,,0.27,0.16016,0.05,0.06576,0.785,-0.0212,0.8,0.28552
2761,6,0.205,0.10248,0.01,0.04344,0.77,1.0,0.76,0.22784
2762,,0.13,0.0348,-0.04,0.01112,0.745,0.96768,0.71,0.16016
2763,3,0.065,-0.02288,1.0,-0.0112,0.73,0.94536,0.67,0.10248
2764,2,-0.0,1.0,0.96,-0.03352,0.715,0.92304,0.63,0.0448
2765,4,-0.065,0.94232,0.92,1.0,0.7,0.90072,0.59,-0.01288
2766,1,1.0,0.88464,0.88,0.97768,0.685,0.8784,0.55,-0.07056
2767,8,0.935,0.82696,0.84,0.95536,0.67,0.85608,0.51,1.0
2768,,0.86,0.75928,0.79,0.92304,0.645,0.82376,0.46,0.93232
2769,,0.785,0.6916,0.74,0.89072,0.62,0.79144,0.41,0.86464
2770,,0.71,0.62392,0.69,0.8584,0.595,0.75912,0.36,0.79696
2771,,0.635,0.55624,0.64,0.82608,0.57,0.7268,0.31,0.72928
2772,,0.56,0.48856,0.59,0.79376,0.545,0.69448,0.26,0.6616
2773,,0.485,0.42088,0.54,0.76144,0.52,0.66216,0.21,0.59392
2774,,0.41,0.3532,0.49,0.72912,0.495,0.62984,0.16,0.52624
2775,,0.335,0.28552,0.44,0.6968,0.47,0.59752,0.11,0.45856
2776,,0.26,0.21784,0.39,0.66448,0.445,0.5652,0.06,0.39088
2777,,0.185,0.15016,0.34,0.63216,0.42,0.53288,0.01,0.3232
2778,,0.11,0.08248,0.29,0.59984,0.395,0.50056,-0.04,0.25552
2779,7,0.045,0.0248,0.25,0.57752,0.38,0.47824,1.0,0.19784
2780,,-0.03,-0.04288,0.2,0.5452,0.355,0.44592,0.95,0.13016
2781,2,-0.095,1.0,0.16,0.52288,0.34,0.4236,0.91,0.07248
2782,1,1.0,0.94232,0.12,0.50056,0.325,0.40128,0.87,0.0148
2783,,0.925,0.87464,0.07,0.46824,0.3,0.36896,0.82,-0.05288
2784,8,0.86,0.81696,0.03,0.44592,0.285,0.34664,0.78,1.0
2785,,0.785,0.74928,-0.02,0.4136,0.26,0.31432,0.73,0.93232
2786,3,0.72,0.6916,1.0,0.39128,0.245,0.292,0.69,0.87464
2787,,0.645,0.62392,0.95,0.35896,0.22,0.25968,0.64,0.80696
2788,,0.57,0.55624,0.9,0.32664,0.195,0.22736,0.59,0.73928
2789,,0.495,0.48856,0.85,0.29432,0.17,0.19504,0.54,0.6716
2790,,0.42,0.42088,0.8,0.262,0.145,0.16272,0.49,0.60392
2791,,0.345,0.3532,0.75,0.22968,0.12,0.1304,0.44,0.53624
2792,,0.27,0.28552,0.7,0.19736,0.095,0.09808,0.39,0.46856
2793,,0.195,0.21784,0.65,0.16504,0.07,0.06576,0.34,0.40088
2794,,0.12,0.15016,0.6,0.13272,0.045,0.03344,0.29,0.3332
2795,,0.045,0.08248,0.55,0.1004,0.02,0.00112,0.24,0.26552
2796,,-0.03,0.0148,0.5,0.06808,-0.005,-0.0312,0.19,0.19784
2797,6,-0.095,-0.04288,0.46,0.04576,-0.02,1.0,0.15,0.14016
2798,1,1.0,-0.10056,0.42,0.02344,-0.035,0.97768,0.11,0.08248
2799,2,0.935,1.0,0.38,0.00112,-0.05,0.95536,0.07,0.0248
2800,5,0.87,0.94232,0.34,-0.0212,1.0,0.93304,0.03,-0.03288
2801,8,0.805,0.88464,0.3,-0.04352,0.985,0.91072,-0.01,1.0
2802,4,0.74,0.82696,0.26,1.0,0.97,0.8884,-0.05,0.94232
2803,7,0.675,0.76928,0.22,0.97768,0.955,0.86608,1.0,0.88464
2804,,0.6,0.7016,0.17,0.94536,0.93,0.83376,0.95,0.81696
2805,,0.525,0.63392,0.12,0.91304,0.905,0.80144,0.9,0.74928
2806,,0.45,0.56624,0.07,0.88072,0.88,0.76912,0.85,0.6816
2807,,0.375,0.49856,0.02,0.8484,0.855,0.7368,0.8,0.61392
2808,,0.3,0.43088,-0.03,0.81608,0.83,0.70448,0.75,0.54624
2809,3,0.235,0.3732,1.0,0.79376,0.815,0.68216,0.71,0.48856
2810,,0.16,0.30552,0.95,0.76144,0.79,0.64984,0.66,0.42088
2811,,0.085,0.23784,0.9,0.72912,0.765,0.61752,0.61,0.3532
2812,,0.01,0.17016,0.85,0.6968,0.74,0.5852,0.56,0.28552
2813,,-0.065,0.10248,0.8,0.66448,0.715,0.55288,0.51,0.21784
2814,1,1.0,0.0448,0.76,0.64216,0.7,0.53056,0.47,0.16016
2815,,0.925,-0.02288,0.71,0.60984,0.675,0.49824,0.42,0.09248
2816,2,0.86,1.0,0.67,0.58752,0.66,0.47592,0.38,0.0348
2817,,0.785,0.93232,0.62,0.5552,0.635,0.4436,0.33,-0.03288
2818,8,0.72,0.87464,0.58,0.53288,0.62,0.42128,0.29,1.0
2819,,0.645,0.80696,0.53,0.50056,0.595,0.38896,0.24,0.93232
2820,,0.57,0.73928,0.48,0.46824,0.57,0.35664,0.19,0.86464
2821,,0.495,0.6716,0.43,0.43592,0.545,0.32432,0.14,0.79696
2822,,0.42,0.60392,0.38,0.4036,0.52,0.292,0.09,0.72928
2823,,0.345,0.53624,0.33,0.37128,0.495,0.25968,0.04,0.6616
2824,,0.27,0.46856,0.28,0.33896,0.47,0.22736,-0.01,0.59392
2825,7,0.205,0.41088,0.24,0.31664,0.455,0.20504,1.0,0.53624
2826,,0.13,0.3432,0.19,0.28432,0.43,0.17272,0.95,0.46856
2827,,0.055,0.27552,0.14,0.252,0.405,0.1404,0.9,0.40088
2828,,-0.02,0.20784,0.09,0.21968,0.38,0.10808,0.85,0.3332
2829,1,1.0,0.15016,0.05,0.19736,0.365,0.08576,0.81,0.27552
2830,,0.925,0.08248,0.0,0.16504,0.34,0.05344,0.76,0.20784
2831,,0.85,0.0148,-0.05,0.13272,0.315,0.02112,0.71,0.14016
2832,3,0.785,-0.04288,1.0,0.1104,0.3,-0.0012,0.67,0.08248
2833,2,0.72,1.0,0.96,0.08808,0.285,-0.02352,0.63,0.0248
2834,6,0.655,0.94232,0.92,0.06576,0.27,1.0,0.59,-0.03288
2835,8,0.59,0.88464,0.88,0.04344,0.255,0.97768,0.55,1.0
2836,,0.515,0.81696,0.83,0.01112,0.23,0.94536,0.5,0.93232
2837,,0.44,0.74928,0.78,-0.0212,0.205,0.91304,0.45,0.86464
2838,4,0.375,0.6916,0.74,1.0,0.19,0.89072,0.41,0.80696
2839,,0.3,0.62392,0.69,0.96768,0.165,0.8584,0.36,0.73928
2840,,0.225,0.55624,0.64,0.93536,0.14,0.82608,0.31,0.6716
2841,,0.15,0.48856,0.59,0.90304,0.115,0.79376,0.26,0.60392
2842,,0.075,0.42088,0.54,0.87072,0.09,0.76144,0.21,0.53624
2843,,-0.0,0.3532,0.49,0.8384,0.065,0.72912,0.16,0.46856
2844,,-0.075,0.28552,0.44,0.80608,0.04,0.6968,0.11,0.40088
2845,1,1.0,0.22784,0.4,0.78376,0.025,0.67448,0.07,0.3432
2846,,0.925,0.16016,0.35,0.75144,0.0,0.64216,0.02,0.27552
2847,,0.85,0.09248,0.3,0.71912,-0.025,0.60984,-0.03,0.20784
2848,7,0.785,0.0348,0.26,0.6968,-0.04,0.58752,1.0,0.15016
2849,5,0.72,-0.02288,0.22,0.67448,1.0,0.5652,0.96,0.09248
2850,2,0.655,1.0,0.18,0.65216,0.985,0.54288,0.92,0.0348
2851,,0.58,0.93232,0.13,0.61984,0.96,0.51056,0.87,-0.03288
2852,8,0.515,0.87464,0.09,0.59752,0.945,0.48824,0.83,1.0
2853,,0.44,0.80696,0.04,0.5652,0.92,0.45592,0.78,0.93232
2854,,0.365,0.73928,-0.01,0.53288,0.895,0.4236,0.73,0.86464
2855,3,0.3,0.6816,1.0,0.51056,0.88,0.40128,0.69,0.80696
2856,,0.225,0.61392,0.95,0.47824,0.855,0.36896,0.64,0.73928
2857,,0.15,0.54624,0.9,0.44592,0.83,0.33664,0.59,0.6716
2858,,0.075,0.47856,0.85,0.4136,0.805,0.30432,0.54,0.60392
2859,,-0.0,0.41088,0.8,0.38128,0.78,0.272,0.49,0.53624
2860,,-0.075,0.3432,0.75,0.34896,0.755,0.23968,0.44,0.46856
2861,1,1.0,0.28552,0.71,0.32664,0.74,0.21736,0.4,0.41088
2862,,0.925,0.21784,0.66,0.29432,0.715,0.18504,0.35,0.3432
2863,,0.85,0.15016,0.61,0.262,0.69,0.15272,0.3,0.27552
2864,,0.775,0.08248,0.56,0.22968,0.665,0.1204,0.25,0.20784
2865,,0.7,0.0148,0.51,0.19736,0.64,0.08808,0.2,0.14016
2866,,0.625,-0.05288,0.46,0.16504,0.615,0.05576,0.15,0.07248
2867,2,0.56,1.0,0.42,0.14272,0.6,0.03344,0.11,0.0148
2868,,0.485,0.93232,0.37,0.1104,0.575,0.00112,0.06,-0.05288
2869,8,0.42,0.87464,0.33,0.08808,0.56,-0.0212,0.02,1.0
2870,6,0.355,0.81696,0.29,0.06576,0.545,1.0,-0.02,0.94232
2871,7,0.29,0.75928,0.25,0.04344,0.53,0.97768,1.0,0.88464
2872,,0.215,0.6916,0.2,0.01112,0.505,0.94536,0.95,0.81696
2873,,0.14,0.62392,0.15,-0.0212,0.48,0.91304,0.9,0.74928
2874,4,0.075,0.56624,0.11,1.0,0.465,0.89072,0.86,0.6916
2875,,-0.0,0.49856,0.06,0.96768,0.44,0.8584,0.81,0.62392
2876,,-0.075,0.43088,0.01,0.93536,0.415,0.82608,0.76,0.55624
2877,1,1.0,0.3732,-0.03,0.91304,0.4,0.80376,0.72,0.49856
2878,3,0.935,0.31552,1.0,0.89072,0.385,0.78144,0.68,0.44088
2879,,0.86,0.24784,0.95,0.8584,0.36,0.74912,0.63,0.3732
2880,,0.785,0.18016,0.9,0.82608,0.335,0.7168,0.58,0.30552
2881,,0.71,0.11248,0.85,0.79376,0.31,0.68448,0.53,0.23784
2882,,0.635,0.0448,0.8,0.76144,0.285,0.65216,0.48,0.17016
2883,,0.56,-0.02288,0.75,0.72912,0.26,0.61984,0.43,0.10248
2884,2,0.495,1.0,0.71,0.7068,0.245,0.59752,0.39,0.0448
2885,,0.42,0.93232,0.66,0.67448,0.22,0.5652,0.34,-0.02288
2886,8,0.355,0.87464,0.62,0.65216,0.205,0.54288,0.3,1.0
2887,,0.28,0.80696,0.57,0.61984,0.18,0.51056,0.25,0.93232
2888,,0.205,0.73928,0.52,0.58752,0.155,0.47824,0.2,0.86464
2889,,0.13,0.6716,0.47,0.5552,0.13,0.44592,0.15,0.79696
2890,,0.055,0.60392,0.42,0.52288,0.105,0.4136,0.1,0.72928
2891,,-0.02,0.53624,0.37,0.49056,0.08,0.38128,0.05,0.6616
2892,1,1.0,0.47856,0.33,0.46824,0.065,0.35896,0.01,0.60392
2893,,0.925,0.41088,0.28,0.43592,0.04,0.32664,-0.04,0.53624
2894,7,0.86,0.3532,0.24,0.4136,0.025,0.30432,1.0,0.47856
2895,,0.785,0.28552,0.19,0.38128,0.0,0.272,0.95,0.41088
2896,,0.71,0.21784,0.14,0.34896,-0.025,0.23968,0.9,0.3432
2897,5,0.645,0.16016,0.1,0.32664,1.0,0.21736,0.86,0.28552
2898,,0.57,0.09248,0.05,0.29432,0.975,0.18504,0.81,0.21784
2899,,0.495,0.0248,0.0,0.262,0.95,0.15272,0.76,0.15016
2900,,0.42,-0.04288,-0.05,0.22968,0.925,0.1204,0.71,0.08248
2901,3,0.355,-0.10056,1.0,0.20736,0.91,0.09808,0.67,0.0248
