step,active_motive,motive_1,motive_2,motive_3,motive_4,motive_5,motive_6,motive_7,motive_8
0,,0.74544,0.43166,0.12758,0.28378,0.36308,0.64592,0.57078,0.3561
1,,0.64544,0.33166,0.02758,0.18378,0.26308,0.54592,0.47078,0.2561
2,,0.54544,0.23166,-0.07242,0.08378,0.16308,0.44592,0.37078,0.1561
3,3,0.44544,0.41466,0.92758,0.26678,0.06308,0.06292,-0.12922,-0.2269
4,3,0.34544,0.59766,1.0,0.44978,-0.03692,-0.32008,-0.62922,-0.6099
5,7,0.24544,0.21466,0.5,0.06678,-0.13692,-0.13708,0.37078,-0.4269
6,7,0.14544,-0.16834,-0.0,-0.31622,-0.23692,0.04592,1.0,-0.2439
7,4,-0.23756,-0.26834,0.183,0.68378,-0.05392,-0.05408,0.617,-0.7439
8,4,-0.62056,-0.36834,0.366,1.0,0.12908,-0.15408,0.234,-1.0
9,8,-0.43756,-0.46834,-0.017,0.5,-0.25392,-0.25408,0.417,0.0
10,8,-0.25456,-0.56834,-0.4,-0.0,-0.63692,-0.35408,0.6,1.0
11,5,-0.75456,-0.95134,-0.5,0.183,0.36308,-0.17108,0.5,0.617
12,5,-1.0,-1.0,-0.6,0.366,1.0,0.01192,0.4,0.234
13,1,0.0,-0.817,-0.7,-0.017,0.5,-0.37108,0.3,0.417
14,1,1.0,-0.634,-0.8,-0.4,-0.0,-0.75408,0.2,0.6
15,3,0.9,-0.451,0.2,-0.217,-0.1,-1.0,-0.3,0.217
16,3,0.8,-0.268,1.0,-0.034,-0.2,-1.0,-0.8,-0.166
17,6,0.417,-0.768,0.617,-0.134,-0.017,0.0,-0.617,-0.266
18,6,0.034,-1.0,0.234,-0.234,0.166,1.0,-0.434,-0.366
19,2,0.217,0.0,0.417,-0.334,-0.217,0.5,-0.817,-0.466
20,2,0.4,1.0,0.6,-0.434,-0.6,-0.0,-1.0,-0.566
21,7,0.3,0.617,0.1,-0.817,-0.7,0.183,0.0,-0.383
22,7,0.2,0.234,-0.4,-1.0,-0.8,0.366,1.0,-0.2
23,4,-0.183,0.134,-0.217,0.0,-0.617,0.266,0.617,-0.7
24,4,-0.566,0.034,-0.034,1.0,-0.434,0.166,0.234,-1.0
25,8,-0.383,-0.066,-0.417,0.5,-0.817,0.066,0.417,0.0
26,8,-0.2,-0.166,-0.8,-0.0,-1.0,-0.034,0.6,1.0
27,5,-0.7,-0.549,-0.9,0.183,0.0,0.149,0.5,0.617
28,5,-1.0,-0.932,-1.0,0.366,1.0,0.332,0.4,0.234
29,3,-1.0,-0.749,0.0,0.549,0.9,-0.051,-0.1,-0.149
30,3,-1.0,-0.566,1.0,0.732,0.8,-0.434,-0.6,-0.532
31,1,0.0,-0.383,0.9,0.349,0.3,-0.817,-0.7,-0.349
32,1,1.0,-0.2,0.8,-0.034,-0.2,-1.0,-0.8,-0.166
33,6,0.617,-0.7,0.417,-0.134,-0.017,0.0,-0.617,-0.266
34,6,0.234,-1.0,0.034,-0.234,0.166,1.0,-0.434,-0.366
35,2,0.417,0.0,0.217,-0.334,-0.217,0.5,-0.817,-0.466
36,2,0.6,1.0,0.4,-0.434,-0.6,-0.0,-1.0,-0.566
37,7,0.5,0.617,-0.1,-0.817,-0.7,0.183,0.0,-0.383
38,7,0.4,0.234,-0.6,-1.0,-0.8,0.366,1.0,-0.2
39,4,0.017,0.134,-0.417,0.0,-0.617,0.266,0.617,-0.7
40,4,-0.366,0.034,-0.234,1.0,-0.434,0.166,0.234,-1.0
41,8,-0.183,-0.066,-0.617,0.5,-0.817,0.066,0.417,0.0
42,8,-0.0,-0.166,-1.0,-0.0,-1.0,-0.034,0.6,1.0
43,3,-0.1,0.017,0.0,0.183,-1.0,-0.417,0.1,0.617
44,3,-0.2,0.2,1.0,0.366,-1.0,-0.8,-0.4,0.234
45,5,-0.7,-0.183,0.9,0.549,0.0,-0.617,-0.5,-0.149
46,5,-1.0,-0.566,0.8,0.732,1.0,-0.434,-0.6,-0.532
47,1,0.0,-0.383,0.7,0.349,0.5,-0.817,-0.7,-0.349
48,1,1.0,-0.2,0.6,-0.034,-0.0,-1.0,-0.8,-0.166
49,6,0.617,-0.7,0.217,-0.134,0.183,0.0,-0.617,-0.266
50,6,0.234,-1.0,-0.166,-0.234,0.366,1.0,-0.434,-0.366
51,2,0.417,0.0,0.017,-0.334,-0.017,0.5,-0.817,-0.466
52,2,0.6,1.0,0.2,-0.434,-0.4,-0.0,-1.0,-0.566
53,7,0.5,0.617,-0.3,-0.817,-0.5,0.183,0.0,-0.383
54,7,0.4,0.234,-0.8,-1.0,-0.6,0.366,1.0,-0.2
55,4,0.017,0.134,-0.617,0.0,-0.417,0.266,0.617,-0.7
56,4,-0.366,0.034,-0.434,1.0,-0.234,0.166,0.234,-1.0
57,8,-0.183,-0.066,-0.817,0.5,-0.617,0.066,0.417,0.0
58,8,-0.0,-0.166,-1.0,-0.0,-1.0,-0.034,0.6,1.0
59,3,-0.1,0.017,0.0,0.183,-1.0,-0.417,0.1,0.617
60,3,-0.2,0.2,1.0,0.366,-1.0,-0.8,-0.4,0.234
61,5,-0.7,-0.183,0.9,0.549,0.0,-0.617,-0.5,-0.149
62,5,-1.0,-0.566,0.8,0.732,1.0,-0.434,-0.6,-0.532
63,1,0.0,-0.383,0.7,0.349,0.5,-0.817,-0.7,-0.349
64,1,1.0,-0.2,0.6,-0.034,-0.0,-1.0,-0.8,-0.166
65,6,0.617,-0.7,0.217,-0.134,0.183,0.0,-0.617,-0.266
66,6,0.234,-1.0,-0.166,-0.234,0.366,1.0,-0.434,-0.366
67,2,0.417,0.0,0.017,-0.334,-0.017,0.5,-0.817,-0.466
68,2,0.6,1.0,0.2,-0.434,-0.4,-0.0,-1.0,-0.566
69,7,0.5,0.617,-0.3,-0.817,-0.5,0.183,0.0,-0.383
70,7,0.4,0.234,-0.8,-1.0,-0.6,0.366,1.0,-0.2
71,4,0.017,0.134,-0.617,0.0,-0.417,0.266,0.617,-0.7
72,4,-0.366,0.034,-0.434,1.0,-0.234,0.166,0.234,-1.0
73,8,-0.183,-0.066,-0.817,0.5,-0.617,0.066,0.417,0.0
74,8,-0.0,-0.166,-1.0,-0.0,-1.0,-0.034,0.6,1.0
75,3,-0.1,0.017,0.0,0.183,-1.0,-0.417,0.1,0.617
76,3,-0.2,0.2,1.0,0.366,-1.0,-0.8,-0.4,0.234
77,5,-0.7,-0.183,0.9,0.549,0.0,-0.617,-0.5,-0.149
78,5,-1.0,-0.566,0.8,0.732,1.0,-0.434,-0.6,-0.532
79,1,0.0,-0.383,0.7,0.349,0.5,-0.817,-0.7,-0.349
80,1,1.0,-0.2,0.6,-0.034,-0.0,-1.0,-0.8,-0.166
81,6,0.617,-0.7,0.217,-0.134,0.183,0.0,-0.617,-0.266
82,6,0.234,-1.0,-0.166,-0.234,0.366,1.0,-0.434,-0.366
83,2,0.417,0.0,0.017,-0.334,-0.017,0.5,-0.817,-0.466
84,2,0.6,1.0,0.2,-0.434,-0.4,-0.0,-1.0,-0.566
85,7,0.5,0.617,-0.3,-0.817,-0.5,0.183,0.0,-0.383
86,7,0.4,0.234,-0.8,-1.0,-0.6,0.366,1.0,-0.2
87,4,0.017,0.134,-0.617,0.0,-0.417,0.266,0.617,-0.7
88,4,-0.366,0.034,-0.434,1.0,-0.234,0.166,0.234,-1.0
89,8,-0.183,-0.066,-0.817,0.5,-0.617,0.066,0.417,0.0
90,8,-0.0,-0.166,-1.0,-0.0,-1.0,-0.034,0.6,1.0
91,3,-0.1,0.017,0.0,0.183,-1.0,-0.417,0.1,0.617
92,3,-0.2,0.2,1.0,0.366,-1.0,-0.8,-0.4,0.234
93,5,-0.7,-0.183,0.9,0.549,0.0,-0.617,-0.5,-0.149
94,5,-1.0,-0.566,0.8,0.732,1.0,-0.434,-0.6,-0.532
95,1,0.0,-0.383,0.7,0.349,0.5,-0.817,-0.7,-0.349
96,1,1.0,-0.2,0.6,-0.034,-0.0,-1.0,-0.8,-0.166
97,6,0.617,-0.7,0.217,-0.134,0.183,0.0,-0.617,-0.266
98,6,0.234,-1.0,-0.166,-0.234,0.366,1.0,-0.434,-0.366
99,2,0.417,0.0,0.017,-0.334,-0.017,0.5,-0.817,-0.466
100,2,0.6,1.0,0.2,-0.434,-0.4,-0.0,-1.0,-0.566
101,7,0.5,0.617,-0.3,-0.817,-0.5,0.183,0.0,-0.383
102,7,0.4,0.234,-0.8,-1.0,-0.6,0.366,1.0,-0.2
103,4,0.017,0.134,-0.617,0.0,-0.417,0.266,0.617,-0.7
104,4,-0.366,0.034,-0.434,1.0,-0.234,0.166,0.234,-1.0
105,8,-0.183,-0.066,-0.817,0.5,-0.617,0.066,0.417,0.0
106,8,-0.0,-0.166,-1.0,-0.0,-1.0,-0.034,0.6,1.0
107,5,-0.5,-0.549,-1.0,0.183,0.0,0.149,0.5,0.617
108,5,-1.0,-0.932,-1.0,0.366,1.0,0.332,0.4,0.234
109,1,0.0,-0.749,-1.0,-0.017,0.5,-0.051,0.3,0.417
110,1,1.0,-0.566,-1.0,-0.4,-0.0,-0.434,0.2,0.6
111,3,0.9,-0.383,0.0,-0.217,-0.1,-0.817,-0.3,0.217
112,3,0.8,-0.2,1.0,-0.034,-0.2,-1.0,-0.8,-0.166
113,6,0.417,-0.7,0.617,-0.134,-0.017,0.0,-0.617,-0.266
114,6,0.034,-1.0,0.234,-0.234,0.166,1.0,-0.434,-0.366
115,2,0.217,0.0,0.417,-0.334,-0.217,0.5,-0.817,-0.466
116,2,0.4,1.0,0.6,-0.434,-0.6,-0.0,-1.0,-0.566
117,7,0.3,0.617,0.1,-0.817,-0.7,0.183,0.0,-0.383
118,7,0.2,0.234,-0.4,-1.0,-0.8,0.366,1.0,-0.2
119,4,-0.183,0.134,-0.217,0.0,-0.617,0.266,0.617,-0.7
120,4,-0.566,0.034,-0.034,1.0,-0.434,0.166,0.234,-1.0
121,8,-0.383,-0.066,-0.417,0.5,-0.817,0.066,0.417,0.0
122,8,-0.2,-0.166,-0.8,-0.0,-1.0,-0.034,0.6,1.0
123,5,-0.7,-0.549,-0.9,0.183,0.0,0.149,0.5,0.617
124,5,-1.0,-0.932,-1.0,0.366,1.0,0.332,0.4,0.234
125,3,-1.0,-0.749,0.0,0.549,0.9,-0.051,-0.1,-0.149
126,3,-1.0,-0.566,1.0,0.732,0.8,-0.434,-0.6,-0.532
127,1,0.0,-0.383,0.9,0.349,0.3,-0.817,-0.7,-0.349
128,1,1.0,-0.2,0.8,-0.034,-0.2,-1.0,-0.8,-0.166
129,6,0.617,-0.7,0.417,-0.134,-0.017,0.0,-0.617,-0.266
130,6,0.234,-1.0,0.034,-0.234,0.166,1.0,-0.434,-0.366
131,2,0.417,0.0,0.217,-0.334,-0.217,0.5,-0.817,-0.466
132,2,0.6,1.0,0.4,-0.434,-0.6,-0.0,-1.0,-0.566
133,7,0.5,0.617,-0.1,-0.817,-0.7,0.183,0.0,-0.383
134,7,0.4,0.234,-0.6,-1.0,-0.8,0.366,1.0,-0.2
135,4,0.017,0.134,-0.417,0.0,-0.617,0.266,0.617,-0.7
136,4,-0.366,0.034,-0.234,1.0,-0.434,0.166,0.234,-1.0
137,8,-0.183,-0.066,-0.617,0.5,-0.817,0.066,0.417,0.0
138,8,-0.0,-0.166,-1.0,-0.0,-1.0,-0.034,0.6,1.0
139,5,-0.5,-0.549,-1.0,0.183,0.0,0.149,0.5,0.617
140,5,-1.0,-0.932,-1.0,0.366,1.0,0.332,0.4,0.234
141,1,0.0,-0.749,-1.0,-0.017,0.5,-0.051,0.3,0.417
142,1,1.0,-0.566,-1.0,-0.4,-0.0,-0.434,0.2,0.6
143,3,0.9,-0.383,0.0,-0.217,-0.1,-0.817,-0.3,0.217
144,3,0.8,-0.2,1.0,-0.034,-0.2,-1.0,-0.8,-0.166
145,6,0.417,-0.7,0.617,-0.134,-0.017,0.0,-0.617,-0.266
146,6,0.034,-1.0,0.234,-0.234,0.166,1.0,-0.434,-0.366
147,2,0.217,0.0,0.417,-0.334,-0.217,0.5,-0.817,-0.466
148,2,0.4,1.0,0.6,-0.434,-0.6,-0.0,-1.0,-0.566
149,7,0.3,0.617,0.1,-0.817,-0.7,0.183,0.0,-0.383
150,7,0.2,0.234,-0.4,-1.0,-0.8,0.366,1.0,-0.2
151,4,-0.183,0.134,-0.217,0.0,-0.617,0.266,0.617,-0.7
152,4,-0.566,0.034,-0.034,1.0,-0.434,0.166,0.234,-1.0
153,8,-0.383,-0.066,-0.417,0.5,-0.817,0.066,0.417,0.0
154,8,-0.2,-0.166,-0.8,-0.0,-1.0,-0.034,0.6,1.0
155,5,-0.7,-0.549,-0.9,0.183,0.0,0.149,0.5,0.617
156,5,-1.0,-0.932,-1.0,0.366,1.0,0.332,0.4,0.234
157,3,-1.0,-0.749,0.0,0.549,0.9,-0.051,-0.1,-0.149
158,3,-1.0,-0.566,1.0,0.732,0.8,-0.434,-0.6,-0.532
159,1,0.0,-0.383,0.9,0.349,0.3,-0.817,-0.7,-0.349
160,1,1.0,-0.2,0.8,-0.034,-0.2,-1.0,-0.8,-0.166
161,6,0.617,-0.7,0.417,-0.134,-0.017,0.0,-0.617,-0.266
162,6,0.234,-1.0,0.034,-0.234,0.166,1.0,-0.434,-0.366
163,2,0.417,0.0,0.217,-0.334,-0.217,0.5,-0.817,-0.466
164,2,0.6,1.0,0.4,-0.434,-0.6,-0.0,-1.0,-0.566
165,7,0.5,0.617,-0.1,-0.817,-0.7,0.183,0.0,-0.383
166,7,0.4,0.234,-0.6,-1.0,-0.8,0.366,1.0,-0.2
167,4,0.017,0.134,-0.417,0.0,-0.617,0.266,0.617,-0.7
168,4,-0.366,0.034,-0.234,1.0,-0.434,0.166,0.234,-1.0
169,8,-0.183,-0.066,-0.617,0.5,-0.817,0.066,0.417,0.0
170,8,-0.0,-0.166,-1.0,-0.0,-1.0,-0.034,0.6,1.0
171,5,-0.5,-0.549,-1.0,0.183,0.0,0.149,0.5,0.617
172,5,-1.0,-0.932,-1.0,0.366,1.0,0.332,0.4,0.234
173,3,-1.0,-0.749,0.0,0.549,0.9,-0.051,-0.1,-0.149
174,3,-1.0,-0.566,1.0,0.732,0.8,-0.434,-0.6,-0.532
175,1,0.0,-0.383,0.9,0.349,0.3,-0.817,-0.7,-0.349
176,1,1.0,-0.2,0.8,-0.034,-0.2,-1.0,-0.8,-0.166
177,6,0.617,-0.7,0.417,-0.134,-0.017,0.0,-0.617,-0.266
178,6,0.234,-1.0,0.034,-0.234,0.166,1.0,-0.434,-0.366
179,2,0.417,0.0,0.217,-0.334,-0.217,0.5,-0.817,-0.466
180,2,0.6,1.0,0.4,-0.434,-0.6,-0.0,-1.0,-0.566
181,7,0.5,0.617,-0.1,-0.817,-0.7,0.183,0.0,-0.383
182,7,0.4,0.234,-0.6,-1.0,-0.8,0.366,1.0,-0.2
183,4,0.017,0.134,-0.417,0.0,-0.617,0.266,0.617,-0.7
184,4,-0.366,0.034,-0.234,1.0,-0.434,0.166,0.234,-1.0
185,8,-0.183,-0.066,-0.617,0.5,-0.817,0.066,0.417,0.0
186,8,-0.0,-0.166,-1.0,-0.0,-1.0,-0.034,0.6,1.0
187,3,-0.1,0.017,0.0,0.183,-1.0,-0.417,0.1,0.617
188,3,-0.2,0.2,1.0,0.366,-1.0,-0.8,-0.4,0.234
189,5,-0.7,-0.183,0.9,0.549,0.0,-0.617,-0.5,-0.149
190,5,-1.0,-0.566,0.8,0.732,1.0,-0.434,-0.6,-0.532
191,1,0.0,-0.383,0.7,0.349,0.5,-0.817,-0.7,-0.349
192,1,1.0,-0.2,0.6,-0.034,-0.0,-1.0,-0.8,-0.166
193,6,0.617,-0.7,0.217,-0.134,0.183,0.0,-0.617,-0.266
194,6,0.234,-1.0,-0.166,-0.234,0.366,1.0,-0.434,-0.366
195,2,0.417,0.0,0.017,-0.334,-0.017,0.5,-0.817,-0.466
196,2,0.6,1.0,0.2,-0.434,-0.4,-0.0,-1.0,-0.566
197,7,0.5,0.617,-0.3,-0.817,-0.5,0.183,0.0,-0.383
198,7,0.4,0.234,-0.8,-1.0,-0.6,0.366,1.0,-0.2
199,4,0.017,0.134,-0.617,0.0,-0.417,0.266,0.617,-0.7
200,4,-0.366,0.034,-0.434,1.0,-0.234,0.166,0.234,-1.0
201,8,-0.183,-0.066,-0.817,0.5,-0.617,0.066,0.417,0.0
202,8,-0.0,-0.166,-1.0,-0.0,-1.0,-0.034,0.6,1.0
203,5,-0.5,-0.549,-1.0,0.183,0.0,0.149,0.5,0.617
204,5,-1.0,-0.932,-1.0,0.366,1.0,0.332,0.4,0.234
205,3,-1.0,-0.749,0.0,0.549,0.9,-0.051,-0.1,-0.149
206,3,-1.0,-0.566,1.0,0.732,0.8,-0.434,-0.6,-0.532
207,1,0.0,-0.383,0.9,0.349,0.3,-0.817,-0.7,-0.349
208,1,1.0,-0.2,0.8,-0.034,-0.2,-1.0,-0.8,-0.166
209,6,0.617,-0.7,0.417,-0.134,-0.017,0.0,-0.617,-0.266
210,6,0.234,-1.0,0.034,-0.234,0.166,1.0,-0.434,-0.366
211,2,0.417,0.0,0.217,-0.334,-0.217,0.5,-0.817,-0.466
212,2,0.6,1.0,0.4,-0.434,-0.6,-0.0,-1.0,-0.566
213,7,0.5,0.617,-0.1,-0.817,-0.7,0.183,0.0,-0.383
214,7,0.4,0.234,-0.6,-1.0,-0.8,0.366,1.0,-0.2
215,4,0.017,0.134,-0.417,0.0,-0.617,0.266,0.617,-0.7
216,4,-0.366,0.034,-0.234,1.0,-0.434,0.166,0.234,-1.0
217,8,-0.183,-0.066,-0.617,0.5,-0.817,0.066,0.417,0.0
218,8,-0.0,-0.166,-1.0,-0.0,-1.0,-0.034,0.6,1.0
219,5,-0.5,-0.549,-1.0,0.183,0.0,0.149,0.5,0.617
220,5,-1.0,-0.932,-1.0,0.366,1.0,0.332,0.4,0.234
221,1,0.0,-0.749,-1.0,-0.017,0.5,-0.051,0.3,0.417
222,1,1.0,-0.566,-1.0,-0.4,-0.0,-0.434,0.2,0.6
223,3,0.9,-0.383,0.0,-0.217,-0.1,-0.817,-0.3,0.217
224,3,0.8,-0.2,1.0,-0.034,-0.2,-1.0,-0.8,-0.166
225,6,0.417,-0.7,0.617,-0.134,-0.017,0.0,-0.617,-0.266
226,6,0.034,-1.0,0.234,-0.234,0.166,1.0,-0.434,-0.366
227,2,0.217,0.0,0.417,-0.334,-0.217,0.5,-0.817,-0.466
228,2,0.4,1.0,0.6,-0.434,-0.6,-0.0,-1.0,-0.566
229,7,0.3,0.617,0.1,-0.817,-0.7,0.183,0.0,-0.383
230,7,0.2,0.234,-0.4,-1.0,-0.8,0.366,1.0,-0.2
231,4,-0.183,0.134,-0.217,0.0,-0.617,0.266,0.617,-0.7
232,4,-0.566,0.034,-0.034,1.0,-0.434,0.166,0.234,-1.0
233,8,-0.383,-0.066,-0.417,0.5,-0.817,0.066,0.417,0.0
234,8,-0.2,-0.166,-0.8,-0.0,-1.0,-0.034,0.6,1.0
235,5,-0.7,-0.549,-0.9,0.183,0.0,0.149,0.5,0.617
236,5,-1.0,-0.932,-1.0,0.366,1.0,0.332,0.4,0.234
237,3,-1.0,-0.749,0.0,0.549,0.9,-0.051,-0.1,-0.149
238,3,-1.0,-0.566,1.0,0.732,0.8,-0.434,-0.6,-0.532
239,1,0.0,-0.383,0.9,0.349,0.3,-0.817,-0.7,-0.349
240,1,1.0,-0.2,0.8,-0.034,-0.2,-1.0,-0.8,-0.166
241,6,0.617,-0.7,0.417,-0.134,-0.017,0.0,-0.617,-0.266
242,6,0.234,-1.0,0.034,-0.234,0.166,1.0,-0.434,-0.366
243,2,0.417,0.0,0.217,-0.334,-0.217,0.5,-0.817,-0.466
244,2,0.6,1.0,0.4,-0.434,-0.6,-0.0,-1.0,-0.566
245,7,0.5,0.617,-0.1,-0.817,-0.7,0.183,0.0,-0.383
246,7,0.4,0.234,-0.6,-1.0,-0.8,0.366,1.0,-0.2
247,4,0.017,0.134,-0.417,0.0,-0.617,0.266,0.617,-0.7
248,4,-0.366,0.034,-0.234,1.0,-0.434,0.166,0.234,-1.0
249,8,-0.183,-0.066,-0.617,0.5,-0.817,0.066,0.417,0.0
250,8,-0.0,-0.166,-1.0,-0.0,-1.0,-0.034,0.6,1.0
251,3,-0.1,0.017,0.0,0.183,-1.0,-0.417,0.1,0.617
252,3,-0.2,0.2,1.0,0.366,-1.0,-0.8,-0.4,0.234
253,5,-0.7,-0.183,0.9,0.549,0.0,-0.617,-0.5,-0.149
254,5,-1.0,-0.566,0.8,0.732,1.0,-0.434,-0.6,-0.532
255,1,0.0,-0.383,0.7,0.349,0.5,-0.817,-0.7,-0.349
256,1,1.0,-0.2,0.6,-0.034,-0.0,-1.0,-0.8,-0.166
257,6,0.617,-0.7,0.217,-0.134,0.183,0.0,-0.617,-0.266
258,6,0.234,-1.0,-0.166,-0.234,0.366,1.0,-0.434,-0.366
259,2,0.417,0.0,0.017,-0.334,-0.017,0.5,-0.817,-0.466
260,2,0.6,1.0,0.2,-0.434,-0.4,-0.0,-1.0,-0.566
261,7,0.5,0.617,-0.3,-0.817,-0.5,0.183,0.0,-0.383
262,7,0.4,0.234,-0.8,-1.0,-0.6,0.366,1.0,-0.2
263,4,0.017,0.134,-0.617,0.0,-0.417,0.266,0.617,-0.7
264,4,-0.366,0.034,-0.434,1.0,-0.234,0.166,0.234,-1.0
265,8,-0.183,-0.066,-0.817,0.5,-0.617,0.066,0.417,0.0
266,8,-0.0,-0.166,-1.0,-0.0,-1.0,-0.034,0.6,1.0
267,3,-0.1,0.017,0.0,0.183,-1.0,-0.417,0.1,0.617
268,3,-0.2,0.2,1.0,0.366,-1.0,-0.8,-0.4,0.234
269,5,-0.7,-0.183,0.9,0.549,0.0,-0.617,-0.5,-0.149
270,5,-1.0,-0.566,0.8,0.732,1.0,-0.434,-0.6,-0.532
271,1,0.0,-0.383,0.7,0.349,0.5,-0.817,-0.7,-0.349
272,1,1.0,-0.2,0.6,-0.034,-0.0,-1.0,-0.8,-0.166
273,6,0.617,-0.7,0.217,-0.134,0.183,0.0,-0.617,-0.266
274,6,0.234,-1.0,-0.166,-0.234,0.366,1.0,-0.434,-0.366
275,2,0.417,0.0,0.017,-0.334,-0.017,0.5,-0.817,-0.466
276,2,0.6,1.0,0.2,-0.434,-0.4,-0.0,-1.0,-0.566
277,7,0.5,0.617,-0.3,-0.817,-0.5,0.183,0.0,-0.383
278,7,0.4,0.234,-0.8,-1.0,-0.6,0.366,1.0,-0.2
279,4,0.017,0.134,-0.617,0.0,-0.417,0.266,0.617,-0.7
280,4,-0.366,0.034,-0.434,1.0,-0.234,0.166,0.234,-1.0
281,8,-0.183,-0.066,-0.817,0.5,-0.617,0.066,0.417,0.0
282,8,-0.0,-0.166,-1.0,-0.0,-1.0,-0.034,0.6,1.0
283,3,-0.1,0.017,0.0,0.183,-1.0,-0.417,0.1,0.617
284,3,-0.2,0.2,1.0,0.366,-1.0,-0.8,-0.4,0.234
285,5,-0.7,-0.183,0.9,0.549,0.0,-0.617,-0.5,-0.149
286,5,-1.0,-0.566,0.8,0.732,1.0,-0.434,-0.6,-0.532
287,1,0.0,-0.383,0.7,0.349,0.5,-0.817,-0.7,-0.349
288,1,1.0,-0.2,0.6,-0.034,-0.0,-1.0,-0.8,-0.166
289,6,0.617,-0.7,0.217,-0.134,0.183,0.0,-0.617,-0.266
290,6,0.234,-1.0,-0.166,-0.234,0.366,1.0,-0.434,-0.366
291,2,0.417,0.0,0.017,-0.334,-0.017,0.5,-0.817,-0.466
292,2,0.6,1.0,0.2,-0.434,-0.4,-0.0,-1.0,-0.566
293,7,0.5,0.617,-0.3,-0.817,-0.5,0.183,0.0,-0.383
294,7,0.4,0.234,-0.8,-1.0,-0.6,0.366,1.0,-0.2
295,4,0.017,0.134,-0.617,0.0,-0.417,0.266,0.617,-0.7
296,4,-0.366,0.034,-0.434,1.0,-0.234,0.166,0.234,-1.0
297,8,-0.183,-0.066,-0.817,0.5,-0.617,0.066,0.417,0.0
298,8,-0.0,-0.166,-1.0,-0.0,-1.0,-0.034,0.6,1.0
299,3,-0.1,0.017,0.0,0.183,-1.0,-0.417,0.1,0.617
300,3,-0.2,0.2,1.0,0.366,-1.0,-0.8,-0.4,0.234
301,5,-0.7,-0.183,0.9,0.549,0.0,-0.617,-0.5,-0.149
302,5,-1.0,-0.566,0.8,0.732,1.0,-0.434,-0.6,-0.532
303,1,0.0,-0.383,0.7,0.349,0.5,-0.817,-0.7,-0.349
304,1,1.0,-0.2,0.6,-0.034,-0.0,-1.0,-0.8,-0.166
305,6,0.617,-0.7,0.217,-0.134,0.183,0.0,-0.617,-0.266
306,6,0.234,-1.0,-0.166,-0.234,0.366,1.0,-0.434,-0.366
307,2,0.417,0.0,0.017,-0.334,-0.017,0.5,-0.817,-0.466
308,2,0.6,1.0,0.2,-0.434,-0.4,-0.0,-1.0,-0.566
309,7,0.5,0.617,-0.3,-0.817,-0.5,0.183,0.0,-0.383
310,7,0.4,0.234,-0.8,-1.0,-0.6,0.366,1.0,-0.2
311,4,0.017,0.134,-0.617,0.0,-0.417,0.266,0.617,-0.7
312,4,-0.366,0.034,-0.434,1.0,-0.234,0.166,0.234,-1.0
313,8,-0.183,-0.066,-0.817,0.5,-0.617,0.066,0.417,0.0
314,8,-0.0,-0.166,-1.0,-0.0,-1.0,-0.034,0.6,1.0
315,3,-0.1,0.017,0.0,0.183,-1.0,-0.417,0.1,0.617
316,3,-0.2,0.2,1.0,0.366,-1.0,-0.8,-0.4,0.234
317,5,-0.7,-0.183,0.9,0.549,0.0,-0.617,-0.5,-0.149
318,5,-1.0,-0.566,0.8,0.732,1.0,-0.434,-0.6,-0.532
319,1,0.0,-0.383,0.7,0.349,0.5,-0.817,-0.7,-0.349
320,1,1.0,-0.2,0.6,-0.034,-0.0,-1.0,-0.8,-0.166
321,6,0.617,-0.7,0.217,-0.134,0.183,0.0,-0.617,-0.266
322,6,0.234,-1.0,-0.166,-0.234,0.366,1.0,-0.434,-0.366
323,2,0.417,0.0,0.017,-0.334,-0.017,0.5,-0.817,-0.466
324,2,0.6,1.0,0.2,-0.434,-0.4,-0.0,-1.0,-0.566
325,7,0.5,0.617,-0.3,-0.817,-0.5,0.183,0.0,-0.383
326,7,0.4,0.234,-0.8,-1.0,-0.6,0.366,1.0,-0.2
327,4,0.017,0.134,-0.617,0.0,-0.417,0.266,0.617,-0.7
328,4,-0.366,0.034,-0.434,1.0,-0.234,0.166,0.234,-1.0
329,8,-0.183,-0.066,-0.817,0.5,-0.617,0.066,0.417,0.0
330,8,-0.0,-0.166,-1.0,-0.0,-1.0,-0.034,0.6,1.0
331,3,-0.1,0.017,0.0,0.183,-1.0,-0.417,0.1,0.617
332,3,-0.2,0.2,1.0,0.366,-1.0,-0.8,-0.4,0.234
333,5,-0.7,-0.183,0.9,0.549,0.0,-0.617,-0.5,-0.149
334,5,-1.0,-0.566,0.8,0.732,1.0,-0.434,-0.6,-0.532
335,1,0.0,-0.383,0.7,0.349,0.5,-0.817,-0.7,-0.349
336,1,1.0,-0.2,0.6,-0.034,-0.0,-1.0,-0.8,-0.166
337,6,0.617,-0.7,0.217,-0.134,0.183,0.0,-0.617,-0.266
338,6,0.234,-1.0,-0.166,-0.234,0.366,1.0,-0.434,-0.366
339,2,0.417,0.0,0.017,-0.334,-0.017,0.5,-0.817,-0.466
340,2,0.6,1.0,0.2,-0.434,-0.4,-0.0,-1.0,-0.566
341,7,0.5,0.617,-0.3,-0.817,-0.5,0.183,0.0,-0.383
342,7,0.4,0.234,-0.8,-1.0,-0.6,0.366,1.0,-0.2
343,4,0.017,0.134,-0.617,0.0,-0.417,0.266,0.617,-0.7
344,4,-0.366,0.034,-0.434,1.0,-0.234,0.166,0.234,-1.0
345,8,-0.183,-0.066,-0.817,0.5,-0.617,0.066,0.417,0.0
346,8,-0.0,-0.166,-1.0,-0.0,-1.0,-0.034,0.6,1.0
347,5,-0.5,-0.549,-1.0,0.183,0.0,0.149,0.5,0.617
348,5,-1.0,-0.932,-1.0,0.366,1.0,0.332,0.4,0.234
349,1,0.0,-0.749,-1.0,-0.017,0.5,-0.051,0.3,0.417
350,1,1.0,-0.566,-1.0,-0.4,-0.0,-0.434,0.2,0.6
351,3,0.9,-0.383,0.0,-0.217,-0.1,-0.817,-0.3,0.217
352,3,0.8,-0.2,1.0,-0.034,-0.2,-1.0,-0.8,-0.166
353,6,0.417,-0.7,0.617,-0.134,-0.017,0.0,-0.617,-0.266
354,6,0.034,-1.0,0.234,-0.234,0.166,1.0,-0.434,-0.366
355,2,0.217,0.0,0.417,-0.334,-0.217,0.5,-0.817,-0.466
356,2,0.4,1.0,0.6,-0.434,-0.6,-0.0,-1.0,-0.566
357,7,0.3,0.617,0.1,-0.817,-0.7,0.183,0.0,-0.383
358,7,0.2,0.234,-0.4,-1.0,-0.8,0.366,1.0,-0.2
359,4,-0.183,0.134,-0.217,0.0,-0.617,0.266,0.617,-0.7
360,4,-0.566,0.034,-0.034,1.0,-0.434,0.166,0.234,-1.0
361,8,-0.383,-0.066,-0.417,0.5,-0.817,0.066,0.417,0.0
362,8,-0.2,-0.166,-0.8,-0.0,-1.0,-0.034,0.6,1.0
363,5,-0.7,-0.549,-0.9,0.183,0.0,0.149,0.5,0.617
364,5,-1.0,-0.932,-1.0,0.366,1.0,0.332,0.4,0.234
365,3,-1.0,-0.749,0.0,0.549,0.9,-0.051,-0.1,-0.149
366,3,-1.0,-0.566,1.0,0.732,0.8,-0.434,-0.6,-0.532
367,1,0.0,-0.383,0.9,0.349,0.3,-0.817,-0.7,-0.349
368,1,1.0,-0.2,0.8,-0.034,-0.2,-1.0,-0.8,-0.166
369,6,0.617,-0.7,0.417,-0.134,-0.017,0.0,-0.617,-0.266
370,6,0.234,-1.0,0.034,-0.234,0.166,1.0,-0.434,-0.366
371,2,0.417,0.0,0.217,-0.334,-0.217,0.5,-0.817,-0.466
372,2,0.6,1.0,0.4,-0.434,-0.6,-0.0,-1.0,-0.566
373,7,0.5,0.617,-0.1,-0.817,-0.7,0.183,0.0,-0.383
374,7,0.4,0.234,-0.6,-1.0,-0.8,0.366,1.0,-0.2
375,4,0.017,0.134,-0.417,0.0,-0.617,0.266,0.617,-0.7
376,4,-0.366,0.034,-0.234,1.0,-0.434,0.166,0.234,-1.0
377,8,-0.183,-0.066,-0.617,0.5,-0.817,0.066,0.417,0.0
378,8,-0.0,-0.166,-1.0,-0.0,-1.0,-0.034,0.6,1.0
379,5,-0.5,-0.549,-1.0,0.183,0.0,0.149,0.5,0.617
380,5,-1.0,-0.932,-1.0,0.366,1.0,0.332,0.4,0.234
381,1,0.0,-0.749,-1.0,-0.017,0.5,-0.051,0.3,0.417
382,1,1.0,-0.566,-1.0,-0.4,-0.0,-0.434,0.2,0.6
383,3,0.9,-0.383,0.0,-0.217,-0.1,-0.817,-0.3,0.217
384,3,0.8,-0.2,1.0,-0.034,-0.2,-1.0,-0.8,-0.166
385,6,0.417,-0.7,0.617,-0.134,-0.017,0.0,-0.617,-0.266
386,6,0.034,-1.0,0.234,-0.234,0.166,1.0,-0.434,-0.366
387,2,0.217,0.0,0.417,-0.334,-0.217,0.5,-0.817,-0.466
388,2,0.4,1.0,0.6,-0.434,-0.6,-0.0,-1.0,-0.566
389,7,0.3,0.617,0.1,-0.817,-0.7,0.183,0.0,-0.383
390,7,0.2,0.234,-0.4,-1.0,-0.8,0.366,1.0,-0.2
391,4,-0.183,0.134,-0.217,0.0,-0.617,0.266,0.617,-0.7
392,4,-0.566,0.034,-0.034,1.0,-0.434,0.166,0.234,-1.0
393,8,-0.383,-0.066,-0.417,0.5,-0.817,0.066,0.417,0.0
394,8,-0.2,-0.166,-0.8,-0.0,-1.0,-0.034,0.6,1.0
395,5,-0.7,-0.549,-0.9,0.183,0.0,0.149,0.5,0.617
396,5,-1.0,-0.932,-1.0,0.366,1.0,0.332,0.4,0.234
397,3,-1.0,-0.749,0.0,0.549,0.9,-0.051,-0.1,-0.149
398,3,-1.0,-0.566,1.0,0.732,0.8,-0.434,-0.6,-0.532
399,1,0.0,-0.383,0.9,0.349,0.3,-0.817,-0.7,-0.349
400,1,1.0,-0.2,0.8,-0.034,-0.2,-1.0,-0.8,-0.166
401,6,0.617,-0.7,0.417,-0.134,-0.017,0.0,-0.617,-0.266
402,6,0.234,-1.0,0.034,-0.234,0.166,1.0,-0.434,-0.366
403,2,0.417,0.0,0.217,-0.334,-0.217,0.5,-0.817,-0.466
404,2,0.6,1.0,0.4,-0.434,-0.6,-0.0,-1.0,-0.566
405,7,0.5,0.617,-0.1,-0.817,-0.7,0.183,0.0,-0.383
406,7,0.4,0.234,-0.6,-1.0,-0.8,0.366,1.0,-0.2
407,4,0.017,0.134,-0.417,0.0,-0.617,0.266,0.617,-0.7
408,4,-0.366,0.034,-0.234,1.0,-0.434,0.166,0.234,-1.0
409,8,-0.183,-0.066,-0.617,0.5,-0.817,0.066,0.417,0.0
410,8,-0.0,-0.166,-1.0,-0.0,-1.0,-0.034,0.6,1.0
411,5,-0.5,-0.549,-1.0,0.183,0.0,0.149,0.5,0.617
412,5,-1.0,-0.932,-1.0,0.366,1.0,0.332,0.4,0.234
413,3,-1.0,-0.749,0.0,0.549,0.9,-0.051,-0.1,-0.149
414,3,-1.0,-0.566,1.0,0.732,0.8,-0.434,-0.6,-0.532
415,1,0.0,-0.383,0.9,0.349,0.3,-0.817,-0.7,-0.349
416,1,1.0,-0.2,0.8,-0.034,-0.2,-1.0,-0.8,-0.166
417,6,0.617,-0.7,0.417,-0.134,-0.017,0.0,-0.617,-0.266
418,6,0.234,-1.0,0.034,-0.234,0.166,1.0,-0.434,-0.366
419,2,0.417,0.0,0.217,-0.334,-0.217,0.5,-0.817,-0.466
420,2,0.6,1.0,0.4,-0.434,-0.6,-0.0,-1.0,-0.566
421,7,0.5,0.617,-0.1,-0.817,-0.7,0.183,0.0,-0.383
422,7,0.4,0.234,-0.6,-1.0,-0.8,0.366,1.0,-0.2
423,4,0.017,0.134,-0.417,0.0,-0.617,0.266,0.617,-0.7
424,4,-0.366,0.034,-0.234,1.0,-0.434,0.166,0.234,-1.0
425,8,-0.183,-0.066,-0.617,0.5,-0.817,0.066,0.417,0.0
426,8,-0.0,-0.166,-1.0,-0.0,-1.0,-0.034,0.6,1.0
427,5,-0.5,-0.549,-1.0,0.183,0.0,0.149,0.5,0.617
428,5,-1.0,-0.932,-1.0,0.366,1.0,0.332,0.4,0.234
429,1,0.0,-0.749,-1.0,-0.017,0.5,-0.051,0.3,0.417
430,1,1.0,-0.566,-1.0,-0.4,-0.0,-0.434,0.2,0.6
431,3,0.9,-0.383,0.0,-0.217,-0.1,-0.817,-0.3,0.217
432,3,0.8,-0.2,1.0,-0.034,-0.2,-1.0,-0.8,-0.166
433,6,0.417,-0.7,0.617,-0.134,-0.017,0.0,-0.617,-0.266
434,6,0.034,-1.0,0.234,-0.234,0.166,1.0,-0.434,-0.366
435,2,0.217,0.0,0.417,-0.334,-0.217,0.5,-0.817,-0.466
436,2,0.4,1.0,0.6,-0.434,-0.6,-0.0,-1.0,-0.566
437,7,0.3,0.617,0.1,-0.817,-0.7,0.183,0.0,-0.383
438,7,0.2,0.234,-0.4,-1.0,-0.8,0.366,1.0,-0.2
439,4,-0.183,0.134,-0.217,0.0,-0.617,0.266,0.617,-0.7
440,4,-0.566,0.034,-0.034,1.0,-0.434,0.166,0.234,-1.0
441,8,-0.383,-0.066,-0.417,0.5,-0.817,0.066,0.417,0.0
442,8,-0.2,-0.166,-0.8,-0.0,-1.0,-0.034,0.6,1.0
443,5,-0.7,-0.549,-0.9,0.183,0.0,0.149,0.5,0.617
444,5,-1.0,-0.932,-1.0,0.366,1.0,0.332,0.4,0.234
445,3,-1.0,-0.749,0.0,0.549,0.9,-0.051,-0.1,-0.149
446,3,-1.0,-0.566,1.0,0.732,0.8,-0.434,-0.6,-0.532
447,1,0.0,-0.383,0.9,0.349,0.3,-0.817,-0.7,-0.349
448,1,1.0,-0.2,0.8,-0.034,-0.2,-1.0,-0.8,-0.166
449,6,0.617,-0.7,0.417,-0.134,-0.017,0.0,-0.617,-0.266
450,6,0.234,-1.0,0.034,-0.234,0.166,1.0,-0.434,-0.366
451,2,0.417,0.0,0.217,-0.334,-0.217,0.5,-0.817,-0.466
452,2,0.6,1.0,0.4,-0.434,-0.6,-0.0,-1.0,-0.566
453,7,0.5,0.617,-0.1,-0.817,-0.7,0.183,0.0,-0.383
454,7,0.4,0.234,-0.6,-1.0,-0.8,0.366,1.0,-0.2
455,4,0.017,0.134,-0.417,0.0,-0.617,0.266,0.617,-0.7
456,4,-0.366,0.034,-0.234,1.0,-0.434,0.166,0.234,-1.0
457,8,-0.183,-0.066,-0.617,0.5,-0.817,0.066,0.417,0.0
458,8,-0.0,-0.166,-1.0,-0.0,-1.0,-0.034,0.6,1.0
459,3,-0.1,0.017,0.0,0.183,-1.0,-0.417,0.1,0.617
460,3,-0.2,0.2,1.0,0.366,-1.0,-0.8,-0.4,0.234
461,5,-0.7,-0.183,0.9,0.549,0.0,-0.617,-0.5,-0.149
462,5,-1.0,-0.566,0.8,0.732,1.0,-0.434,-0.6,-0.532
463,1,0.0,-0.383,0.7,0.349,0.5,-0.817,-0.7,-0.349
464,1,1.0,-0.2,0.6,-0.034,-0.0,-1.0,-0.8,-0.166
465,6,0.617,-0.7,0.217,-0.134,0.183,0.0,-0.617,-0.266
466,6,0.234,-1.0,-0.166,-0.234,0.366,1.0,-0.434,-0.366
467,2,0.417,0.0,0.017,-0.334,-0.017,0.5,-0.817,-0.466
468,2,0.6,1.0,0.2,-0.434,-0.4,-0.0,-1.0,-0.566
469,7,0.5,0.617,-0.3,-0.817,-0.5,0.183,0.0,-0.383
470,7,0.4,0.234,-0.8,-1.0,-0.6,0.366,1.0,-0.2
471,4,0.017,0.134,-0.617,0.0,-0.417,0.266,0.617,-0.7
472,4,-0.366,0.034,-0.434,1.0,-0.234,0.166,0.234,-1.0
473,8,-0.183,-0.066,-0.817,0.5,-0.617,0.066,0.417,0.0
474,8,-0.0,-0.166,-1.0,-0.0,-1.0,-0.034,0.6,1.0
475,5,-0.5,-0.549,-1.0,0.183,0.0,0.149,0.5,0.617
476,5,-1.0,-0.932,-1.0,0.366,1.0,0.332,0.4,0.234
477,3,-1.0,-0.749,0.0,0.549,0.9,-0.051,-0.1,-0.149
478,3,-1.0,-0.566,1.0,0.732,0.8,-0.434,-0.6,-0.532
479,1,0.0,-0.383,0.9,0.349,0.3,-0.817,-0.7,-0.349
480,1,1.0,-0.2,0.8,-0.034,-0.2,-1.0,-0.8,-0.166
481,6,0.617,-0.7,0.417,-0.134,-0.017,0.0,-0.617,-0.266
482,6,0.234,-1.0,0.034,-0.234,0.166,1.0,-0.434,-0.366
483,2,0.417,0.0,0.217,-0.334,-0.217,0.5,-0.817,-0.466
484,2,0.6,1.0,0.4,-0.434,-0.6,-0.0,-1.0,-0.566
485,7,0.5,0.617,-0.1,-0.817,-0.7,0.183,0.0,-0.383
486,7,0.4,0.234,-0.6,-1.0,-0.8,0.366,1.0,-0.2
487,4,0.017,0.134,-0.417,0.0,-0.617,0.266,0.617,-0.7
488,4,-0.366,0.034,-0.234,1.0,-0.434,0.166,0.234,-1.0
489,8,-0.183,-0.066,-0.617,0.5,-0.817,0.066,0.417,0.0
490,8,-0.0,-0.166,-1.0,-0.0,-1.0,-0.034,0.6,1.0
491,3,-0.1,0.017,0.0,0.183,-1.0,-0.417,0.1,0.617
492,3,-0.2,0.2,1.0,0.366,-1.0,-0.8,-0.4,0.234
493,5,-0.7,-0.183,0.9,0.549,0.0,-0.617,-0.5,-0.149
494,5,-1.0,-0.566,0.8,0.732,1.0,-0.434,-0.6,-0.532
495,1,0.0,-0.383,0.7,0.349,0.5,-0.817,-0.7,-0.349
496,1,1.0,-0.2,0.6,-0.034,-0.0,-1.0,-0.8,-0.166
497,6,0.617,-0.7,0.217,-0.134,0.183,0.0,-0.617,-0.266
498,6,0.234,-1.0,-0.166,-0.234,0.366,1.0,-0.434,-0.366
499,2,0.417,0.0,0.017,-0.334,-0.017,0.5,-0.817,-0.466
