step,active_motive,motive_1,motive_2,motive_3,motive_4,motive_5,motive_6,motive_7,motive_8
0,,-0.25092,0.90143,0.46399,0.19732,-0.68796,-0.68801,-0.88383,0.73235
1,7,-0.27592,0.89075,0.46399,0.197,-0.69796,-0.71333,1.0,0.69667
2,6,-0.30792,0.87307,0.45699,0.18968,-0.71596,1.0,0.957,0.65399
3,5,-0.33292,0.86239,0.45699,0.18936,1.0,0.81768,0.922,0.61831
4,1,1.0,0.88771,0.49199,0.22504,1.0,0.82836,0.922,0.61863
5,,0.925,0.82003,0.44199,0.19272,0.975,0.79604,0.872,0.55095
6,,0.85,0.75235,0.39199,0.1604,0.95,0.76372,0.822,0.48327
7,,0.775,0.68467,0.34199,0.12808,0.925,0.7314,0.772,0.41559
8,,0.7,0.61699,0.29199,0.09576,0.9,0.69908,0.722,0.34791
9,,0.625,0.54931,0.24199,0.06344,0.875,0.66676,0.672,0.28023
10,,0.55,0.48163,0.19199,0.03112,0.85,0.63444,0.622,0.21255
11,,0.475,0.41395,0.14199,-0.0012,0.825,0.60212,0.572,0.14487
12,4,0.468,0.42127,0.15999,1.0,0.832,0.5948,0.554,0.12719
13,,0.393,0.35359,0.10999,0.96768,0.807,0.56248,0.504,0.05951
14,,0.318,0.28591,0.05999,0.93536,0.782,0.53016,0.454,-0.00817
15,8,0.311,0.29323,0.07799,0.95304,0.789,0.52284,0.436,1.0
16,,0.236,0.22555,0.02799,0.92072,0.764,0.49052,0.386,0.93232
17,,0.161,0.15787,-0.02201,0.8884,0.739,0.4582,0.336,0.86464
18,3,0.171,0.18319,1.0,0.92408,0.764,0.46888,0.336,0.86496
19,,0.096,0.11551,0.95,0.89176,0.739,0.43656,0.286,0.79728
20,,0.021,0.04783,0.9,0.85944,0.714,0.40424,0.236,0.7296
21,,-0.054,-0.01985,0.85,0.82712,0.689,0.37192,0.186,0.66192
22,1,1.0,0.00547,0.885,0.8628,0.714,0.3826,0.186,0.66224
23,,0.925,-0.06221,0.835,0.83048,0.689,0.35028,0.136,0.59456
24,2,0.943,1.0,0.878,0.87316,0.721,0.36796,0.143,0.60188
25,,0.868,0.93232,0.828,0.84084,0.696,0.33564,0.093,0.5342
26,,0.793,0.86464,0.778,0.80852,0.671,0.30332,0.043,0.46652
27,,0.718,0.79696,0.728,0.7762,0.646,0.271,-0.007,0.39884
28,7,0.693,0.78628,0.728,0.77588,0.636,0.24568,1.0,0.36316
29,,0.618,0.7186,0.678,0.74356,0.611,0.21336,0.95,0.29548
30,,0.543,0.65092,0.628,0.71124,0.586,0.18104,0.9,0.2278
31,,0.468,0.58324,0.578,0.67892,0.561,0.14872,0.85,0.16012
32,,0.393,0.51556,0.528,0.6466,0.536,0.1164,0.8,0.09244
33,,0.318,0.44788,0.478,0.61428,0.511,0.08408,0.75,0.02476
34,,0.243,0.3802,0.428,0.58196,0.486,0.05176,0.7,-0.04292
35,8,0.236,0.38752,0.446,0.59964,0.493,0.04444,0.682,1.0
36,,0.161,0.31984,0.396,0.56732,0.468,0.01212,0.632,0.93232
37,,0.086,0.25216,0.346,0.535,0.443,-0.0202,0.582,0.86464
38,6,0.054,0.23448,0.339,0.52768,0.425,1.0,0.539,0.82196
39,,-0.021,0.1668,0.289,0.49536,0.4,0.96768,0.489,0.75428
40,1,1.0,0.19212,0.324,0.53104,0.425,0.97836,0.489,0.7546
41,,0.925,0.12444,0.274,0.49872,0.4,0.94604,0.439,0.68692
42,,0.85,0.05676,0.224,0.4664,0.375,0.91372,0.389,0.61924
43,,0.775,-0.01092,0.174,0.43408,0.35,0.8814,0.339,0.55156
44,2,0.793,1.0,0.217,0.47676,0.382,0.89908,0.346,0.55888
45,,0.718,0.93232,0.167,0.44444,0.357,0.86676,0.296,0.4912
46,,0.643,0.86464,0.117,0.41212,0.332,0.83444,0.246,0.42352
47,,0.568,0.79696,0.067,0.3798,0.307,0.80212,0.196,0.35584
48,,0.493,0.72928,0.017,0.34748,0.282,0.7698,0.146,0.28816
49,,0.418,0.6616,-0.033,0.31516,0.257,0.73748,0.096,0.22048
50,3,0.428,0.68692,1.0,0.35084,0.282,0.74816,0.096,0.2208
51,,0.353,0.61924,0.95,0.31852,0.257,0.71584,0.046,0.15312
52,,0.278,0.55156,0.9,0.2862,0.232,0.68352,-0.004,0.08544
53,7,0.253,0.54088,0.9,0.28588,0.222,0.6582,1.0,0.04976
54,,0.178,0.4732,0.85,0.25356,0.197,0.62588,0.95,-0.01792
55,8,0.171,0.48052,0.868,0.27124,0.204,0.61856,0.932,1.0
56,,0.096,0.41284,0.818,0.23892,0.179,0.58624,0.882,0.93232
57,,0.021,0.34516,0.768,0.2066,0.154,0.55392,0.832,0.86464
58,,-0.054,0.27748,0.718,0.17428,0.129,0.5216,0.782,0.79696
59,1,1.0,0.3028,0.753,0.20996,0.154,0.53228,0.782,0.79728
60,,0.925,0.23512,0.703,0.17764,0.129,0.49996,0.732,0.7296
61,,0.85,0.16744,0.653,0.14532,0.104,0.46764,0.682,0.66192
62,,0.775,0.09976,0.603,0.113,0.079,0.43532,0.632,0.59424
63,,0.7,0.03208,0.553,0.08068,0.054,0.403,0.582,0.52656
64,,0.625,-0.0356,0.503,0.04836,0.029,0.37068,0.532,0.45888
65,2,0.643,1.0,0.546,0.09104,0.061,0.38836,0.539,0.4662
66,,0.568,0.93232,0.496,0.05872,0.036,0.35604,0.489,0.39852
67,,0.493,0.86464,0.446,0.0264,0.011,0.32372,0.439,0.33084
68,,0.418,0.79696,0.396,-0.00592,-0.014,0.2914,0.389,0.26316
69,5,0.393,0.78628,0.396,-0.00624,1.0,0.10908,0.354,0.22748
70,4,0.386,0.7936,0.414,1.0,1.0,0.10176,0.336,0.2098
71,,0.311,0.72592,0.364,0.96768,0.975,0.06944,0.286,0.14212
72,,0.236,0.65824,0.314,0.93536,0.95,0.03712,0.236,0.07444
73,,0.161,0.59056,0.264,0.90304,0.925,0.0048,0.186,0.00676
74,,0.086,0.52288,0.214,0.87072,0.9,-0.02752,0.136,-0.06092
75,8,0.079,0.5302,0.232,0.8884,0.907,-0.03484,0.118,1.0
76,6,0.047,0.51252,0.225,0.88108,0.889,1.0,0.075,0.95732
77,,-0.028,0.44484,0.175,0.84876,0.864,0.96768,0.025,0.88964
78,1,1.0,0.47016,0.21,0.88444,0.889,0.97836,0.025,0.88996
79,,0.925,0.40248,0.16,0.85212,0.864,0.94604,-0.025,0.82228
80,7,0.9,0.3918,0.16,0.8518,0.854,0.92072,1.0,0.7866
81,,0.825,0.32412,0.11,0.81948,0.829,0.8884,0.95,0.71892
82,,0.75,0.25644,0.06,0.78716,0.804,0.85608,0.9,0.65124
83,,0.675,0.18876,0.01,0.75484,0.779,0.82376,0.85,0.58356
84,,0.6,0.12108,-0.04,0.72252,0.754,0.79144,0.8,0.51588
85,3,0.61,0.1464,1.0,0.7582,0.779,0.80212,0.8,0.5162
86,,0.535,0.07872,0.95,0.72588,0.754,0.7698,0.75,0.44852
87,,0.46,0.01104,0.9,0.69356,0.729,0.73748,0.7,0.38084
88,,0.385,-0.05664,0.85,0.66124,0.704,0.70516,0.65,0.31316
89,2,0.403,1.0,0.893,0.70392,0.736,0.72284,0.657,0.32048
90,,0.328,0.93232,0.843,0.6716,0.711,0.69052,0.607,0.2528
91,,0.253,0.86464,0.793,0.63928,0.686,0.6582,0.557,0.18512
92,,0.178,0.79696,0.743,0.60696,0.661,0.62588,0.507,0.11744
93,,0.103,0.72928,0.693,0.57464,0.636,0.59356,0.457,0.04976
94,,0.028,0.6616,0.643,0.54232,0.611,0.56124,0.407,-0.01792
95,8,0.021,0.66892,0.661,0.56,0.618,0.55392,0.389,1.0
96,,-0.054,0.60124,0.611,0.52768,0.593,0.5216,0.339,0.93232
97,1,1.0,0.62656,0.646,0.56336,0.618,0.53228,0.339,0.93264
98,,0.925,0.55888,0.596,0.53104,0.593,0.49996,0.289,0.86496
99,,0.85,0.4912,0.546,0.49872,0.568,0.46764,0.239,0.79728
100,,0.775,0.42352,0.496,0.4664,0.543,0.43532,0.189,0.7296
101,,0.7,0.35584,0.446,0.43408,0.518,0.403,0.139,0.66192
102,,0.625,0.28816,0.396,0.40176,0.493,0.37068,0.089,0.59424
103,,0.55,0.22048,0.346,0.36944,0.468,0.33836,0.039,0.52656
104,,0.475,0.1528,0.296,0.33712,0.443,0.30604,-0.011,0.45888
105,7,0.45,0.14212,0.296,0.3368,0.433,0.28072,1.0,0.4232
106,,0.375,0.07444,0.246,0.30448,0.408,0.2484,0.95,0.35552
107,,0.3,0.00676,0.196,0.27216,0.383,0.21608,0.9,0.28784
108,,0.225,-0.06092,0.146,0.23984,0.358,0.18376,0.85,0.22016
109,2,0.243,1.0,0.189,0.28252,0.39,0.20144,0.857,0.22748
110,,0.168,0.93232,0.139,0.2502,0.365,0.16912,0.807,0.1598
111,,0.093,0.86464,0.089,0.21788,0.34,0.1368,0.757,0.09212
112,,0.018,0.79696,0.039,0.18556,0.315,0.10448,0.707,0.02444
113,,-0.057,0.72928,-0.011,0.15324,0.29,0.07216,0.657,-0.04324
114,1,1.0,0.7546,0.024,0.18892,0.315,0.08284,0.657,-0.04292
115,8,0.993,0.76192,0.042,0.2066,0.322,0.07552,0.639,1.0
116,,0.918,0.69424,-0.008,0.17428,0.297,0.0432,0.589,0.93232
117,3,0.928,0.71956,1.0,0.20996,0.322,0.05388,0.589,0.93264
118,,0.853,0.65188,0.95,0.17764,0.297,0.02156,0.539,0.86496
119,,0.778,0.5842,0.9,0.14532,0.272,-0.01076,0.489,0.79728
120,6,0.746,0.56652,0.893,0.138,0.254,1.0,0.446,0.7546
121,,0.671,0.49884,0.843,0.10568,0.229,0.96768,0.396,0.68692
122,,0.596,0.43116,0.793,0.07336,0.204,0.93536,0.346,0.61924
123,,0.521,0.36348,0.743,0.04104,0.179,0.90304,0.296,0.55156
124,,0.446,0.2958,0.693,0.00872,0.154,0.87072,0.246,0.48388
125,,0.371,0.22812,0.643,-0.0236,0.129,0.8384,0.196,0.4162
126,4,0.364,0.23544,0.661,1.0,0.136,0.83108,0.178,0.39852
127,,0.289,0.16776,0.611,0.96768,0.111,0.79876,0.128,0.33084
128,,0.214,0.10008,0.561,0.93536,0.086,0.76644,0.078,0.26316
129,,0.139,0.0324,0.511,0.90304,0.061,0.73412,0.028,0.19548
130,,0.064,-0.03528,0.461,0.87072,0.036,0.7018,-0.022,0.1278
131,2,0.082,1.0,0.504,0.9134,0.068,0.71948,-0.015,0.13512
132,7,0.057,0.98932,0.504,0.91308,0.058,0.69416,1.0,0.09944
133,,-0.018,0.92164,0.454,0.88076,0.033,0.66184,0.95,0.03176
134,1,1.0,0.94696,0.489,0.91644,0.058,0.67252,0.95,0.03208
135,,0.925,0.87928,0.439,0.88412,0.033,0.6402,0.9,-0.0356
136,8,0.918,0.8866,0.457,0.9018,0.04,0.63288,0.882,1.0
137,,0.843,0.81892,0.407,0.86948,0.015,0.60056,0.832,0.93232
138,,0.768,0.75124,0.357,0.83716,-0.01,0.56824,0.782,0.86464
139,5,0.743,0.74056,0.357,0.83684,1.0,0.38592,0.747,0.82896
140,,0.668,0.67288,0.307,0.80452,0.975,0.3536,0.697,0.76128
141,,0.593,0.6052,0.257,0.7722,0.95,0.32128,0.647,0.6936
142,,0.518,0.53752,0.207,0.73988,0.925,0.28896,0.597,0.62592
143,,0.443,0.46984,0.157,0.70756,0.9,0.25664,0.547,0.55824
144,,0.368,0.40216,0.107,0.67524,0.875,0.22432,0.497,0.49056
145,,0.293,0.33448,0.057,0.64292,0.85,0.192,0.447,0.42288
146,,0.218,0.2668,0.007,0.6106,0.825,0.15968,0.397,0.3552
147,,0.143,0.19912,-0.043,0.57828,0.8,0.12736,0.347,0.28752
148,3,0.153,0.22444,1.0,0.61396,0.825,0.13804,0.347,0.28784
149,,0.078,0.15676,0.95,0.58164,0.8,0.10572,0.297,0.22016
150,,0.003,0.08908,0.9,0.54932,0.775,0.0734,0.247,0.15248
151,,-0.072,0.0214,0.85,0.517,0.75,0.04108,0.197,0.0848
152,1,1.0,0.04672,0.885,0.55268,0.775,0.05176,0.197,0.08512
153,,0.925,-0.02096,0.835,0.52036,0.75,0.01944,0.147,0.01744
154,2,0.943,1.0,0.878,0.56304,0.782,0.03712,0.154,0.02476
155,,0.868,0.93232,0.828,0.53072,0.757,0.0048,0.104,-0.04292
156,8,0.861,0.93964,0.846,0.5484,0.764,-0.00252,0.086,1.0
157,6,0.829,0.92196,0.839,0.54108,0.746,1.0,0.043,0.95732
158,,0.754,0.85428,0.789,0.50876,0.721,0.96768,-0.007,0.88964
159,7,0.729,0.8436,0.789,0.50844,0.711,0.94236,1.0,0.85396
160,,0.654,0.77592,0.739,0.47612,0.686,0.91004,0.95,0.78628
161,,0.579,0.70824,0.689,0.4438,0.661,0.87772,0.9,0.7186
162,,0.504,0.64056,0.639,0.41148,0.636,0.8454,0.85,0.65092
163,,0.429,0.57288,0.589,0.37916,0.611,0.81308,0.8,0.58324
164,,0.354,0.5052,0.539,0.34684,0.586,0.78076,0.75,0.51556
165,,0.279,0.43752,0.489,0.31452,0.561,0.74844,0.7,0.44788
166,,0.204,0.36984,0.439,0.2822,0.536,0.71612,0.65,0.3802
167,,0.129,0.30216,0.389,0.24988,0.511,0.6838,0.6,0.31252
168,,0.054,0.23448,0.339,0.21756,0.486,0.65148,0.55,0.24484
169,,-0.021,0.1668,0.289,0.18524,0.461,0.61916,0.5,0.17716
170,1,1.0,0.19212,0.324,0.22092,0.486,0.62984,0.5,0.17748
171,,0.925,0.12444,0.274,0.1886,0.461,0.59752,0.45,0.1098
172,,0.85,0.05676,0.224,0.15628,0.436,0.5652,0.4,0.04212
173,,0.775,-0.01092,0.174,0.12396,0.411,0.53288,0.35,-0.02556
174,8,0.768,-0.0036,0.192,0.14164,0.418,0.52556,0.332,1.0
175,2,0.786,1.0,0.235,0.18432,0.45,0.54324,0.339,1.0
176,,0.711,0.93232,0.185,0.152,0.425,0.51092,0.289,0.93232
177,,0.636,0.86464,0.135,0.11968,0.4,0.4786,0.239,0.86464
178,,0.561,0.79696,0.085,0.08736,0.375,0.44628,0.189,0.79696
179,,0.486,0.72928,0.035,0.05504,0.35,0.41396,0.139,0.72928
180,,0.411,0.6616,-0.015,0.02272,0.325,0.38164,0.089,0.6616
181,3,0.421,0.68692,1.0,0.0584,0.35,0.39232,0.089,0.66192
182,,0.346,0.61924,0.95,0.02608,0.325,0.36,0.039,0.59424
183,,0.271,0.55156,0.9,-0.00624,0.3,0.32768,-0.011,0.52656
184,7,0.246,0.54088,0.9,-0.00656,0.29,0.30236,1.0,0.49088
185,4,0.239,0.5482,0.918,1.0,0.297,0.29504,0.982,0.4732
186,,0.164,0.48052,0.868,0.96768,0.272,0.26272,0.932,0.40552
187,,0.089,0.41284,0.818,0.93536,0.247,0.2304,0.882,0.33784
188,,0.014,0.34516,0.768,0.90304,0.222,0.19808,0.832,0.27016
189,,-0.061,0.27748,0.718,0.87072,0.197,0.16576,0.782,0.20248
190,1,1.0,0.3028,0.753,0.9064,0.222,0.17644,0.782,0.2028
191,,0.925,0.23512,0.703,0.87408,0.197,0.14412,0.732,0.13512
192,,0.85,0.16744,0.653,0.84176,0.172,0.1118,0.682,0.06744
193,,0.775,0.09976,0.603,0.80944,0.147,0.07948,0.632,-0.00024
194,8,0.768,0.10708,0.621,0.82712,0.154,0.07216,0.614,1.0
195,,0.693,0.0394,0.571,0.7948,0.129,0.03984,0.564,0.93232
196,,0.618,-0.02828,0.521,0.76248,0.104,0.00752,0.514,0.86464
197,2,0.636,1.0,0.564,0.80516,0.136,0.0252,0.521,0.87196
198,,0.561,0.93232,0.514,0.77284,0.111,-0.00712,0.471,0.80428
199,6,0.529,0.91464,0.507,0.76552,0.093,1.0,0.428,0.7616
200,,0.454,0.84696,0.457,0.7332,0.068,0.96768,0.378,0.69392
201,,0.379,0.77928,0.407,0.70088,0.043,0.93536,0.328,0.62624
202,,0.304,0.7116,0.357,0.66856,0.018,0.90304,0.278,0.55856
203,,0.229,0.64392,0.307,0.63624,-0.007,0.87072,0.228,0.49088
204,5,0.204,0.63324,0.307,0.63592,1.0,0.6884,0.193,0.4552
205,,0.129,0.56556,0.257,0.6036,0.975,0.65608,0.143,0.38752
206,,0.054,0.49788,0.207,0.57128,0.95,0.62376,0.093,0.31984
207,,-0.021,0.4302,0.157,0.53896,0.925,0.59144,0.043,0.25216
208,1,1.0,0.45552,0.192,0.57464,0.95,0.60212,0.043,0.25248
209,,0.925,0.38784,0.142,0.54232,0.925,0.5698,-0.007,0.1848
210,7,0.9,0.37716,0.142,0.542,0.915,0.54448,1.0,0.14912
211,,0.825,0.30948,0.092,0.50968,0.89,0.51216,0.95,0.08144
212,,0.75,0.2418,0.042,0.47736,0.865,0.47984,0.9,0.01376
213,,0.675,0.17412,-0.008,0.44504,0.84,0.44752,0.85,-0.05392
214,8,0.668,0.18144,0.01,0.46272,0.847,0.4402,0.832,1.0
215,,0.593,0.11376,-0.04,0.4304,0.822,0.40788,0.782,0.93232
216,3,0.603,0.13908,1.0,0.46608,0.847,0.41856,0.782,0.93264
217,,0.528,0.0714,0.95,0.43376,0.822,0.38624,0.732,0.86496
218,,0.453,0.00372,0.9,0.40144,0.797,0.35392,0.682,0.79728
219,,0.378,-0.06396,0.85,0.36912,0.772,0.3216,0.632,0.7296
220,2,0.396,1.0,0.893,0.4118,0.804,0.33928,0.639,0.73692
221,,0.321,0.93232,0.843,0.37948,0.779,0.30696,0.589,0.66924
222,,0.246,0.86464,0.793,0.34716,0.754,0.27464,0.539,0.60156
223,,0.171,0.79696,0.743,0.31484,0.729,0.24232,0.489,0.53388
224,,0.096,0.72928,0.693,0.28252,0.704,0.21,0.439,0.4662
225,,0.021,0.6616,0.643,0.2502,0.679,0.17768,0.389,0.39852
226,,-0.054,0.59392,0.593,0.21788,0.654,0.14536,0.339,0.33084
227,1,1.0,0.61924,0.628,0.25356,0.679,0.15604,0.339,0.33116
228,,0.925,0.55156,0.578,0.22124,0.654,0.12372,0.289,0.26348
229,,0.85,0.48388,0.528,0.18892,0.629,0.0914,0.239,0.1958
230,,0.775,0.4162,0.478,0.1566,0.604,0.05908,0.189,0.12812
231,,0.7,0.34852,0.428,0.12428,0.579,0.02676,0.139,0.06044
232,,0.625,0.28084,0.378,0.09196,0.554,-0.00556,0.089,-0.00724
233,8,0.618,0.28816,0.396,0.10964,0.561,-0.01288,0.071,1.0
234,6,0.586,0.27048,0.389,0.10232,0.543,1.0,0.028,0.95732
235,,0.511,0.2028,0.339,0.07,0.518,0.96768,-0.022,0.88964
236,7,0.486,0.19212,0.339,0.06968,0.508,0.94236,1.0,0.85396
237,,0.411,0.12444,0.289,0.03736,0.483,0.91004,0.95,0.78628
238,,0.336,0.05676,0.239,0.00504,0.458,0.87772,0.9,0.7186
239,,0.261,-0.01092,0.189,-0.02728,0.433,0.8454,0.85,0.65092
240,4,0.254,-0.0036,0.207,1.0,0.44,0.83808,0.832,0.63324
241,2,0.272,1.0,0.25,1.0,0.472,0.85576,0.839,0.64056
242,,0.197,0.93232,0.2,0.96768,0.447,0.82344,0.789,0.57288
243,,0.122,0.86464,0.15,0.93536,0.422,0.79112,0.739,0.5052
244,,0.047,0.79696,0.1,0.90304,0.397,0.7588,0.689,0.43752
245,,-0.028,0.72928,0.05,0.87072,0.372,0.72648,0.639,0.36984
246,1,1.0,0.7546,0.085,0.9064,0.397,0.73716,0.639,0.37016
247,,0.925,0.68692,0.035,0.87408,0.372,0.70484,0.589,0.30248
248,,0.85,0.61924,-0.015,0.84176,0.347,0.67252,0.539,0.2348
249,3,0.86,0.64456,1.0,0.87744,0.372,0.6832,0.539,0.23512
250,,0.785,0.57688,0.95,0.84512,0.347,0.65088,0.489,0.16744
251,,0.71,0.5092,0.9,0.8128,0.322,0.61856,0.439,0.09976
252,,0.635,0.44152,0.85,0.78048,0.297,0.58624,0.389,0.03208
253,,0.56,0.37384,0.8,0.74816,0.272,0.55392,0.339,-0.0356
254,8,0.553,0.38116,0.818,0.76584,0.279,0.5466,0.321,1.0
255,,0.478,0.31348,0.768,0.73352,0.254,0.51428,0.271,0.93232
256,,0.403,0.2458,0.718,0.7012,0.229,0.48196,0.221,0.86464
257,,0.328,0.17812,0.668,0.66888,0.204,0.44964,0.171,0.79696
258,,0.253,0.11044,0.618,0.63656,0.179,0.41732,0.121,0.72928
259,,0.178,0.04276,0.568,0.60424,0.154,0.385,0.071,0.6616
260,,0.103,-0.02492,0.518,0.57192,0.129,0.35268,0.021,0.59392
261,2,0.121,1.0,0.561,0.6146,0.161,0.37036,0.028,0.60124
262,,0.046,0.93232,0.511,0.58228,0.136,0.33804,-0.022,0.53356
263,7,0.021,0.92164,0.511,0.58196,0.126,0.31272,1.0,0.49788
264,,-0.054,0.85396,0.461,0.54964,0.101,0.2804,0.95,0.4302
265,1,1.0,0.87928,0.496,0.58532,0.126,0.29108,0.95,0.43052
266,,0.925,0.8116,0.446,0.553,0.101,0.25876,0.9,0.36284
267,,0.85,0.74392,0.396,0.52068,0.076,0.22644,0.85,0.29516
268,,0.775,0.67624,0.346,0.48836,0.051,0.19412,0.8,0.22748
269,,0.7,0.60856,0.296,0.45604,0.026,0.1618,0.75,0.1598
270,,0.625,0.54088,0.246,0.42372,0.001,0.12948,0.7,0.09212
271,,0.55,0.4732,0.196,0.3914,-0.024,0.09716,0.65,0.02444
272,5,0.525,0.46252,0.196,0.39108,1.0,-0.08516,0.615,-0.01124
273,6,0.493,0.44484,0.189,0.38376,0.982,1.0,0.572,-0.05392
274,8,0.486,0.45216,0.207,0.40144,0.989,0.99268,0.554,1.0
275,,0.411,0.38448,0.157,0.36912,0.964,0.96036,0.504,0.93232
276,,0.336,0.3168,0.107,0.3368,0.939,0.92804,0.454,0.86464
277,,0.261,0.24912,0.057,0.30448,0.914,0.89572,0.404,0.79696
278,,0.186,0.18144,0.007,0.27216,0.889,0.8634,0.354,0.72928
279,,0.111,0.11376,-0.043,0.23984,0.864,0.83108,0.304,0.6616
280,3,0.121,0.13908,1.0,0.27552,0.889,0.84176,0.304,0.66192
281,,0.046,0.0714,0.95,0.2432,0.864,0.80944,0.254,0.59424
282,,-0.029,0.00372,0.9,0.21088,0.839,0.77712,0.204,0.52656
283,1,1.0,0.02904,0.935,0.24656,0.864,0.7878,0.204,0.52688
284,,0.925,-0.03864,0.885,0.21424,0.839,0.75548,0.154,0.4592
285,2,0.943,1.0,0.928,0.25692,0.871,0.77316,0.161,0.46652
286,,0.868,0.93232,0.878,0.2246,0.846,0.74084,0.111,0.39884
287,,0.793,0.86464,0.828,0.19228,0.821,0.70852,0.061,0.33116
288,,0.718,0.79696,0.778,0.15996,0.796,0.6762,0.011,0.26348
289,,0.643,0.72928,0.728,0.12764,0.771,0.64388,-0.039,0.1958
290,7,0.618,0.7186,0.728,0.12732,0.761,0.61856,1.0,0.16012
291,,0.543,0.65092,0.678,0.095,0.736,0.58624,0.95,0.09244
292,,0.468,0.58324,0.628,0.06268,0.711,0.55392,0.9,0.02476
293,,0.393,0.51556,0.578,0.03036,0.686,0.5216,0.85,-0.04292
294,8,0.386,0.52288,0.596,0.04804,0.693,0.51428,0.832,1.0
295,,0.311,0.4552,0.546,0.01572,0.668,0.48196,0.782,0.93232
296,,0.236,0.38752,0.496,-0.0166,0.643,0.44964,0.732,0.86464
297,4,0.229,0.39484,0.514,1.0,0.65,0.44232,0.714,0.84696
298,,0.154,0.32716,0.464,0.96768,0.625,0.41,0.664,0.77928
299,,0.079,0.25948,0.414,0.93536,0.6,0.37768,0.614,0.7116
300,,0.004,0.1918,0.364,0.90304,0.575,0.34536,0.564,0.64392
301,,-0.071,0.12412,0.314,0.87072,0.55,0.31304,0.514,0.57624
302,1,1.0,0.14944,0.349,0.9064,0.575,0.32372,0.514,0.57656
303,,0.925,0.08176,0.299,0.87408,0.55,0.2914,0.464,0.50888
304,,0.85,0.01408,0.249,0.84176,0.525,0.25908,0.414,0.4412
305,,0.775,-0.0536,0.199,0.80944,0.5,0.22676,0.364,0.37352
306,2,0.793,1.0,0.242,0.85212,0.532,0.24444,0.371,0.38084
307,,0.718,0.93232,0.192,0.8198,0.507,0.21212,0.321,0.31316
308,,0.643,0.86464,0.142,0.78748,0.482,0.1798,0.271,0.24548
309,,0.568,0.79696,0.092,0.75516,0.457,0.14748,0.221,0.1778
310,,0.493,0.72928,0.042,0.72284,0.432,0.11516,0.171,0.11012
311,,0.418,0.6616,-0.008,0.69052,0.407,0.08284,0.121,0.04244
312,3,0.428,0.68692,1.0,0.7262,0.432,0.09352,0.121,0.04276
313,,0.353,0.61924,0.95,0.69388,0.407,0.0612,0.071,-0.02492
314,8,0.346,0.62656,0.968,0.71156,0.414,0.05388,0.053,1.0
315,,0.271,0.55888,0.918,0.67924,0.389,0.02156,0.003,0.93232
316,,0.196,0.4912,0.868,0.64692,0.364,-0.01076,-0.047,0.86464
317,7,0.171,0.48052,0.868,0.6466,0.354,-0.03608,1.0,0.82896
318,6,0.139,0.46284,0.861,0.63928,0.336,1.0,0.957,0.78628
319,,0.064,0.39516,0.811,0.60696,0.311,0.96768,0.907,0.7186
320,,-0.011,0.32748,0.761,0.57464,0.286,0.93536,0.857,0.65092
321,1,1.0,0.3528,0.796,0.61032,0.311,0.94604,0.857,0.65124
322,,0.925,0.28512,0.746,0.578,0.286,0.91372,0.807,0.58356
323,,0.85,0.21744,0.696,0.54568,0.261,0.8814,0.757,0.51588
324,,0.775,0.14976,0.646,0.51336,0.236,0.84908,0.707,0.4482
325,,0.7,0.08208,0.596,0.48104,0.211,0.81676,0.657,0.38052
326,,0.625,0.0144,0.546,0.44872,0.186,0.78444,0.607,0.31284
327,,0.55,-0.05328,0.496,0.4164,0.161,0.75212,0.557,0.24516
328,2,0.568,1.0,0.539,0.45908,0.193,0.7698,0.564,0.25248
329,,0.493,0.93232,0.489,0.42676,0.168,0.73748,0.514,0.1848
330,,0.418,0.86464,0.439,0.39444,0.143,0.70516,0.464,0.11712
331,,0.343,0.79696,0.389,0.36212,0.118,0.67284,0.414,0.04944
332,,0.268,0.72928,0.339,0.3298,0.093,0.64052,0.364,-0.01824
333,8,0.261,0.7366,0.357,0.34748,0.1,0.6332,0.346,1.0
334,,0.186,0.66892,0.307,0.31516,0.075,0.60088,0.296,0.93232
335,,0.111,0.60124,0.257,0.28284,0.05,0.56856,0.246,0.86464
336,,0.036,0.53356,0.207,0.25052,0.025,0.53624,0.196,0.79696
337,,-0.039,0.46588,0.157,0.2182,0.0,0.50392,0.146,0.72928
338,1,1.0,0.4912,0.192,0.25388,0.025,0.5146,0.146,0.7296
339,,0.925,0.42352,0.142,0.22156,0.0,0.48228,0.096,0.66192
340,,0.85,0.35584,0.092,0.18924,-0.025,0.44996,0.046,0.59424
341,5,0.825,0.34516,0.092,0.18892,1.0,0.26764,0.011,0.55856
342,,0.75,0.27748,0.042,0.1566,0.975,0.23532,-0.039,0.49088
343,7,0.725,0.2668,0.042,0.15628,0.965,0.21,1.0,0.4552
344,,0.65,0.19912,-0.008,0.12396,0.94,0.17768,0.95,0.38752
345,3,0.66,0.22444,1.0,0.15964,0.965,0.18836,0.95,0.38784
346,,0.585,0.15676,0.95,0.12732,0.94,0.15604,0.9,0.32016
347,,0.51,0.08908,0.9,0.095,0.915,0.12372,0.85,0.25248
348,,0.435,0.0214,0.85,0.06268,0.89,0.0914,0.8,0.1848
349,,0.36,-0.04628,0.8,0.03036,0.865,0.05908,0.75,0.11712
350,2,0.378,1.0,0.843,0.07304,0.897,0.07676,0.757,0.12444
351,,0.303,0.93232,0.793,0.04072,0.872,0.04444,0.707,0.05676
352,,0.228,0.86464,0.743,0.0084,0.847,0.01212,0.657,-0.01092
353,8,0.221,0.87196,0.761,0.02608,0.854,0.0048,0.639,1.0
354,,0.146,0.80428,0.711,-0.00624,0.829,-0.02752,0.589,0.93232
355,6,0.114,0.7866,0.704,-0.01356,0.811,1.0,0.546,0.88964
356,4,0.107,0.79392,0.722,1.0,0.818,0.99268,0.528,0.87196
357,,0.032,0.72624,0.672,0.96768,0.793,0.96036,0.478,0.80428
358,,-0.043,0.65856,0.622,0.93536,0.768,0.92804,0.428,0.7366
359,1,1.0,0.68388,0.657,0.97104,0.793,0.93872,0.428,0.73692
360,,0.925,0.6162,0.607,0.93872,0.768,0.9064,0.378,0.66924
361,,0.85,0.54852,0.557,0.9064,0.743,0.87408,0.328,0.60156
362,,0.775,0.48084,0.507,0.87408,0.718,0.84176,0.278,0.53388
363,,0.7,0.41316,0.457,0.84176,0.693,0.80944,0.228,0.4662
364,,0.625,0.34548,0.407,0.80944,0.668,0.77712,0.178,0.39852
365,,0.55,0.2778,0.357,0.77712,0.643,0.7448,0.128,0.33084
366,,0.475,0.21012,0.307,0.7448,0.618,0.71248,0.078,0.26316
367,,0.4,0.14244,0.257,0.71248,0.593,0.68016,0.028,0.19548
368,,0.325,0.07476,0.207,0.68016,0.568,0.64784,-0.022,0.1278
369,7,0.3,0.06408,0.207,0.67984,0.558,0.62252,1.0,0.09212
370,,0.225,-0.0036,0.157,0.64752,0.533,0.5902,0.95,0.02444
371,2,0.243,1.0,0.2,0.6902,0.565,0.60788,0.957,0.03176
372,,0.168,0.93232,0.15,0.65788,0.54,0.57556,0.907,-0.03592
373,8,0.161,0.93964,0.168,0.67556,0.547,0.56824,0.889,1.0
374,,0.086,0.87196,0.118,0.64324,0.522,0.53592,0.839,0.93232
375,,0.011,0.80428,0.068,0.61092,0.497,0.5036,0.789,0.86464
376,,-0.064,0.7366,0.018,0.5786,0.472,0.47128,0.739,0.79696
377,1,1.0,0.76192,0.053,0.61428,0.497,0.48196,0.739,0.79728
378,,0.925,0.69424,0.003,0.58196,0.472,0.44964,0.689,0.7296
379,,0.85,0.62656,-0.047,0.54964,0.447,0.41732,0.639,0.66192
380,3,0.86,0.65188,1.0,0.58532,0.472,0.428,0.639,0.66224
381,,0.785,0.5842,0.95,0.553,0.447,0.39568,0.589,0.59456
382,,0.71,0.51652,0.9,0.52068,0.422,0.36336,0.539,0.52688
383,,0.635,0.44884,0.85,0.48836,0.397,0.33104,0.489,0.4592
384,,0.56,0.38116,0.8,0.45604,0.372,0.29872,0.439,0.39152
385,,0.485,0.31348,0.75,0.42372,0.347,0.2664,0.389,0.32384
386,,0.41,0.2458,0.7,0.3914,0.322,0.23408,0.339,0.25616
387,,0.335,0.17812,0.65,0.35908,0.297,0.20176,0.289,0.18848
388,,0.26,0.11044,0.6,0.32676,0.272,0.16944,0.239,0.1208
389,,0.185,0.04276,0.55,0.29444,0.247,0.13712,0.189,0.05312
390,,0.11,-0.02492,0.5,0.26212,0.222,0.1048,0.139,-0.01456
391,2,0.128,1.0,0.543,0.3048,0.254,0.12248,0.146,-0.00724
392,8,0.121,1.0,0.561,0.32248,0.261,0.11516,0.128,1.0
393,,0.046,0.93232,0.511,0.29016,0.236,0.08284,0.078,0.93232
394,,-0.029,0.86464,0.461,0.25784,0.211,0.05052,0.028,0.86464
395,1,1.0,0.88996,0.496,0.29352,0.236,0.0612,0.028,0.86496
396,,0.925,0.82228,0.446,0.2612,0.211,0.02888,-0.022,0.79728
397,7,0.9,0.8116,0.446,0.26088,0.201,0.00356,1.0,0.7616
398,,0.825,0.74392,0.396,0.22856,0.176,-0.02876,0.95,0.69392
399,6,0.793,0.72624,0.389,0.22124,0.158,1.0,0.907,0.65124
400,,0.718,0.65856,0.339,0.18892,0.133,0.96768,0.857,0.58356
401,,0.643,0.59088,0.289,0.1566,0.108,0.93536,0.807,0.51588
402,,0.568,0.5232,0.239,0.12428,0.083,0.90304,0.757,0.4482
403,,0.493,0.45552,0.189,0.09196,0.058,0.87072,0.707,0.38052
404,,0.418,0.38784,0.139,0.05964,0.033,0.8384,0.657,0.31284
405,,0.343,0.32016,0.089,0.02732,0.008,0.80608,0.607,0.24516
406,,0.268,0.25248,0.039,-0.005,-0.017,0.77376,0.557,0.17748
407,5,0.243,0.2418,0.039,-0.00532,1.0,0.59144,0.522,0.1418
408,4,0.236,0.24912,0.057,1.0,1.0,0.58412,0.504,0.12412
409,,0.161,0.18144,0.007,0.96768,0.975,0.5518,0.454,0.05644
410,,0.086,0.11376,-0.043,0.93536,0.95,0.51948,0.404,-0.01124
411,3,0.096,0.13908,1.0,0.97104,0.975,0.53016,0.404,-0.01092
412,8,0.089,0.1464,1.0,0.98872,0.982,0.52284,0.386,1.0
413,,0.014,0.07872,0.95,0.9564,0.957,0.49052,0.336,0.93232
414,,-0.061,0.01104,0.9,0.92408,0.932,0.4582,0.286,0.86464
415,1,1.0,0.03636,0.935,0.95976,0.957,0.46888,0.286,0.86496
416,,0.925,-0.03132,0.885,0.92744,0.932,0.43656,0.236,0.79728
417,2,0.943,1.0,0.928,0.97012,0.964,0.45424,0.243,0.8046
418,,0.868,0.93232,0.878,0.9378,0.939,0.42192,0.193,0.73692
419,,0.793,0.86464,0.828,0.90548,0.914,0.3896,0.143,0.66924
420,,0.718,0.79696,0.778,0.87316,0.889,0.35728,0.093,0.60156
421,,0.643,0.72928,0.728,0.84084,0.864,0.32496,0.043,0.53388
422,,0.568,0.6616,0.678,0.80852,0.839,0.29264,-0.007,0.4662
423,7,0.543,0.65092,0.678,0.8082,0.829,0.26732,1.0,0.43052
424,,0.468,0.58324,0.628,0.77588,0.804,0.235,0.95,0.36284
425,,0.393,0.51556,0.578,0.74356,0.779,0.20268,0.9,0.29516
426,,0.318,0.44788,0.528,0.71124,0.754,0.17036,0.85,0.22748
427,,0.243,0.3802,0.478,0.67892,0.729,0.13804,0.8,0.1598
428,,0.168,0.31252,0.428,0.6466,0.704,0.10572,0.75,0.09212
429,,0.093,0.24484,0.378,0.61428,0.679,0.0734,0.7,0.02444
430,,0.018,0.17716,0.328,0.58196,0.654,0.04108,0.65,-0.04324
431,8,0.011,0.18448,0.346,0.59964,0.661,0.03376,0.632,1.0
432,,-0.064,0.1168,0.296,0.56732,0.636,0.00144,0.582,0.93232
433,1,1.0,0.14212,0.331,0.603,0.661,0.01212,0.582,0.93264
434,,0.925,0.07444,0.281,0.57068,0.636,-0.0202,0.532,0.86496
435,6,0.893,0.05676,0.274,0.56336,0.618,1.0,0.489,0.82228
436,,0.818,-0.01092,0.224,0.53104,0.593,0.96768,0.439,0.7546
437,2,0.836,1.0,0.267,0.57372,0.625,0.98536,0.446,0.76192
438,,0.761,0.93232,0.217,0.5414,0.6,0.95304,0.396,0.69424
439,,0.686,0.86464,0.167,0.50908,0.575,0.92072,0.346,0.62656
440,,0.611,0.79696,0.117,0.47676,0.55,0.8884,0.296,0.55888
441,,0.536,0.72928,0.067,0.44444,0.525,0.85608,0.246,0.4912
442,,0.461,0.6616,0.017,0.41212,0.5,0.82376,0.196,0.42352
443,,0.386,0.59392,-0.033,0.3798,0.475,0.79144,0.146,0.35584
444,3,0.396,0.61924,1.0,0.41548,0.5,0.80212,0.146,0.35616
445,,0.321,0.55156,0.95,0.38316,0.475,0.7698,0.096,0.28848
446,,0.246,0.48388,0.9,0.35084,0.45,0.73748,0.046,0.2208
447,,0.171,0.4162,0.85,0.31852,0.425,0.70516,-0.004,0.15312
448,7,0.146,0.40552,0.85,0.3182,0.415,0.67984,1.0,0.11744
449,,0.071,0.33784,0.8,0.28588,0.39,0.64752,0.95,0.04976
450,,-0.004,0.27016,0.75,0.25356,0.365,0.6152,0.9,-0.01792
451,8,-0.011,0.27748,0.768,0.27124,0.372,0.60788,0.882,1.0
452,1,1.0,0.3028,0.803,0.30692,0.397,0.61856,0.882,1.0
453,,0.925,0.23512,0.753,0.2746,0.372,0.58624,0.832,0.93232
454,,0.85,0.16744,0.703,0.24228,0.347,0.55392,0.782,0.86464
455,,0.775,0.09976,0.653,0.20996,0.322,0.5216,0.732,0.79696
456,,0.7,0.03208,0.603,0.17764,0.297,0.48928,0.682,0.72928
457,,0.625,-0.0356,0.553,0.14532,0.272,0.45696,0.632,0.6616
458,2,0.643,1.0,0.596,0.188,0.304,0.47464,0.639,0.66892
459,,0.568,0.93232,0.546,0.15568,0.279,0.44232,0.589,0.60124
460,,0.493,0.86464,0.496,0.12336,0.254,0.41,0.539,0.53356
461,,0.418,0.79696,0.446,0.09104,0.229,0.37768,0.489,0.46588
462,,0.343,0.72928,0.396,0.05872,0.204,0.34536,0.439,0.3982
463,,0.268,0.6616,0.346,0.0264,0.179,0.31304,0.389,0.33052
464,,0.193,0.59392,0.296,-0.00592,0.154,0.28072,0.339,0.26284
465,4,0.186,0.60124,0.314,1.0,0.161,0.2734,0.321,0.24516
466,,0.111,0.53356,0.264,0.96768,0.136,0.24108,0.271,0.17748
467,,0.036,0.46588,0.214,0.93536,0.111,0.20876,0.221,0.1098
468,,-0.039,0.3982,0.164,0.90304,0.086,0.17644,0.171,0.04212
469,1,1.0,0.42352,0.199,0.93872,0.111,0.18712,0.171,0.04244
470,,0.925,0.35584,0.149,0.9064,0.086,0.1548,0.121,-0.02524
471,8,0.918,0.36316,0.167,0.92408,0.093,0.14748,0.103,1.0
472,,0.843,0.29548,0.117,0.89176,0.068,0.11516,0.053,0.93232
473,,0.768,0.2278,0.067,0.85944,0.043,0.08284,0.003,0.86464
474,,0.693,0.16012,0.017,0.82712,0.018,0.05052,-0.047,0.79696
475,7,0.668,0.14944,0.017,0.8268,0.008,0.0252,1.0,0.76128
476,,0.593,0.08176,-0.033,0.79448,-0.017,-0.00712,0.95,0.6936
477,3,0.603,0.10708,1.0,0.83016,0.008,0.00356,0.95,0.69392
478,,0.528,0.0394,0.95,0.79784,-0.017,-0.02876,0.9,0.62624
479,6,0.496,0.02172,0.943,0.79052,-0.035,1.0,0.857,0.58356
480,5,0.471,0.01104,0.943,0.7902,1.0,0.81768,0.822,0.54788
481,,0.396,-0.05664,0.893,0.75788,0.975,0.78536,0.772,0.4802
482,2,0.414,1.0,0.936,0.80056,1.0,0.80304,0.779,0.48752
483,,0.339,0.93232,0.886,0.76824,0.975,0.77072,0.729,0.41984
484,,0.264,0.86464,0.836,0.73592,0.95,0.7384,0.679,0.35216
485,,0.189,0.79696,0.786,0.7036,0.925,0.70608,0.629,0.28448
486,,0.114,0.72928,0.736,0.67128,0.9,0.67376,0.579,0.2168
487,,0.039,0.6616,0.686,0.63896,0.875,0.64144,0.529,0.14912
488,,-0.036,0.59392,0.636,0.60664,0.85,0.60912,0.479,0.08144
489,1,1.0,0.61924,0.671,0.64232,0.875,0.6198,0.479,0.08176
490,,0.925,0.55156,0.621,0.61,0.85,0.58748,0.429,0.01408
491,,0.85,0.48388,0.571,0.57768,0.825,0.55516,0.379,-0.0536
492,8,0.843,0.4912,0.589,0.59536,0.832,0.54784,0.361,1.0
493,,0.768,0.42352,0.539,0.56304,0.807,0.51552,0.311,0.93232
494,,0.693,0.35584,0.489,0.53072,0.782,0.4832,0.261,0.86464
495,,0.618,0.28816,0.439,0.4984,0.757,0.45088,0.211,0.79696
496,,0.543,0.22048,0.389,0.46608,0.732,0.41856,0.161,0.72928
497,,0.468,0.1528,0.339,0.43376,0.707,0.38624,0.111,0.6616
498,,0.393,0.08512,0.289,0.40144,0.682,0.35392,0.061,0.59392
499,,0.318,0.01744,0.239,0.36912,0.657,0.3216,0.011,0.52624
500,,0.243,-0.05024,0.189,0.3368,0.632,0.28928,-0.039,0.45856
501,2,0.261,1.0,0.232,0.37948,0.664,0.30696,-0.032,0.46588
502,7,0.236,0.98932,0.232,0.37916,0.654,0.28164,1.0,0.4302
503,,0.161,0.92164,0.182,0.34684,0.629,0.24932,0.95,0.36252
504,,0.086,0.85396,0.132,0.31452,0.604,0.217,0.9,0.29484
505,,0.011,0.78628,0.082,0.2822,0.579,0.18468,0.85,0.22716
506,,-0.064,0.7186,0.032,0.24988,0.554,0.15236,0.8,0.15948
507,1,1.0,0.74392,0.067,0.28556,0.579,0.16304,0.8,0.1598
508,,0.925,0.67624,0.017,0.25324,0.554,0.13072,0.75,0.09212
509,,0.85,0.60856,-0.033,0.22092,0.529,0.0984,0.7,0.02444
510,3,0.86,0.63388,1.0,0.2566,0.554,0.10908,0.7,0.02476
511,,0.785,0.5662,0.95,0.22428,0.529,0.07676,0.65,-0.04292
512,8,0.778,0.57352,0.968,0.24196,0.536,0.06944,0.632,1.0
513,,0.703,0.50584,0.918,0.20964,0.511,0.03712,0.582,0.93232
514,,0.628,0.43816,0.868,0.17732,0.486,0.0048,0.532,0.86464
515,,0.553,0.37048,0.818,0.145,0.461,-0.02752,0.482,0.79696
516,6,0.521,0.3528,0.811,0.13768,0.443,1.0,0.439,0.75428
517,,0.446,0.28512,0.761,0.10536,0.418,0.96768,0.389,0.6866
518,,0.371,0.21744,0.711,0.07304,0.393,0.93536,0.339,0.61892
519,,0.296,0.14976,0.661,0.04072,0.368,0.90304,0.289,0.55124
520,,0.221,0.08208,0.611,0.0084,0.343,0.87072,0.239,0.48356
521,,0.146,0.0144,0.561,-0.02392,0.318,0.8384,0.189,0.41588
522,4,0.139,0.02172,0.579,1.0,0.325,0.83108,0.171,0.3982
523,,0.064,-0.04596,0.529,0.96768,0.3,0.79876,0.121,0.33052
524,2,0.082,1.0,0.572,1.0,0.332,0.81644,0.128,0.33784
525,,0.007,0.93232,0.522,0.96768,0.307,0.78412,0.078,0.27016
526,,-0.068,0.86464,0.472,0.93536,0.282,0.7518,0.028,0.20248
527,1,1.0,0.88996,0.507,0.97104,0.307,0.76248,0.028,0.2028
528,,0.925,0.82228,0.457,0.93872,0.282,0.73016,-0.022,0.13512
529,7,0.9,0.8116,0.457,0.9384,0.272,0.70484,1.0,0.09944
530,,0.825,0.74392,0.407,0.90608,0.247,0.67252,0.95,0.03176
531,,0.75,0.67624,0.357,0.87376,0.222,0.6402,0.9,-0.03592
532,8,0.743,0.68356,0.375,0.89144,0.229,0.63288,0.882,1.0
533,,0.668,0.61588,0.325,0.85912,0.204,0.60056,0.832,0.93232
534,,0.593,0.5482,0.275,0.8268,0.179,0.56824,0.782,0.86464
535,,0.518,0.48052,0.225,0.79448,0.154,0.53592,0.732,0.79696
536,,0.443,0.41284,0.175,0.76216,0.129,0.5036,0.682,0.72928
537,,0.368,0.34516,0.125,0.72984,0.104,0.47128,0.632,0.6616
538,,0.293,0.27748,0.075,0.69752,0.079,0.43896,0.582,0.59392
539,,0.218,0.2098,0.025,0.6652,0.054,0.40664,0.532,0.52624
540,,0.143,0.14212,-0.025,0.63288,0.029,0.37432,0.482,0.45856
541,3,0.153,0.16744,1.0,0.66856,0.054,0.385,0.482,0.45888
542,,0.078,0.09976,0.95,0.63624,0.029,0.35268,0.432,0.3912
543,,0.003,0.03208,0.9,0.60392,0.004,0.32036,0.382,0.32352
544,,-0.072,-0.0356,0.85,0.5716,-0.021,0.28804,0.332,0.25584
545,1,1.0,-0.01028,0.885,0.60728,0.004,0.29872,0.332,0.25616
546,2,1.0,1.0,0.928,0.64996,0.036,0.3164,0.339,0.26348
547,,0.925,0.93232,0.878,0.61764,0.011,0.28408,0.289,0.1958
548,,0.85,0.86464,0.828,0.58532,-0.014,0.25176,0.239,0.12812
549,5,0.825,0.85396,0.828,0.585,1.0,0.06944,0.204,0.09244
550,,0.75,0.78628,0.778,0.55268,0.975,0.03712,0.154,0.02476
551,,0.675,0.7186,0.728,0.52036,0.95,0.0048,0.104,-0.04292
552,8,0.668,0.72592,0.746,0.53804,0.957,-0.00252,0.086,1.0
553,6,0.636,0.70824,0.739,0.53072,0.939,1.0,0.043,0.95732
554,,0.561,0.64056,0.689,0.4984,0.914,0.96768,-0.007,0.88964
555,7,0.536,0.62988,0.689,0.49808,0.904,0.94236,1.0,0.85396
556,,0.461,0.5622,0.639,0.46576,0.879,0.91004,0.95,0.78628
557,,0.386,0.49452,0.589,0.43344,0.854,0.87772,0.9,0.7186
558,,0.311,0.42684,0.539,0.40112,0.829,0.8454,0.85,0.65092
559,,0.236,0.35916,0.489,0.3688,0.804,0.81308,0.8,0.58324
560,,0.161,0.29148,0.439,0.33648,0.779,0.78076,0.75,0.51556
561,,0.086,0.2238,0.389,0.30416,0.754,0.74844,0.7,0.44788
562,,0.011,0.15612,0.339,0.27184,0.729,0.71612,0.65,0.3802
563,,-0.064,0.08844,0.289,0.23952,0.704,0.6838,0.6,0.31252
564,1,1.0,0.11376,0.324,0.2752,0.729,0.69448,0.6,0.31284
565,,0.925,0.04608,0.274,0.24288,0.704,0.66216,0.55,0.24516
566,,0.85,-0.0216,0.224,0.21056,0.679,0.62984,0.5,0.17748
567,2,0.868,1.0,0.267,0.25324,0.711,0.64752,0.507,0.1848
568,,0.793,0.93232,0.217,0.22092,0.686,0.6152,0.457,0.11712
569,,0.718,0.86464,0.167,0.1886,0.661,0.58288,0.407,0.04944
570,,0.643,0.79696,0.117,0.15628,0.636,0.55056,0.357,-0.01824
571,8,0.636,0.80428,0.135,0.17396,0.643,0.54324,0.339,1.0
572,,0.561,0.7366,0.085,0.14164,0.618,0.51092,0.289,0.93232
573,,0.486,0.66892,0.035,0.10932,0.593,0.4786,0.239,0.86464
574,,0.411,0.60124,-0.015,0.077,0.568,0.44628,0.189,0.79696
575,3,0.421,0.62656,1.0,0.11268,0.593,0.45696,0.189,0.79728
576,,0.346,0.55888,0.95,0.08036,0.568,0.42464,0.139,0.7296
577,,0.271,0.4912,0.9,0.04804,0.543,0.39232,0.089,0.66192
578,,0.196,0.42352,0.85,0.01572,0.518,0.36,0.039,0.59424
579,,0.121,0.35584,0.8,-0.0166,0.493,0.32768,-0.011,0.52656
580,4,0.114,0.36316,0.818,1.0,0.5,0.32036,-0.029,0.50888
581,7,0.089,0.35248,0.818,0.99968,0.49,0.29504,1.0,0.4732
582,,0.014,0.2848,0.768,0.96736,0.465,0.26272,0.95,0.40552
583,,-0.061,0.21712,0.718,0.93504,0.44,0.2304,0.9,0.33784
584,1,1.0,0.24244,0.753,0.97072,0.465,0.24108,0.9,0.33816
585,,0.925,0.17476,0.703,0.9384,0.44,0.20876,0.85,0.27048
586,,0.85,0.10708,0.653,0.90608,0.415,0.17644,0.8,0.2028
587,,0.775,0.0394,0.603,0.87376,0.39,0.14412,0.75,0.13512
588,,0.7,-0.02828,0.553,0.84144,0.365,0.1118,0.7,0.06744
589,2,0.718,1.0,0.596,0.88412,0.397,0.12948,0.707,0.07476
590,,0.643,0.93232,0.546,0.8518,0.372,0.09716,0.657,0.00708
591,,0.568,0.86464,0.496,0.81948,0.347,0.06484,0.607,-0.0606
592,8,0.561,0.87196,0.514,0.83716,0.354,0.05752,0.589,1.0
593,,0.486,0.80428,0.464,0.80484,0.329,0.0252,0.539,0.93232
594,,0.411,0.7366,0.414,0.77252,0.304,-0.00712,0.489,0.86464
595,6,0.379,0.71892,0.407,0.7652,0.286,1.0,0.446,0.82196
596,,0.304,0.65124,0.357,0.73288,0.261,0.96768,0.396,0.75428
597,,0.229,0.58356,0.307,0.70056,0.236,0.93536,0.346,0.6866
598,,0.154,0.51588,0.257,0.66824,0.211,0.90304,0.296,0.61892
599,,0.079,0.4482,0.207,0.63592,0.186,0.87072,0.246,0.55124
600,,0.004,0.38052,0.157,0.6036,0.161,0.8384,0.196,0.48356
601,,-0.071,0.31284,0.107,0.57128,0.136,0.80608,0.146,0.41588
602,1,1.0,0.33816,0.142,0.60696,0.161,0.81676,0.146,0.4162
603,,0.925,0.27048,0.092,0.57464,0.136,0.78444,0.096,0.34852
604,,0.85,0.2028,0.042,0.54232,0.111,0.75212,0.046,0.28084
605,,0.775,0.13512,-0.008,0.51,0.086,0.7198,-0.004,0.21316
606,3,0.785,0.16044,1.0,0.54568,0.111,0.73048,-0.004,0.21348
607,7,0.76,0.14976,1.0,0.54536,0.101,0.70516,1.0,0.1778
608,,0.685,0.08208,0.95,0.51304,0.076,0.67284,0.95,0.11012
609,,0.61,0.0144,0.9,0.48072,0.051,0.64052,0.9,0.04244
610,,0.535,-0.05328,0.85,0.4484,0.026,0.6082,0.85,-0.02524
611,2,0.553,1.0,0.893,0.49108,0.058,0.62588,0.857,-0.01792
612,8,0.546,1.0,0.911,0.50876,0.065,0.61856,0.839,1.0
613,,0.471,0.93232,0.861,0.47644,0.04,0.58624,0.789,0.93232
614,,0.396,0.86464,0.811,0.44412,0.015,0.55392,0.739,0.86464
615,,0.321,0.79696,0.761,0.4118,-0.01,0.5216,0.689,0.79696
616,5,0.296,0.78628,0.761,0.41148,1.0,0.33928,0.654,0.76128
617,,0.221,0.7186,0.711,0.37916,0.975,0.30696,0.604,0.6936
618,,0.146,0.65092,0.661,0.34684,0.95,0.27464,0.554,0.62592
619,,0.071,0.58324,0.611,0.31452,0.925,0.24232,0.504,0.55824
620,,-0.004,0.51556,0.561,0.2822,0.9,0.21,0.454,0.49056
621,1,1.0,0.54088,0.596,0.31788,0.925,0.22068,0.454,0.49088
622,,0.925,0.4732,0.546,0.28556,0.9,0.18836,0.404,0.4232
623,,0.85,0.40552,0.496,0.25324,0.875,0.15604,0.354,0.35552
624,,0.775,0.33784,0.446,0.22092,0.85,0.12372,0.304,0.28784
625,,0.7,0.27016,0.396,0.1886,0.825,0.0914,0.254,0.22016
626,,0.625,0.20248,0.346,0.15628,0.8,0.05908,0.204,0.15248
627,,0.55,0.1348,0.296,0.12396,0.775,0.02676,0.154,0.0848
628,,0.475,0.06712,0.246,0.09164,0.75,-0.00556,0.104,0.01712
629,6,0.443,0.04944,0.239,0.08432,0.732,1.0,0.061,-0.02556
630,8,0.436,0.05676,0.257,0.102,0.739,0.99268,0.043,1.0
631,,0.361,-0.01092,0.207,0.06968,0.714,0.96036,-0.007,0.93232
632,2,0.379,1.0,0.25,0.11236,0.746,0.97804,0.0,0.93964
633,,0.304,0.93232,0.2,0.08004,0.721,0.94572,-0.05,0.87196
634,7,0.279,0.92164,0.2,0.07972,0.711,0.9204,1.0,0.83628
635,,0.204,0.85396,0.15,0.0474,0.686,0.88808,0.95,0.7686
636,,0.129,0.78628,0.1,0.01508,0.661,0.85576,0.9,0.70092
637,,0.054,0.7186,0.05,-0.01724,0.636,0.82344,0.85,0.63324
638,4,0.047,0.72592,0.068,1.0,0.643,0.81612,0.832,0.61556
639,,-0.028,0.65824,0.018,0.96768,0.618,0.7838,0.782,0.54788
640,1,1.0,0.68356,0.053,1.0,0.643,0.79448,0.782,0.5482
641,,0.925,0.61588,0.003,0.96768,0.618,0.76216,0.732,0.48052
642,,0.85,0.5482,-0.047,0.93536,0.593,0.72984,0.682,0.41284
643,3,0.86,0.57352,1.0,0.97104,0.618,0.74052,0.682,0.41316
644,,0.785,0.50584,0.95,0.93872,0.593,0.7082,0.632,0.34548
645,,0.71,0.43816,0.9,0.9064,0.568,0.67588,0.582,0.2778
646,,0.635,0.37048,0.85,0.87408,0.543,0.64356,0.532,0.21012
647,,0.56,0.3028,0.8,0.84176,0.518,0.61124,0.482,0.14244
648,,0.485,0.23512,0.75,0.80944,0.493,0.57892,0.432,0.07476
649,,0.41,0.16744,0.7,0.77712,0.468,0.5466,0.382,0.00708
650,,0.335,0.09976,0.65,0.7448,0.443,0.51428,0.332,-0.0606
651,8,0.328,0.10708,0.668,0.76248,0.45,0.50696,0.314,1.0
652,,0.253,0.0394,0.618,0.73016,0.425,0.47464,0.264,0.93232
653,,0.178,-0.02828,0.568,0.69784,0.4,0.44232,0.214,0.86464
654,2,0.196,1.0,0.611,0.74052,0.432,0.46,0.221,0.87196
655,,0.121,0.93232,0.561,0.7082,0.407,0.42768,0.171,0.80428
656,,0.046,0.86464,0.511,0.67588,0.382,0.39536,0.121,0.7366
657,,-0.029,0.79696,0.461,0.64356,0.357,0.36304,0.071,0.66892
658,1,1.0,0.82228,0.496,0.67924,0.382,0.37372,0.071,0.66924
659,,0.925,0.7546,0.446,0.64692,0.357,0.3414,0.021,0.60156
660,,0.85,0.68692,0.396,0.6146,0.332,0.30908,-0.029,0.53388
661,7,0.825,0.67624,0.396,0.61428,0.322,0.28376,1.0,0.4982
662,,0.75,0.60856,0.346,0.58196,0.297,0.25144,0.95,0.43052
663,,0.675,0.54088,0.296,0.54964,0.272,0.21912,0.9,0.36284
664,,0.6,0.4732,0.246,0.51732,0.247,0.1868,0.85,0.29516
665,,0.525,0.40552,0.196,0.485,0.222,0.15448,0.8,0.22748
666,,0.45,0.33784,0.146,0.45268,0.197,0.12216,0.75,0.1598
667,,0.375,0.27016,0.096,0.42036,0.172,0.08984,0.7,0.09212
668,,0.3,0.20248,0.046,0.38804,0.147,0.05752,0.65,0.02444
669,,0.225,0.1348,-0.004,0.35572,0.122,0.0252,0.6,-0.04324
670,8,0.218,0.14212,0.014,0.3734,0.129,0.01788,0.582,1.0
671,,0.143,0.07444,-0.036,0.34108,0.104,-0.01444,0.532,0.93232
672,3,0.153,0.09976,1.0,0.37676,0.129,-0.00376,0.532,0.93264
673,6,0.121,0.08208,0.993,0.36944,0.111,1.0,0.489,0.88996
674,,0.046,0.0144,0.943,0.33712,0.086,0.96768,0.439,0.82228
675,,-0.029,-0.05328,0.893,0.3048,0.061,0.93536,0.389,0.7546
676,2,-0.011,1.0,0.936,0.34748,0.093,0.95304,0.396,0.76192
677,1,1.0,1.0,0.971,0.38316,0.118,0.96372,0.396,0.76224
678,,0.925,0.93232,0.921,0.35084,0.093,0.9314,0.346,0.69456
679,,0.85,0.86464,0.871,0.31852,0.068,0.89908,0.296,0.62688
680,,0.775,0.79696,0.821,0.2862,0.043,0.86676,0.246,0.5592
681,,0.7,0.72928,0.771,0.25388,0.018,0.83444,0.196,0.49152
682,,0.625,0.6616,0.721,0.22156,-0.007,0.80212,0.146,0.42384
683,5,0.6,0.65092,0.721,0.22124,1.0,0.6198,0.111,0.38816
684,,0.525,0.58324,0.671,0.18892,0.975,0.58748,0.061,0.32048
685,,0.45,0.51556,0.621,0.1566,0.95,0.55516,0.011,0.2528
686,,0.375,0.44788,0.571,0.12428,0.925,0.52284,-0.039,0.18512
687,7,0.35,0.4372,0.571,0.12396,0.915,0.49752,1.0,0.14944
688,,0.275,0.36952,0.521,0.09164,0.89,0.4652,0.95,0.08176
689,,0.2,0.30184,0.471,0.05932,0.865,0.43288,0.9,0.01408
690,,0.125,0.23416,0.421,0.027,0.84,0.40056,0.85,-0.0536
691,8,0.118,0.24148,0.439,0.04468,0.847,0.39324,0.832,1.0
692,,0.043,0.1738,0.389,0.01236,0.822,0.36092,0.782,0.93232
693,,-0.032,0.10612,0.339,-0.01996,0.797,0.3286,0.732,0.86464
694,1,1.0,0.13144,0.374,0.01572,0.822,0.33928,0.732,0.86496
695,,0.925,0.06376,0.324,-0.0166,0.797,0.30696,0.682,0.79728
696,4,0.918,0.07108,0.342,1.0,0.804,0.29964,0.664,0.7796
697,,0.843,0.0034,0.292,0.96768,0.779,0.26732,0.614,0.71192
698,,0.768,-0.06428,0.242,0.93536,0.754,0.235,0.564,0.64424
699,2,0.786,1.0,0.285,0.97804,0.786,0.25268,0.571,0.65156
700,,0.711,0.93232,0.235,0.94572,0.761,0.22036,0.521,0.58388
701,,0.636,0.86464,0.185,0.9134,0.736,0.18804,0.471,0.5162
702,,0.561,0.79696,0.135,0.88108,0.711,0.15572,0.421,0.44852
703,,0.486,0.72928,0.085,0.84876,0.686,0.1234,0.371,0.38084
704,,0.411,0.6616,0.035,0.81644,0.661,0.09108,0.321,0.31316
705,,0.336,0.59392,-0.015,0.78412,0.636,0.05876,0.271,0.24548
706,3,0.346,0.61924,1.0,0.8198,0.661,0.06944,0.271,0.2458
707,,0.271,0.55156,0.95,0.78748,0.636,0.03712,0.221,0.17812
708,,0.196,0.48388,0.9,0.75516,0.611,0.0048,0.171,0.11044
709,,0.121,0.4162,0.85,0.72284,0.586,-0.02752,0.121,0.04276
710,6,0.089,0.39852,0.843,0.71552,0.568,1.0,0.078,8e-05
711,,0.014,0.33084,0.793,0.6832,0.543,0.96768,0.028,-0.0676
712,8,0.007,0.33816,0.811,0.70088,0.55,0.96036,0.01,1.0
713,,-0.068,0.27048,0.761,0.66856,0.525,0.92804,-0.04,0.93232
714,1,1.0,0.2958,0.796,0.70424,0.55,0.93872,-0.04,0.93264
715,7,0.975,0.28512,0.796,0.70392,0.54,0.9134,1.0,0.89696
716,,0.9,0.21744,0.746,0.6716,0.515,0.88108,0.95,0.82928
717,,0.825,0.14976,0.696,0.63928,0.49,0.84876,0.9,0.7616
718,,0.75,0.08208,0.646,0.60696,0.465,0.81644,0.85,0.69392
719,,0.675,0.0144,0.596,0.57464,0.44,0.78412,0.8,0.62624
720,,0.6,-0.05328,0.546,0.54232,0.415,0.7518,0.75,0.55856
721,2,0.618,1.0,0.589,0.585,0.447,0.76948,0.757,0.56588
722,,0.543,0.93232,0.539,0.55268,0.422,0.73716,0.707,0.4982
723,,0.468,0.86464,0.489,0.52036,0.397,0.70484,0.657,0.43052
724,,0.393,0.79696,0.439,0.48804,0.372,0.67252,0.607,0.36284
725,,0.318,0.72928,0.389,0.45572,0.347,0.6402,0.557,0.29516
726,,0.243,0.6616,0.339,0.4234,0.322,0.60788,0.507,0.22748
727,,0.168,0.59392,0.289,0.39108,0.297,0.57556,0.457,0.1598
728,,0.093,0.52624,0.239,0.35876,0.272,0.54324,0.407,0.09212
729,,0.018,0.45856,0.189,0.32644,0.247,0.51092,0.357,0.02444
730,,-0.057,0.39088,0.139,0.29412,0.222,0.4786,0.307,-0.04324
731,1,1.0,0.4162,0.174,0.3298,0.247,0.48928,0.307,-0.04292
732,8,0.993,0.42352,0.192,0.34748,0.254,0.48196,0.289,1.0
733,,0.918,0.35584,0.142,0.31516,0.229,0.44964,0.239,0.93232
734,,0.843,0.28816,0.092,0.28284,0.204,0.41732,0.189,0.86464
735,,0.768,0.22048,0.042,0.25052,0.179,0.385,0.139,0.79696
736,,0.693,0.1528,-0.008,0.2182,0.154,0.35268,0.089,0.72928
737,3,0.703,0.17812,1.0,0.25388,0.179,0.36336,0.089,0.7296
738,,0.628,0.11044,0.95,0.22156,0.154,0.33104,0.039,0.66192
739,,0.553,0.04276,0.9,0.18924,0.129,0.29872,-0.011,0.59424
740,7,0.528,0.03208,0.9,0.18892,0.119,0.2734,1.0,0.55856
741,,0.453,-0.0356,0.85,0.1566,0.094,0.24108,0.95,0.49088
742,2,0.471,1.0,0.893,0.19928,0.126,0.25876,0.957,0.4982
743,,0.396,0.93232,0.843,0.16696,0.101,0.22644,0.907,0.43052
744,,0.321,0.86464,0.793,0.13464,0.076,0.19412,0.857,0.36284
745,,0.246,0.79696,0.743,0.10232,0.051,0.1618,0.807,0.29516
746,,0.171,0.72928,0.693,0.07,0.026,0.12948,0.757,0.22748
747,,0.096,0.6616,0.643,0.03768,0.001,0.09716,0.707,0.1598
748,,0.021,0.59392,0.593,0.00536,-0.024,0.06484,0.657,0.09212
749,5,-0.004,0.58324,0.593,0.00504,1.0,-0.11748,0.622,0.05644
750,6,-0.036,0.56556,0.586,-0.00228,0.982,1.0,0.579,0.01376
751,1,1.0,0.59088,0.621,0.0334,1.0,1.0,0.579,0.01408
752,,0.925,0.5232,0.571,0.00108,0.975,0.96768,0.529,-0.0536
753,8,0.918,0.53052,0.589,0.01876,0.982,0.96036,0.511,1.0
754,,0.843,0.46284,0.539,-0.01356,0.957,0.92804,0.461,0.93232
755,4,0.836,0.47016,0.557,1.0,0.964,0.92072,0.443,0.91464
756,,0.761,0.40248,0.507,0.96768,0.939,0.8884,0.393,0.84696
757,,0.686,0.3348,0.457,0.93536,0.914,0.85608,0.343,0.77928
758,,0.611,0.26712,0.407,0.90304,0.889,0.82376,0.293,0.7116
759,,0.536,0.19944,0.357,0.87072,0.864,0.79144,0.243,0.64392
760,,0.461,0.13176,0.307,0.8384,0.839,0.75912,0.193,0.57624
761,,0.386,0.06408,0.257,0.80608,0.814,0.7268,0.143,0.50856
762,,0.311,-0.0036,0.207,0.77376,0.789,0.69448,0.093,0.44088
763,2,0.329,1.0,0.25,0.81644,0.821,0.71216,0.1,0.4482
764,,0.254,0.93232,0.2,0.78412,0.796,0.67984,0.05,0.38052
765,,0.179,0.86464,0.15,0.7518,0.771,0.64752,0.0,0.31284
766,,0.104,0.79696,0.1,0.71948,0.746,0.6152,-0.05,0.24516
767,7,0.079,0.78628,0.1,0.71916,0.736,0.58988,1.0,0.20948
768,,0.004,0.7186,0.05,0.68684,0.711,0.55756,0.95,0.1418
769,,-0.071,0.65092,0.0,0.65452,0.686,0.52524,0.9,0.07412
770,1,1.0,0.67624,0.035,0.6902,0.711,0.53592,0.9,0.07444
771,,0.925,0.60856,-0.015,0.65788,0.686,0.5036,0.85,0.00676
772,3,0.935,0.63388,1.0,0.69356,0.711,0.51428,0.85,0.00708
773,,0.86,0.5662,0.95,0.66124,0.686,0.48196,0.8,-0.0606
774,8,0.853,0.57352,0.968,0.67892,0.693,0.47464,0.782,1.0
775,,0.778,0.50584,0.918,0.6466,0.668,0.44232,0.732,0.93232
776,,0.703,0.43816,0.868,0.61428,0.643,0.41,0.682,0.86464
777,,0.628,0.37048,0.818,0.58196,0.618,0.37768,0.632,0.79696
778,,0.553,0.3028,0.768,0.54964,0.593,0.34536,0.582,0.72928
779,,0.478,0.23512,0.718,0.51732,0.568,0.31304,0.532,0.6616
780,,0.403,0.16744,0.668,0.485,0.543,0.28072,0.482,0.59392
781,,0.328,0.09976,0.618,0.45268,0.518,0.2484,0.432,0.52624
782,,0.253,0.03208,0.568,0.42036,0.493,0.21608,0.382,0.45856
783,,0.178,-0.0356,0.518,0.38804,0.468,0.18376,0.332,0.39088
784,2,0.196,1.0,0.561,0.43072,0.5,0.20144,0.339,0.3982
785,,0.121,0.93232,0.511,0.3984,0.475,0.16912,0.289,0.33052
786,,0.046,0.86464,0.461,0.36608,0.45,0.1368,0.239,0.26284
787,,-0.029,0.79696,0.411,0.33376,0.425,0.10448,0.189,0.19516
788,1,1.0,0.82228,0.446,0.36944,0.45,0.11516,0.189,0.19548
789,,0.925,0.7546,0.396,0.33712,0.425,0.08284,0.139,0.1278
790,,0.85,0.68692,0.346,0.3048,0.4,0.05052,0.089,0.06012
791,,0.775,0.61924,0.296,0.27248,0.375,0.0182,0.039,-0.00756
792,8,0.768,0.62656,0.314,0.29016,0.382,0.01088,0.021,1.0
793,,0.693,0.55888,0.264,0.25784,0.357,-0.02144,-0.029,0.93232
794,7,0.668,0.5482,0.264,0.25752,0.347,-0.04676,1.0,0.89664
795,6,0.636,0.53052,0.257,0.2502,0.329,1.0,0.957,0.85396
796,,0.561,0.46284,0.207,0.21788,0.304,0.96768,0.907,0.78628
797,,0.486,0.39516,0.157,0.18556,0.279,0.93536,0.857,0.7186
798,,0.411,0.32748,0.107,0.15324,0.254,0.90304,0.807,0.65092
799,,0.336,0.2598,0.057,0.12092,0.229,0.87072,0.757,0.58324
800,,0.261,0.19212,0.007,0.0886,0.204,0.8384,0.707,0.51556
801,,0.186,0.12444,-0.043,0.05628,0.179,0.80608,0.657,0.44788
802,3,0.196,0.14976,1.0,0.09196,0.204,0.81676,0.657,0.4482
803,,0.121,0.08208,0.95,0.05964,0.179,0.78444,0.607,0.38052
804,,0.046,0.0144,0.9,0.02732,0.154,0.75212,0.557,0.31284
805,,-0.029,-0.05328,0.85,-0.005,0.129,0.7198,0.507,0.24516
806,2,-0.011,1.0,0.893,0.03768,0.161,0.73748,0.514,0.25248
807,1,1.0,1.0,0.928,0.07336,0.186,0.74816,0.514,0.2528
808,,0.925,0.93232,0.878,0.04104,0.161,0.71584,0.464,0.18512
809,,0.85,0.86464,0.828,0.00872,0.136,0.68352,0.414,0.11744
810,,0.775,0.79696,0.778,-0.0236,0.111,0.6512,0.364,0.04976
811,4,0.768,0.80428,0.796,1.0,0.118,0.64388,0.346,0.03208
812,,0.693,0.7366,0.746,0.96768,0.093,0.61156,0.296,-0.0356
813,8,0.686,0.74392,0.764,0.98536,0.1,0.60424,0.278,1.0
814,,0.611,0.67624,0.714,0.95304,0.075,0.57192,0.228,0.93232
815,,0.536,0.60856,0.664,0.92072,0.05,0.5396,0.178,0.86464
816,,0.461,0.54088,0.614,0.8884,0.025,0.50728,0.128,0.79696
817,,0.386,0.4732,0.564,0.85608,0.0,0.47496,0.078,0.72928
818,,0.311,0.40552,0.514,0.82376,-0.025,0.44264,0.028,0.6616
819,5,0.286,0.39484,0.514,0.82344,1.0,0.26032,-0.007,0.62592
820,7,0.261,0.38416,0.514,0.82312,0.99,0.235,1.0,0.59024
821,,0.186,0.31648,0.464,0.7908,0.965,0.20268,0.95,0.52256
822,,0.111,0.2488,0.414,0.75848,0.94,0.17036,0.9,0.45488
823,,0.036,0.18112,0.364,0.72616,0.915,0.13804,0.85,0.3872
824,,-0.039,0.11344,0.314,0.69384,0.89,0.10572,0.8,0.31952
825,1,1.0,0.13876,0.349,0.72952,0.915,0.1164,0.8,0.31984
826,,0.925,0.07108,0.299,0.6972,0.89,0.08408,0.75,0.25216
827,,0.85,0.0034,0.249,0.66488,0.865,0.05176,0.7,0.18448
828,,0.775,-0.06428,0.199,0.63256,0.84,0.01944,0.65,0.1168
829,2,0.793,1.0,0.242,0.67524,0.872,0.03712,0.657,0.12412
830,,0.718,0.93232,0.192,0.64292,0.847,0.0048,0.607,0.05644
831,,0.643,0.86464,0.142,0.6106,0.822,-0.02752,0.557,-0.01124
832,6,0.611,0.84696,0.135,0.60328,0.804,1.0,0.514,-0.05392
833,8,0.604,0.85428,0.153,0.62096,0.811,0.99268,0.496,1.0
834,,0.529,0.7866,0.103,0.58864,0.786,0.96036,0.446,0.93232
835,,0.454,0.71892,0.053,0.55632,0.761,0.92804,0.396,0.86464
836,,0.379,0.65124,0.003,0.524,0.736,0.89572,0.346,0.79696
837,,0.304,0.58356,-0.047,0.49168,0.711,0.8634,0.296,0.72928
838,3,0.314,0.60888,1.0,0.52736,0.736,0.87408,0.296,0.7296
839,,0.239,0.5412,0.95,0.49504,0.711,0.84176,0.246,0.66192
840,,0.164,0.47352,0.9,0.46272,0.686,0.80944,0.196,0.59424
841,,0.089,0.40584,0.85,0.4304,0.661,0.77712,0.146,0.52656
842,,0.014,0.33816,0.8,0.39808,0.636,0.7448,0.096,0.45888
843,,-0.061,0.27048,0.75,0.36576,0.611,0.71248,0.046,0.3912
844,1,1.0,0.2958,0.785,0.40144,0.636,0.72316,0.046,0.39152
845,,0.925,0.22812,0.735,0.36912,0.611,0.69084,-0.004,0.32384
846,7,0.9,0.21744,0.735,0.3688,0.601,0.66552,1.0,0.28816
847,,0.825,0.14976,0.685,0.33648,0.576,0.6332,0.95,0.22048
848,,0.75,0.08208,0.635,0.30416,0.551,0.60088,0.9,0.1528
849,,0.675,0.0144,0.585,0.27184,0.526,0.56856,0.85,0.08512
850,,0.6,-0.05328,0.535,0.23952,0.501,0.53624,0.8,0.01744
851,2,0.618,1.0,0.578,0.2822,0.533,0.55392,0.807,0.02476
852,,0.543,0.93232,0.528,0.24988,0.508,0.5216,0.757,-0.04292
853,8,0.536,0.93964,0.546,0.26756,0.515,0.51428,0.739,1.0
854,,0.461,0.87196,0.496,0.23524,0.49,0.48196,0.689,0.93232
855,,0.386,0.80428,0.446,0.20292,0.465,0.44964,0.639,0.86464
856,,0.311,0.7366,0.396,0.1706,0.44,0.41732,0.589,0.79696
857,,0.236,0.66892,0.346,0.13828,0.415,0.385,0.539,0.72928
858,,0.161,0.60124,0.296,0.10596,0.39,0.35268,0.489,0.6616
859,,0.086,0.53356,0.246,0.07364,0.365,0.32036,0.439,0.59392
860,,0.011,0.46588,0.196,0.04132,0.34,0.28804,0.389,0.52624
861,,-0.064,0.3982,0.146,0.009,0.315,0.25572,0.339,0.45856
862,1,1.0,0.42352,0.181,0.04468,0.34,0.2664,0.339,0.45888
863,,0.925,0.35584,0.131,0.01236,0.315,0.23408,0.289,0.3912
864,,0.85,0.28816,0.081,-0.01996,0.29,0.20176,0.239,0.32352
865,4,0.843,0.29548,0.099,1.0,0.297,0.19444,0.221,0.30584
866,,0.768,0.2278,0.049,0.96768,0.272,0.16212,0.171,0.23816
867,,0.693,0.16012,-0.001,0.93536,0.247,0.1298,0.121,0.17048
868,3,0.703,0.18544,1.0,0.97104,0.272,0.14048,0.121,0.1708
869,,0.628,0.11776,0.95,0.93872,0.247,0.10816,0.071,0.10312
870,,0.553,0.05008,0.9,0.9064,0.222,0.07584,0.021,0.03544
871,,0.478,-0.0176,0.85,0.87408,0.197,0.04352,-0.029,-0.03224
872,8,0.471,-0.01028,0.868,0.89176,0.204,0.0362,-0.047,1.0
873,7,0.446,-0.02096,0.868,0.89144,0.194,0.01088,1.0,0.96432
874,2,0.464,1.0,0.911,0.93412,0.226,0.02856,1.0,0.97164
875,,0.389,0.93232,0.861,0.9018,0.201,-0.00376,0.95,0.90396
876,6,0.357,0.91464,0.854,0.89448,0.183,1.0,0.907,0.86128
877,,0.282,0.84696,0.804,0.86216,0.158,0.96768,0.857,0.7936
878,,0.207,0.77928,0.754,0.82984,0.133,0.93536,0.807,0.72592
879,,0.132,0.7116,0.704,0.79752,0.108,0.90304,0.757,0.65824
880,,0.057,0.64392,0.654,0.7652,0.083,0.87072,0.707,0.59056
881,,-0.018,0.57624,0.604,0.73288,0.058,0.8384,0.657,0.52288
882,1,1.0,0.60156,0.639,0.76856,0.083,0.84908,0.657,0.5232
883,,0.925,0.53388,0.589,0.73624,0.058,0.81676,0.607,0.45552
884,,0.85,0.4662,0.539,0.70392,0.033,0.78444,0.557,0.38784
885,,0.775,0.39852,0.489,0.6716,0.008,0.75212,0.507,0.32016
886,,0.7,0.33084,0.439,0.63928,-0.017,0.7198,0.457,0.25248
887,5,0.675,0.32016,0.439,0.63896,1.0,0.53748,0.422,0.2168
888,,0.6,0.25248,0.389,0.60664,0.975,0.50516,0.372,0.14912
889,,0.525,0.1848,0.339,0.57432,0.95,0.47284,0.322,0.08144
890,,0.45,0.11712,0.289,0.542,0.925,0.44052,0.272,0.01376
891,,0.375,0.04944,0.239,0.50968,0.9,0.4082,0.222,-0.05392
892,8,0.368,0.05676,0.257,0.52736,0.907,0.40088,0.204,1.0
893,,0.293,-0.01092,0.207,0.49504,0.882,0.36856,0.154,0.93232
894,2,0.311,1.0,0.25,0.53772,0.914,0.38624,0.161,0.93964
895,,0.236,0.93232,0.2,0.5054,0.889,0.35392,0.111,0.87196
896,,0.161,0.86464,0.15,0.47308,0.864,0.3216,0.061,0.80428
897,,0.086,0.79696,0.1,0.44076,0.839,0.28928,0.011,0.7366
898,,0.011,0.72928,0.05,0.40844,0.814,0.25696,-0.039,0.66892
899,7,-0.014,0.7186,0.05,0.40812,0.804,0.23164,1.0,0.63324
900,1,1.0,0.74392,0.085,0.4438,0.829,0.24232,1.0,0.63356
901,,0.925,0.67624,0.035,0.41148,0.804,0.21,0.95,0.56588
902,,0.85,0.60856,-0.015,0.37916,0.779,0.17768,0.9,0.4982
903,3,0.86,0.63388,1.0,0.41484,0.804,0.18836,0.9,0.49852
904,,0.785,0.5662,0.95,0.38252,0.779,0.15604,0.85,0.43084
905,,0.71,0.49852,0.9,0.3502,0.754,0.12372,0.8,0.36316
906,,0.635,0.43084,0.85,0.31788,0.729,0.0914,0.75,0.29548
907,,0.56,0.36316,0.8,0.28556,0.704,0.05908,0.7,0.2278
908,,0.485,0.29548,0.75,0.25324,0.679,0.02676,0.65,0.16012
909,,0.41,0.2278,0.7,0.22092,0.654,-0.00556,0.6,0.09244
910,6,0.378,0.21012,0.693,0.2136,0.636,1.0,0.557,0.04976
911,,0.303,0.14244,0.643,0.18128,0.611,0.96768,0.507,-0.01792
912,8,0.296,0.14976,0.661,0.19896,0.618,0.96036,0.489,1.0
913,,0.221,0.08208,0.611,0.16664,0.593,0.92804,0.439,0.93232
914,,0.146,0.0144,0.561,0.13432,0.568,0.89572,0.389,0.86464
915,,0.071,-0.05328,0.511,0.102,0.543,0.8634,0.339,0.79696
916,2,0.089,1.0,0.554,0.14468,0.575,0.88108,0.346,0.80428
917,,0.014,0.93232,0.504,0.11236,0.55,0.84876,0.296,0.7366
918,,-0.061,0.86464,0.454,0.08004,0.525,0.81644,0.246,0.66892
919,1,1.0,0.88996,0.489,0.11572,0.55,0.82712,0.246,0.66924
920,,0.925,0.82228,0.439,0.0834,0.525,0.7948,0.196,0.60156
921,,0.85,0.7546,0.389,0.05108,0.5,0.76248,0.146,0.53388
922,,0.775,0.68692,0.339,0.01876,0.475,0.73016,0.096,0.4662
923,,0.7,0.61924,0.289,-0.01356,0.45,0.69784,0.046,0.39852
924,4,0.693,0.62656,0.307,1.0,0.457,0.69052,0.028,0.38084
925,,0.618,0.55888,0.257,0.96768,0.432,0.6582,-0.022,0.31316
926,7,0.593,0.5482,0.257,0.96736,0.422,0.63288,1.0,0.27748
927,,0.518,0.48052,0.207,0.93504,0.397,0.60056,0.95,0.2098
928,,0.443,0.41284,0.157,0.90272,0.372,0.56824,0.9,0.14212
929,,0.368,0.34516,0.107,0.8704,0.347,0.53592,0.85,0.07444
930,,0.293,0.27748,0.057,0.83808,0.322,0.5036,0.8,0.00676
931,,0.218,0.2098,0.007,0.80576,0.297,0.47128,0.75,-0.06092
932,8,0.211,0.21712,0.025,0.82344,0.304,0.46396,0.732,1.0
933,,0.136,0.14944,-0.025,0.79112,0.279,0.43164,0.682,0.93232
934,3,0.146,0.17476,1.0,0.8268,0.304,0.44232,0.682,0.93264
935,,0.071,0.10708,0.95,0.79448,0.279,0.41,0.632,0.86496
936,,-0.004,0.0394,0.9,0.76216,0.254,0.37768,0.582,0.79728
937,1,1.0,0.06472,0.935,0.79784,0.279,0.38836,0.582,0.7976
938,,0.925,-0.00296,0.885,0.76552,0.254,0.35604,0.532,0.72992
939,2,0.943,1.0,0.928,0.8082,0.286,0.37372,0.539,0.73724
940,,0.868,0.93232,0.878,0.77588,0.261,0.3414,0.489,0.66956
941,,0.793,0.86464,0.828,0.74356,0.236,0.30908,0.439,0.60188
942,,0.718,0.79696,0.778,0.71124,0.211,0.27676,0.389,0.5342
943,,0.643,0.72928,0.728,0.67892,0.186,0.24444,0.339,0.46652
944,,0.568,0.6616,0.678,0.6466,0.161,0.21212,0.289,0.39884
945,,0.493,0.59392,0.628,0.61428,0.136,0.1798,0.239,0.33116
946,,0.418,0.52624,0.578,0.58196,0.111,0.14748,0.189,0.26348
947,,0.343,0.45856,0.528,0.54964,0.086,0.11516,0.139,0.1958
948,,0.268,0.39088,0.478,0.51732,0.061,0.08284,0.089,0.12812
949,,0.193,0.3232,0.428,0.485,0.036,0.05052,0.039,0.06044
950,,0.118,0.25552,0.378,0.45268,0.011,0.0182,-0.011,-0.00724
951,7,0.093,0.24484,0.378,0.45236,0.001,-0.00712,1.0,-0.04292
952,8,0.086,0.25216,0.396,0.47004,0.008,-0.01444,0.982,1.0
953,6,0.054,0.23448,0.389,0.46272,-0.01,1.0,0.939,0.95732
954,5,0.029,0.2238,0.389,0.4624,1.0,0.81768,0.904,0.92164
955,,-0.046,0.15612,0.339,0.43008,0.975,0.78536,0.854,0.85396
956,1,1.0,0.18144,0.374,0.46576,1.0,0.79604,0.854,0.85428
957,,0.925,0.11376,0.324,0.43344,0.975,0.76372,0.804,0.7866
958,,0.85,0.04608,0.274,0.40112,0.95,0.7314,0.754,0.71892
959,,0.775,-0.0216,0.224,0.3688,0.925,0.69908,0.704,0.65124
960,2,0.793,1.0,0.267,0.41148,0.957,0.71676,0.711,0.65856
961,,0.718,0.93232,0.217,0.37916,0.932,0.68444,0.661,0.59088
962,,0.643,0.86464,0.167,0.34684,0.907,0.65212,0.611,0.5232
963,,0.568,0.79696,0.117,0.31452,0.882,0.6198,0.561,0.45552
964,,0.493,0.72928,0.067,0.2822,0.857,0.58748,0.511,0.38784
965,,0.418,0.6616,0.017,0.24988,0.832,0.55516,0.461,0.32016
966,,0.343,0.59392,-0.033,0.21756,0.807,0.52284,0.411,0.25248
967,3,0.353,0.61924,1.0,0.25324,0.832,0.53352,0.411,0.2528
968,,0.278,0.55156,0.95,0.22092,0.807,0.5012,0.361,0.18512
969,,0.203,0.48388,0.9,0.1886,0.782,0.46888,0.311,0.11744
970,,0.128,0.4162,0.85,0.15628,0.757,0.43656,0.261,0.04976
971,,0.053,0.34852,0.8,0.12396,0.732,0.40424,0.211,-0.01792
972,8,0.046,0.35584,0.818,0.14164,0.739,0.39692,0.193,1.0
973,,-0.029,0.28816,0.768,0.10932,0.714,0.3646,0.143,0.93232
974,1,1.0,0.31348,0.803,0.145,0.739,0.37528,0.143,0.93264
975,,0.925,0.2458,0.753,0.11268,0.714,0.34296,0.093,0.86496
976,,0.85,0.17812,0.703,0.08036,0.689,0.31064,0.043,0.79728
977,,0.775,0.11044,0.653,0.04804,0.664,0.27832,-0.007,0.7296
978,7,0.75,0.09976,0.653,0.04772,0.654,0.253,1.0,0.69392
979,,0.675,0.03208,0.603,0.0154,0.629,0.22068,0.95,0.62624
980,,0.6,-0.0356,0.553,-0.01692,0.604,0.18836,0.9,0.55856
981,2,0.618,1.0,0.596,0.02576,0.636,0.20604,0.907,0.56588
982,,0.543,0.93232,0.546,-0.00656,0.611,0.17372,0.857,0.4982
983,4,0.536,0.93964,0.564,1.0,0.618,0.1664,0.839,0.48052
984,,0.461,0.87196,0.514,0.96768,0.593,0.13408,0.789,0.41284
985,,0.386,0.80428,0.464,0.93536,0.568,0.10176,0.739,0.34516
986,,0.311,0.7366,0.414,0.90304,0.543,0.06944,0.689,0.27748
987,,0.236,0.66892,0.364,0.87072,0.518,0.03712,0.639,0.2098
988,,0.161,0.60124,0.314,0.8384,0.493,0.0048,0.589,0.14212
989,,0.086,0.53356,0.264,0.80608,0.468,-0.02752,0.539,0.07444
990,6,0.054,0.51588,0.257,0.79876,0.45,1.0,0.496,0.03176
991,,-0.021,0.4482,0.207,0.76644,0.425,0.96768,0.446,-0.03592
992,8,-0.028,0.45552,0.225,0.78412,0.432,0.96036,0.428,1.0
993,1,1.0,0.48084,0.26,0.8198,0.457,0.97104,0.428,1.0
994,,0.925,0.41316,0.21,0.78748,0.432,0.93872,0.378,0.93232
995,,0.85,0.34548,0.16,0.75516,0.407,0.9064,0.328,0.86464
996,,0.775,0.2778,0.11,0.72284,0.382,0.87408,0.278,0.79696
997,,0.7,0.21012,0.06,0.69052,0.357,0.84176,0.228,0.72928
998,,0.625,0.14244,0.01,0.6582,0.332,0.80944,0.178,0.6616
999,,0.55,0.07476,-0.04,0.62588,0.307,0.77712,0.128,0.59392
1000,3,0.56,0.10008,1.0,0.66156,0.332,0.7878,0.128,0.59424
1001,,0.485,0.0324,0.95,0.62924,0.307,0.75548,0.078,0.52656
1002,,0.41,-0.03528,0.9,0.59692,0.282,0.72316,0.028,0.45888
1003,2,0.428,1.0,0.943,0.6396,0.314,0.74084,0.035,0.4662
1004,,0.353,0.93232,0.893,0.60728,0.289,0.70852,-0.015,0.39852
1005,7,0.328,0.92164,0.893,0.60696,0.279,0.6832,1.0,0.36284
1006,,0.253,0.85396,0.843,0.57464,0.254,0.65088,0.95,0.29516
1007,,0.178,0.78628,0.793,0.54232,0.229,0.61856,0.9,0.22748
1008,,0.103,0.7186,0.743,0.51,0.204,0.58624,0.85,0.1598
1009,,0.028,0.65092,0.693,0.47768,0.179,0.55392,0.8,0.09212
1010,,-0.047,0.58324,0.643,0.44536,0.154,0.5216,0.75,0.02444
1011,1,1.0,0.60856,0.678,0.48104,0.179,0.53228,0.75,0.02476
1012,,0.925,0.54088,0.628,0.44872,0.154,0.49996,0.7,-0.04292
1013,8,0.918,0.5482,0.646,0.4664,0.161,0.49264,0.682,1.0
1014,,0.843,0.48052,0.596,0.43408,0.136,0.46032,0.632,0.93232
1015,,0.768,0.41284,0.546,0.40176,0.111,0.428,0.582,0.86464
1016,,0.693,0.34516,0.496,0.36944,0.086,0.39568,0.532,0.79696
1017,,0.618,0.27748,0.446,0.33712,0.061,0.36336,0.482,0.72928
1018,,0.543,0.2098,0.396,0.3048,0.036,0.33104,0.432,0.6616
1019,,0.468,0.14212,0.346,0.27248,0.011,0.29872,0.382,0.59392
1020,,0.393,0.07444,0.296,0.24016,-0.014,0.2664,0.332,0.52624
1021,5,0.368,0.06376,0.296,0.23984,1.0,0.08408,0.297,0.49056
1022,,0.293,-0.00392,0.246,0.20752,0.975,0.05176,0.247,0.42288
1023,2,0.311,1.0,0.289,0.2502,1.0,0.06944,0.254,0.4302
1024,,0.236,0.93232,0.239,0.21788,0.975,0.03712,0.204,0.36252
1025,,0.161,0.86464,0.189,0.18556,0.95,0.0048,0.154,0.29484
1026,,0.086,0.79696,0.139,0.15324,0.925,-0.02752,0.104,0.22716
1027,6,0.054,0.77928,0.132,0.14592,0.907,1.0,0.061,0.18448
1028,,-0.021,0.7116,0.082,0.1136,0.882,0.96768,0.011,0.1168
1029,1,1.0,0.73692,0.117,0.14928,0.907,0.97836,0.011,0.11712
1030,,0.925,0.66924,0.067,0.11696,0.882,0.94604,-0.039,0.04944
1031,7,0.9,0.65856,0.067,0.11664,0.872,0.92072,1.0,0.01376
1032,,0.825,0.59088,0.017,0.08432,0.847,0.8884,0.95,-0.05392
1033,8,0.818,0.5982,0.035,0.102,0.854,0.88108,0.932,1.0
1034,,0.743,0.53052,-0.015,0.06968,0.829,0.84876,0.882,0.93232
1035,3,0.753,0.55584,1.0,0.10536,0.854,0.85944,0.882,0.93264
1036,,0.678,0.48816,0.95,0.07304,0.829,0.82712,0.832,0.86496
1037,,0.603,0.42048,0.9,0.04072,0.804,0.7948,0.782,0.79728
1038,,0.528,0.3528,0.85,0.0084,0.779,0.76248,0.732,0.7296
1039,,0.453,0.28512,0.8,-0.02392,0.754,0.73016,0.682,0.66192
1040,4,0.446,0.29244,0.818,1.0,0.761,0.72284,0.664,0.64424
1041,,0.371,0.22476,0.768,0.96768,0.736,0.69052,0.614,0.57656
1042,,0.296,0.15708,0.718,0.93536,0.711,0.6582,0.564,0.50888
1043,,0.221,0.0894,0.668,0.90304,0.686,0.62588,0.514,0.4412
1044,,0.146,0.02172,0.618,0.87072,0.661,0.59356,0.464,0.37352
1045,,0.071,-0.04596,0.568,0.8384,0.636,0.56124,0.414,0.30584
1046,2,0.089,1.0,0.611,0.88108,0.668,0.57892,0.421,0.31316
1047,,0.014,0.93232,0.561,0.84876,0.643,0.5466,0.371,0.24548
1048,,-0.061,0.86464,0.511,0.81644,0.618,0.51428,0.321,0.1778
1049,1,1.0,0.88996,0.546,0.85212,0.643,0.52496,0.321,0.17812
1050,,0.925,0.82228,0.496,0.8198,0.618,0.49264,0.271,0.11044
1051,,0.85,0.7546,0.446,0.78748,0.593,0.46032,0.221,0.04276
1052,,0.775,0.68692,0.396,0.75516,0.568,0.428,0.171,-0.02492
1053,8,0.768,0.69424,0.414,0.77284,0.575,0.42068,0.153,1.0
1054,,0.693,0.62656,0.364,0.74052,0.55,0.38836,0.103,0.93232
1055,,0.618,0.55888,0.314,0.7082,0.525,0.35604,0.053,0.86464
1056,,0.543,0.4912,0.264,0.67588,0.5,0.32372,0.003,0.79696
1057,,0.468,0.42352,0.214,0.64356,0.475,0.2914,-0.047,0.72928
1058,7,0.443,0.41284,0.214,0.64324,0.465,0.26608,1.0,0.6936
1059,,0.368,0.34516,0.164,0.61092,0.44,0.23376,0.95,0.62592
1060,,0.293,0.27748,0.114,0.5786,0.415,0.20144,0.9,0.55824
1061,,0.218,0.2098,0.064,0.54628,0.39,0.16912,0.85,0.49056
1062,,0.143,0.14212,0.014,0.51396,0.365,0.1368,0.8,0.42288
1063,,0.068,0.07444,-0.036,0.48164,0.34,0.10448,0.75,0.3552
1064,3,0.078,0.09976,1.0,0.51732,0.365,0.11516,0.75,0.35552
1065,,0.003,0.03208,0.95,0.485,0.34,0.08284,0.7,0.28784
1066,,-0.072,-0.0356,0.9,0.45268,0.315,0.05052,0.65,0.22016
1067,1,1.0,-0.01028,0.935,0.48836,0.34,0.0612,0.65,0.22048
1068,2,1.0,1.0,0.978,0.53104,0.372,0.07888,0.657,0.2278
1069,,0.925,0.93232,0.928,0.49872,0.347,0.04656,0.607,0.16012
1070,,0.85,0.86464,0.878,0.4664,0.322,0.01424,0.557,0.09244
1071,,0.775,0.79696,0.828,0.43408,0.297,-0.01808,0.507,0.02476
1072,6,0.743,0.77928,0.821,0.42676,0.279,1.0,0.464,-0.01792
1073,8,0.736,0.7866,0.839,0.44444,0.286,0.99268,0.446,1.0
1074,,0.661,0.71892,0.789,0.41212,0.261,0.96036,0.396,0.93232
1075,,0.586,0.65124,0.739,0.3798,0.236,0.92804,0.346,0.86464
1076,,0.511,0.58356,0.689,0.34748,0.211,0.89572,0.296,0.79696
1077,,0.436,0.51588,0.639,0.31516,0.186,0.8634,0.246,0.72928
1078,,0.361,0.4482,0.589,0.28284,0.161,0.83108,0.196,0.6616
1079,,0.286,0.38052,0.539,0.25052,0.136,0.79876,0.146,0.59392
1080,,0.211,0.31284,0.489,0.2182,0.111,0.76644,0.096,0.52624
1081,,0.136,0.24516,0.439,0.18588,0.086,0.73412,0.046,0.45856
1082,,0.061,0.17748,0.389,0.15356,0.061,0.7018,-0.004,0.39088
1083,7,0.036,0.1668,0.389,0.15324,0.051,0.67648,1.0,0.3552
1084,,-0.039,0.09912,0.339,0.12092,0.026,0.64416,0.95,0.28752
1085,1,1.0,0.12444,0.374,0.1566,0.051,0.65484,0.95,0.28784
1086,,0.925,0.05676,0.324,0.12428,0.026,0.62252,0.9,0.22016
1087,,0.85,-0.01092,0.274,0.09196,0.001,0.5902,0.85,0.15248
1088,2,0.868,1.0,0.317,0.13464,0.033,0.60788,0.857,0.1598
1089,,0.793,0.93232,0.267,0.10232,0.008,0.57556,0.807,0.09212
1090,,0.718,0.86464,0.217,0.07,-0.017,0.54324,0.757,0.02444
1091,5,0.693,0.85396,0.217,0.06968,1.0,0.36092,0.722,-0.01124
1092,8,0.686,0.86128,0.235,0.08736,1.0,0.3536,0.704,1.0
1093,,0.611,0.7936,0.185,0.05504,0.975,0.32128,0.654,0.93232
1094,,0.536,0.72592,0.135,0.02272,0.95,0.28896,0.604,0.86464
1095,,0.461,0.65824,0.085,-0.0096,0.925,0.25664,0.554,0.79696
1096,4,0.454,0.66556,0.103,1.0,0.932,0.24932,0.536,0.77928
1097,,0.379,0.59788,0.053,0.96768,0.907,0.217,0.486,0.7116
1098,,0.304,0.5302,0.003,0.93536,0.882,0.18468,0.436,0.64392
1099,,0.229,0.46252,-0.047,0.90304,0.857,0.15236,0.386,0.57624
1100,3,0.239,0.48784,1.0,0.93872,0.882,0.16304,0.386,0.57656
1101,,0.164,0.42016,0.95,0.9064,0.857,0.13072,0.336,0.50888
1102,,0.089,0.35248,0.9,0.87408,0.832,0.0984,0.286,0.4412
1103,,0.014,0.2848,0.85,0.84176,0.807,0.06608,0.236,0.37352
1104,,-0.061,0.21712,0.8,0.80944,0.782,0.03376,0.186,0.30584
1105,1,1.0,0.24244,0.835,0.84512,0.807,0.04444,0.186,0.30616
1106,,0.925,0.17476,0.785,0.8128,0.782,0.01212,0.136,0.23848
1107,,0.85,0.10708,0.735,0.78048,0.757,-0.0202,0.086,0.1708
1108,6,0.818,0.0894,0.728,0.77316,0.739,1.0,0.043,0.12812
1109,,0.743,0.02172,0.678,0.74084,0.714,0.96768,-0.007,0.06044
1110,7,0.718,0.01104,0.678,0.74052,0.704,0.94236,1.0,0.02476
1111,,0.643,-0.05664,0.628,0.7082,0.679,0.91004,0.95,-0.04292
1112,2,0.661,1.0,0.671,0.75088,0.711,0.92772,0.957,-0.0356
1113,8,0.654,1.0,0.689,0.76856,0.718,0.9204,0.939,1.0
1114,,0.579,0.93232,0.639,0.73624,0.693,0.88808,0.889,0.93232
1115,,0.504,0.86464,0.589,0.70392,0.668,0.85576,0.839,0.86464
1116,,0.429,0.79696,0.539,0.6716,0.643,0.82344,0.789,0.79696
1117,,0.354,0.72928,0.489,0.63928,0.618,0.79112,0.739,0.72928
1118,,0.279,0.6616,0.439,0.60696,0.593,0.7588,0.689,0.6616
1119,,0.204,0.59392,0.389,0.57464,0.568,0.72648,0.639,0.59392
1120,,0.129,0.52624,0.339,0.54232,0.543,0.69416,0.589,0.52624
1121,,0.054,0.45856,0.289,0.51,0.518,0.66184,0.539,0.45856
1122,,-0.021,0.39088,0.239,0.47768,0.493,0.62952,0.489,0.39088
1123,1,1.0,0.4162,0.274,0.51336,0.518,0.6402,0.489,0.3912
1124,,0.925,0.34852,0.224,0.48104,0.493,0.60788,0.439,0.32352
1125,,0.85,0.28084,0.174,0.44872,0.468,0.57556,0.389,0.25584
1126,,0.775,0.21316,0.124,0.4164,0.443,0.54324,0.339,0.18816
1127,,0.7,0.14548,0.074,0.38408,0.418,0.51092,0.289,0.12048
1128,,0.625,0.0778,0.024,0.35176,0.393,0.4786,0.239,0.0528
1129,,0.55,0.01012,-0.026,0.31944,0.368,0.44628,0.189,-0.01488
1130,3,0.56,0.03544,1.0,0.35512,0.393,0.45696,0.189,-0.01456
1131,8,0.553,0.04276,1.0,0.3728,0.4,0.44964,0.171,1.0
1132,,0.478,-0.02492,0.95,0.34048,0.375,0.41732,0.121,0.93232
1133,2,0.496,1.0,0.993,0.38316,0.407,0.435,0.128,0.93964
1134,,0.421,0.93232,0.943,0.35084,0.382,0.40268,0.078,0.87196
1135,,0.346,0.86464,0.893,0.31852,0.357,0.37036,0.028,0.80428
1136,,0.271,0.79696,0.843,0.2862,0.332,0.33804,-0.022,0.7366
1137,7,0.246,0.78628,0.843,0.28588,0.322,0.31272,1.0,0.70092
1138,,0.171,0.7186,0.793,0.25356,0.297,0.2804,0.95,0.63324
1139,,0.096,0.65092,0.743,0.22124,0.272,0.24808,0.9,0.56556
1140,,0.021,0.58324,0.693,0.18892,0.247,0.21576,0.85,0.49788
1141,,-0.054,0.51556,0.643,0.1566,0.222,0.18344,0.8,0.4302
1142,1,1.0,0.54088,0.678,0.19228,0.247,0.19412,0.8,0.43052
1143,,0.925,0.4732,0.628,0.15996,0.222,0.1618,0.75,0.36284
1144,,0.85,0.40552,0.578,0.12764,0.197,0.12948,0.7,0.29516
1145,,0.775,0.33784,0.528,0.09532,0.172,0.09716,0.65,0.22748
1146,,0.7,0.27016,0.478,0.063,0.147,0.06484,0.6,0.1598
1147,,0.625,0.20248,0.428,0.03068,0.122,0.03252,0.55,0.09212
1148,,0.55,0.1348,0.378,-0.00164,0.097,0.0002,0.5,0.02444
1149,4,0.543,0.14212,0.396,1.0,0.104,-0.00712,0.482,0.00676
1150,6,0.511,0.12444,0.389,0.99268,0.086,1.0,0.439,-0.03592
1151,8,0.504,0.13176,0.407,1.0,0.093,0.99268,0.421,1.0
1152,,0.429,0.06408,0.357,0.96768,0.068,0.96036,0.371,0.93232
1153,,0.354,-0.0036,0.307,0.93536,0.043,0.92804,0.321,0.86464
1154,2,0.372,1.0,0.35,0.97804,0.075,0.94572,0.328,0.87196
1155,,0.297,0.93232,0.3,0.94572,0.05,0.9134,0.278,0.80428
1156,,0.222,0.86464,0.25,0.9134,0.025,0.88108,0.228,0.7366
1157,,0.147,0.79696,0.2,0.88108,0.0,0.84876,0.178,0.66892
1158,,0.072,0.72928,0.15,0.84876,-0.025,0.81644,0.128,0.60124
1159,5,0.047,0.7186,0.15,0.84844,1.0,0.63412,0.093,0.56556
1160,,-0.028,0.65092,0.1,0.81612,0.975,0.6018,0.043,0.49788
1161,1,1.0,0.67624,0.135,0.8518,1.0,0.61248,0.043,0.4982
1162,,0.925,0.60856,0.085,0.81948,0.975,0.58016,-0.007,0.43052
1163,7,0.9,0.59788,0.085,0.81916,0.965,0.55484,1.0,0.39484
1164,,0.825,0.5302,0.035,0.78684,0.94,0.52252,0.95,0.32716
1165,,0.75,0.46252,-0.015,0.75452,0.915,0.4902,0.9,0.25948
1166,3,0.76,0.48784,1.0,0.7902,0.94,0.50088,0.9,0.2598
1167,,0.685,0.42016,0.95,0.75788,0.915,0.46856,0.85,0.19212
1168,,0.61,0.35248,0.9,0.72556,0.89,0.43624,0.8,0.12444
1169,,0.535,0.2848,0.85,0.69324,0.865,0.40392,0.75,0.05676
1170,,0.46,0.21712,0.8,0.66092,0.84,0.3716,0.7,-0.01092
1171,8,0.453,0.22444,0.818,0.6786,0.847,0.36428,0.682,1.0
1172,,0.378,0.15676,0.768,0.64628,0.822,0.33196,0.632,0.93232
1173,,0.303,0.08908,0.718,0.61396,0.797,0.29964,0.582,0.86464
1174,,0.228,0.0214,0.668,0.58164,0.772,0.26732,0.532,0.79696
1175,,0.153,-0.04628,0.618,0.54932,0.747,0.235,0.482,0.72928
1176,2,0.171,1.0,0.661,0.592,0.779,0.25268,0.489,0.7366
1177,,0.096,0.93232,0.611,0.55968,0.754,0.22036,0.439,0.66892
1178,,0.021,0.86464,0.561,0.52736,0.729,0.18804,0.389,0.60124
1179,,-0.054,0.79696,0.511,0.49504,0.704,0.15572,0.339,0.53356
1180,1,1.0,0.82228,0.546,0.53072,0.729,0.1664,0.339,0.53388
1181,,0.925,0.7546,0.496,0.4984,0.704,0.13408,0.289,0.4662
1182,,0.85,0.68692,0.446,0.46608,0.679,0.10176,0.239,0.39852
1183,,0.775,0.61924,0.396,0.43376,0.654,0.06944,0.189,0.33084
1184,,0.7,0.55156,0.346,0.40144,0.629,0.03712,0.139,0.26316
1185,,0.625,0.48388,0.296,0.36912,0.604,0.0048,0.089,0.19548
1186,,0.55,0.4162,0.246,0.3368,0.579,-0.02752,0.039,0.1278
1187,6,0.518,0.39852,0.239,0.32948,0.561,1.0,-0.004,0.08512
1188,7,0.493,0.38784,0.239,0.32916,0.551,0.97468,1.0,0.04944
1189,,0.418,0.32016,0.189,0.29684,0.526,0.94236,0.95,-0.01824
1190,8,0.411,0.32748,0.207,0.31452,0.533,0.93504,0.932,1.0
1191,,0.336,0.2598,0.157,0.2822,0.508,0.90272,0.882,0.93232
1192,,0.261,0.19212,0.107,0.24988,0.483,0.8704,0.832,0.86464
1193,,0.186,0.12444,0.057,0.21756,0.458,0.83808,0.782,0.79696
1194,,0.111,0.05676,0.007,0.18524,0.433,0.80576,0.732,0.72928
1195,,0.036,-0.01092,-0.043,0.15292,0.408,0.77344,0.682,0.6616
1196,3,0.046,0.0144,1.0,0.1886,0.433,0.78412,0.682,0.66192
1197,,-0.029,-0.05328,0.95,0.15628,0.408,0.7518,0.632,0.59424
1198,2,-0.011,1.0,0.993,0.19896,0.44,0.76948,0.639,0.60156
1199,1,1.0,1.0,1.0,0.23464,0.465,0.78016,0.639,0.60188
1200,,0.925,0.93232,0.95,0.20232,0.44,0.74784,0.589,0.5342
1201,,0.85,0.86464,0.9,0.17,0.415,0.71552,0.539,0.46652
1202,,0.775,0.79696,0.85,0.13768,0.39,0.6832,0.489,0.39884
1203,,0.7,0.72928,0.8,0.10536,0.365,0.65088,0.439,0.33116
1204,,0.625,0.6616,0.75,0.07304,0.34,0.61856,0.389,0.26348
1205,,0.55,0.59392,0.7,0.04072,0.315,0.58624,0.339,0.1958
1206,,0.475,0.52624,0.65,0.0084,0.29,0.55392,0.289,0.12812
1207,,0.4,0.45856,0.6,-0.02392,0.265,0.5216,0.239,0.06044
1208,4,0.393,0.46588,0.618,1.0,0.272,0.51428,0.221,0.04276
1209,,0.318,0.3982,0.568,0.96768,0.247,0.48196,0.171,-0.02492
1210,8,0.311,0.40552,0.586,0.98536,0.254,0.47464,0.153,1.0
1211,,0.236,0.33784,0.536,0.95304,0.229,0.44232,0.103,0.93232
1212,,0.161,0.27016,0.486,0.92072,0.204,0.41,0.053,0.86464
1213,,0.086,0.20248,0.436,0.8884,0.179,0.37768,0.003,0.79696
1214,,0.011,0.1348,0.386,0.85608,0.154,0.34536,-0.047,0.72928
1215,7,-0.014,0.12412,0.386,0.85576,0.144,0.32004,1.0,0.6936
1216,1,1.0,0.14944,0.421,0.89144,0.169,0.33072,1.0,0.69392
1217,,0.925,0.08176,0.371,0.85912,0.144,0.2984,0.95,0.62624
1218,,0.85,0.01408,0.321,0.8268,0.119,0.26608,0.9,0.55856
1219,,0.775,-0.0536,0.271,0.79448,0.094,0.23376,0.85,0.49088
1220,2,0.793,1.0,0.314,0.83716,0.126,0.25144,0.857,0.4982
1221,,0.718,0.93232,0.264,0.80484,0.101,0.21912,0.807,0.43052
1222,,0.643,0.86464,0.214,0.77252,0.076,0.1868,0.757,0.36284
1223,,0.568,0.79696,0.164,0.7402,0.051,0.15448,0.707,0.29516
1224,,0.493,0.72928,0.114,0.70788,0.026,0.12216,0.657,0.22748
1225,,0.418,0.6616,0.064,0.67556,0.001,0.08984,0.607,0.1598
1226,,0.343,0.59392,0.014,0.64324,-0.024,0.05752,0.557,0.09212
1227,5,0.318,0.58324,0.014,0.64292,1.0,-0.1248,0.522,0.05644
1228,6,0.286,0.56556,0.007,0.6356,0.982,1.0,0.479,0.01376
1229,,0.211,0.49788,-0.043,0.60328,0.957,0.96768,0.429,-0.05392
1230,8,0.204,0.5052,-0.025,0.62096,0.964,0.96036,0.411,1.0
1231,3,0.214,0.53052,1.0,0.65664,0.989,0.97104,0.411,1.0
1232,,0.139,0.46284,0.95,0.62432,0.964,0.93872,0.361,0.93232
1233,,0.064,0.39516,0.9,0.592,0.939,0.9064,0.311,0.86464
1234,,-0.011,0.32748,0.85,0.55968,0.914,0.87408,0.261,0.79696
1235,1,1.0,0.3528,0.885,0.59536,0.939,0.88476,0.261,0.79728
1236,,0.925,0.28512,0.835,0.56304,0.914,0.85244,0.211,0.7296
1237,,0.85,0.21744,0.785,0.53072,0.889,0.82012,0.161,0.66192
1238,,0.775,0.14976,0.735,0.4984,0.864,0.7878,0.111,0.59424
1239,,0.7,0.08208,0.685,0.46608,0.839,0.75548,0.061,0.52656
1240,,0.625,0.0144,0.635,0.43376,0.814,0.72316,0.011,0.45888
1241,,0.55,-0.05328,0.585,0.40144,0.789,0.69084,-0.039,0.3912
1242,2,0.568,1.0,0.628,0.44412,0.821,0.70852,-0.032,0.39852
1243,7,0.543,0.98932,0.628,0.4438,0.811,0.6832,1.0,0.36284
1244,,0.468,0.92164,0.578,0.41148,0.786,0.65088,0.95,0.29516
1245,,0.393,0.85396,0.528,0.37916,0.761,0.61856,0.9,0.22748
1246,,0.318,0.78628,0.478,0.34684,0.736,0.58624,0.85,0.1598
1247,,0.243,0.7186,0.428,0.31452,0.711,0.55392,0.8,0.09212
1248,,0.168,0.65092,0.378,0.2822,0.686,0.5216,0.75,0.02444
1249,,0.093,0.58324,0.328,0.24988,0.661,0.48928,0.7,-0.04324
1250,8,0.086,0.59056,0.346,0.26756,0.668,0.48196,0.682,1.0
1251,,0.011,0.52288,0.296,0.23524,0.643,0.44964,0.632,0.93232
1252,,-0.064,0.4552,0.246,0.20292,0.618,0.41732,0.582,0.86464
1253,1,1.0,0.48052,0.281,0.2386,0.643,0.428,0.582,0.86496
1254,,0.925,0.41284,0.231,0.20628,0.618,0.39568,0.532,0.79728
1255,,0.85,0.34516,0.181,0.17396,0.593,0.36336,0.482,0.7296
1256,,0.775,0.27748,0.131,0.14164,0.568,0.33104,0.432,0.66192
1257,,0.7,0.2098,0.081,0.10932,0.543,0.29872,0.382,0.59424
1258,,0.625,0.14212,0.031,0.077,0.518,0.2664,0.332,0.52656
1259,,0.55,0.07444,-0.019,0.04468,0.493,0.23408,0.282,0.45888
1260,3,0.56,0.09976,1.0,0.08036,0.518,0.24476,0.282,0.4592
1261,,0.485,0.03208,0.95,0.04804,0.493,0.21244,0.232,0.39152
1262,,0.41,-0.0356,0.9,0.01572,0.468,0.18012,0.182,0.32384
1263,2,0.428,1.0,0.943,0.0584,0.5,0.1978,0.189,0.33116
1264,,0.353,0.93232,0.893,0.02608,0.475,0.16548,0.139,0.26348
1265,,0.278,0.86464,0.843,-0.00624,0.45,0.13316,0.089,0.1958
1266,4,0.271,0.87196,0.861,1.0,0.457,0.12584,0.071,0.17812
1267,,0.196,0.80428,0.811,0.96768,0.432,0.09352,0.021,0.11044
1268,,0.121,0.7366,0.761,0.93536,0.407,0.0612,-0.029,0.04276
1269,7,0.096,0.72592,0.761,0.93504,0.397,0.03588,1.0,0.00708
1270,,0.021,0.65824,0.711,0.90272,0.372,0.00356,0.95,-0.0606
1271,8,0.014,0.66556,0.729,0.9204,0.379,-0.00376,0.932,1.0
1272,6,-0.018,0.64788,0.722,0.91308,0.361,1.0,0.889,0.95732
1273,1,1.0,0.6732,0.757,0.94876,0.386,1.0,0.889,0.95764
1274,,0.925,0.60552,0.707,0.91644,0.361,0.96768,0.839,0.88996
1275,,0.85,0.53784,0.657,0.88412,0.336,0.93536,0.789,0.82228
1276,,0.775,0.47016,0.607,0.8518,0.311,0.90304,0.739,0.7546
1277,,0.7,0.40248,0.557,0.81948,0.286,0.87072,0.689,0.68692
1278,,0.625,0.3348,0.507,0.78716,0.261,0.8384,0.639,0.61924
1279,,0.55,0.26712,0.457,0.75484,0.236,0.80608,0.589,0.55156
1280,,0.475,0.19944,0.407,0.72252,0.211,0.77376,0.539,0.48388
1281,,0.4,0.13176,0.357,0.6902,0.186,0.74144,0.489,0.4162
1282,,0.325,0.06408,0.307,0.65788,0.161,0.70912,0.439,0.34852
1283,,0.25,-0.0036,0.257,0.62556,0.136,0.6768,0.389,0.28084
1284,2,0.268,1.0,0.3,0.66824,0.168,0.69448,0.396,0.28816
1285,,0.193,0.93232,0.25,0.63592,0.143,0.66216,0.346,0.22048
1286,,0.118,0.86464,0.2,0.6036,0.118,0.62984,0.296,0.1528
1287,,0.043,0.79696,0.15,0.57128,0.093,0.59752,0.246,0.08512
1288,,-0.032,0.72928,0.1,0.53896,0.068,0.5652,0.196,0.01744
1289,1,1.0,0.7546,0.135,0.57464,0.093,0.57588,0.196,0.01776
1290,,0.925,0.68692,0.085,0.54232,0.068,0.54356,0.146,-0.04992
1291,8,0.918,0.69424,0.103,0.56,0.075,0.53624,0.128,1.0
1292,,0.843,0.62656,0.053,0.52768,0.05,0.50392,0.078,0.93232
1293,,0.768,0.55888,0.003,0.49536,0.025,0.4716,0.028,0.86464
1294,,0.693,0.4912,-0.047,0.46304,0.0,0.43928,-0.022,0.79696
1295,3,0.703,0.51652,1.0,0.49872,0.025,0.44996,-0.022,0.79728
1296,7,0.678,0.50584,1.0,0.4984,0.015,0.42464,1.0,0.7616
1297,,0.603,0.43816,0.95,0.46608,-0.01,0.39232,0.95,0.69392
1298,5,0.578,0.42748,0.95,0.46576,1.0,0.21,0.915,0.65824
1299,,0.503,0.3598,0.9,0.43344,0.975,0.17768,0.865,0.59056
1300,,0.428,0.29212,0.85,0.40112,0.95,0.14536,0.815,0.52288
1301,,0.353,0.22444,0.8,0.3688,0.925,0.11304,0.765,0.4552
1302,,0.278,0.15676,0.75,0.33648,0.9,0.08072,0.715,0.38752
1303,,0.203,0.08908,0.7,0.30416,0.875,0.0484,0.665,0.31984
1304,,0.128,0.0214,0.65,0.27184,0.85,0.01608,0.615,0.25216
1305,,0.053,-0.04628,0.6,0.23952,0.825,-0.01624,0.565,0.18448
1306,2,0.071,1.0,0.643,0.2822,0.857,0.00144,0.572,0.1918
1307,,-0.004,0.93232,0.593,0.24988,0.832,-0.03088,0.522,0.12412
1308,6,-0.036,0.91464,0.586,0.24256,0.814,1.0,0.479,0.08144
1309,1,1.0,0.93996,0.621,0.27824,0.839,1.0,0.479,0.08176
1310,,0.925,0.87228,0.571,0.24592,0.814,0.96768,0.429,0.01408
1311,,0.85,0.8046,0.521,0.2136,0.789,0.93536,0.379,-0.0536
1312,8,0.843,0.81192,0.539,0.23128,0.796,0.92804,0.361,1.0
1313,,0.768,0.74424,0.489,0.19896,0.771,0.89572,0.311,0.93232
1314,,0.693,0.67656,0.439,0.16664,0.746,0.8634,0.261,0.86464
1315,,0.618,0.60888,0.389,0.13432,0.721,0.83108,0.211,0.79696
1316,,0.543,0.5412,0.339,0.102,0.696,0.79876,0.161,0.72928
1317,,0.468,0.47352,0.289,0.06968,0.671,0.76644,0.111,0.6616
1318,,0.393,0.40584,0.239,0.03736,0.646,0.73412,0.061,0.59392
1319,,0.318,0.33816,0.189,0.00504,0.621,0.7018,0.011,0.52624
1320,,0.243,0.27048,0.139,-0.02728,0.596,0.66948,-0.039,0.45856
1321,7,0.218,0.2598,0.139,-0.0276,0.586,0.64416,1.0,0.42288
1322,4,0.211,0.26712,0.157,1.0,0.593,0.63684,0.982,0.4052
1323,,0.136,0.19944,0.107,0.96768,0.568,0.60452,0.932,0.33752
1324,,0.061,0.13176,0.057,0.93536,0.543,0.5722,0.882,0.26984
1325,,-0.014,0.06408,0.007,0.90304,0.518,0.53988,0.832,0.20216
1326,1,1.0,0.0894,0.042,0.93872,0.543,0.55056,0.832,0.20248
1327,,0.925,0.02172,-0.008,0.9064,0.518,0.51824,0.782,0.1348
1328,3,0.935,0.04704,1.0,0.94208,0.543,0.52892,0.782,0.13512
1329,,0.86,-0.02064,0.95,0.90976,0.518,0.4966,0.732,0.06744
1330,2,0.878,1.0,0.993,0.95244,0.55,0.51428,0.739,0.07476
1331,,0.803,0.93232,0.943,0.92012,0.525,0.48196,0.689,0.00708
1332,,0.728,0.86464,0.893,0.8878,0.5,0.44964,0.639,-0.0606
1333,8,0.721,0.87196,0.911,0.90548,0.507,0.44232,0.621,1.0
1334,,0.646,0.80428,0.861,0.87316,0.482,0.41,0.571,0.93232
1335,,0.571,0.7366,0.811,0.84084,0.457,0.37768,0.521,0.86464
1336,,0.496,0.66892,0.761,0.80852,0.432,0.34536,0.471,0.79696
1337,,0.421,0.60124,0.711,0.7762,0.407,0.31304,0.421,0.72928
1338,,0.346,0.53356,0.661,0.74388,0.382,0.28072,0.371,0.6616
1339,,0.271,0.46588,0.611,0.71156,0.357,0.2484,0.321,0.59392
1340,,0.196,0.3982,0.561,0.67924,0.332,0.21608,0.271,0.52624
1341,,0.121,0.33052,0.511,0.64692,0.307,0.18376,0.221,0.45856
1342,,0.046,0.26284,0.461,0.6146,0.282,0.15144,0.171,0.39088
1343,,-0.029,0.19516,0.411,0.58228,0.257,0.11912,0.121,0.3232
1344,1,1.0,0.22048,0.446,0.61796,0.282,0.1298,0.121,0.32352
1345,,0.925,0.1528,0.396,0.58564,0.257,0.09748,0.071,0.25584
1346,,0.85,0.08512,0.346,0.55332,0.232,0.06516,0.021,0.18816
1347,,0.775,0.01744,0.296,0.521,0.207,0.03284,-0.029,0.12048
1348,7,0.75,0.00676,0.296,0.52068,0.197,0.00752,1.0,0.0848
1349,,0.675,-0.06092,0.246,0.48836,0.172,-0.0248,0.95,0.01712
1350,2,0.693,1.0,0.289,0.53104,0.204,-0.00712,0.957,0.02444
1351,6,0.661,0.98232,0.282,0.52372,0.186,1.0,0.914,-0.01824
1352,8,0.654,0.98964,0.3,0.5414,0.193,0.99268,0.896,1.0
1353,,0.579,0.92196,0.25,0.50908,0.168,0.96036,0.846,0.93232
1354,,0.504,0.85428,0.2,0.47676,0.143,0.92804,0.796,0.86464
1355,,0.429,0.7866,0.15,0.44444,0.118,0.89572,0.746,0.79696
1356,,0.354,0.71892,0.1,0.41212,0.093,0.8634,0.696,0.72928
1357,,0.279,0.65124,0.05,0.3798,0.068,0.83108,0.646,0.6616
1358,,0.204,0.58356,0.0,0.34748,0.043,0.79876,0.596,0.59392
1359,,0.129,0.51588,-0.05,0.31516,0.018,0.76644,0.546,0.52624
1360,3,0.139,0.5412,1.0,0.35084,0.043,0.77712,0.546,0.52656
1361,,0.064,0.47352,0.95,0.31852,0.018,0.7448,0.496,0.45888
1362,,-0.011,0.40584,0.9,0.2862,-0.007,0.71248,0.446,0.3912
1363,1,1.0,0.43116,0.935,0.32188,0.018,0.72316,0.446,0.39152
1364,,0.925,0.36348,0.885,0.28956,-0.007,0.69084,0.396,0.32384
1365,5,0.9,0.3528,0.885,0.28924,1.0,0.50852,0.361,0.28816
1366,,0.825,0.28512,0.835,0.25692,0.975,0.4762,0.311,0.22048
1367,,0.75,0.21744,0.785,0.2246,0.95,0.44388,0.261,0.1528
1368,,0.675,0.14976,0.735,0.19228,0.925,0.41156,0.211,0.08512
1369,,0.6,0.08208,0.685,0.15996,0.9,0.37924,0.161,0.01744
1370,,0.525,0.0144,0.635,0.12764,0.875,0.34692,0.111,-0.05024
1371,8,0.518,0.02172,0.653,0.14532,0.882,0.3396,0.093,1.0
1372,,0.443,-0.04596,0.603,0.113,0.857,0.30728,0.043,0.93232
1373,2,0.461,1.0,0.646,0.15568,0.889,0.32496,0.05,0.93964
1374,,0.386,0.93232,0.596,0.12336,0.864,0.29264,0.0,0.87196
1375,,0.311,0.86464,0.546,0.09104,0.839,0.26032,-0.05,0.80428
1376,7,0.286,0.85396,0.546,0.09072,0.829,0.235,1.0,0.7686
1377,,0.211,0.78628,0.496,0.0584,0.804,0.20268,0.95,0.70092
1378,,0.136,0.7186,0.446,0.02608,0.779,0.17036,0.9,0.63324
1379,,0.061,0.65092,0.396,-0.00624,0.754,0.13804,0.85,0.56556
1380,4,0.054,0.65824,0.414,1.0,0.761,0.13072,0.832,0.54788
1381,,-0.021,0.59056,0.364,0.96768,0.736,0.0984,0.782,0.4802
1382,1,1.0,0.61588,0.399,1.0,0.761,0.10908,0.782,0.48052
1383,,0.925,0.5482,0.349,0.96768,0.736,0.07676,0.732,0.41284
1384,,0.85,0.48052,0.299,0.93536,0.711,0.04444,0.682,0.34516
1385,,0.775,0.41284,0.249,0.90304,0.686,0.01212,0.632,0.27748
1386,,0.7,0.34516,0.199,0.87072,0.661,-0.0202,0.582,0.2098
1387,6,0.668,0.32748,0.192,0.8634,0.643,1.0,0.539,0.16712
1388,,0.593,0.2598,0.142,0.83108,0.618,0.96768,0.489,0.09944
1389,,0.518,0.19212,0.092,0.79876,0.593,0.93536,0.439,0.03176
1390,,0.443,0.12444,0.042,0.76644,0.568,0.90304,0.389,-0.03592
1391,8,0.436,0.13176,0.06,0.78412,0.575,0.89572,0.371,1.0
1392,,0.361,0.06408,0.01,0.7518,0.55,0.8634,0.321,0.93232
1393,,0.286,-0.0036,-0.04,0.71948,0.525,0.83108,0.271,0.86464
1394,3,0.296,0.02172,1.0,0.75516,0.55,0.84176,0.271,0.86496
1395,,0.221,-0.04596,0.95,0.72284,0.525,0.80944,0.221,0.79728
1396,2,0.239,1.0,0.993,0.76552,0.557,0.82712,0.228,0.8046
1397,,0.164,0.93232,0.943,0.7332,0.532,0.7948,0.178,0.73692
1398,,0.089,0.86464,0.893,0.70088,0.507,0.76248,0.128,0.66924
1399,,0.014,0.79696,0.843,0.66856,0.482,0.73016,0.078,0.60156
1400,,-0.061,0.72928,0.793,0.63624,0.457,0.69784,0.028,0.53388
1401,1,1.0,0.7546,0.828,0.67192,0.482,0.70852,0.028,0.5342
1402,,0.925,0.68692,0.778,0.6396,0.457,0.6762,-0.022,0.46652
1403,7,0.9,0.67624,0.778,0.63928,0.447,0.65088,1.0,0.43084
1404,,0.825,0.60856,0.728,0.60696,0.422,0.61856,0.95,0.36316
1405,,0.75,0.54088,0.678,0.57464,0.397,0.58624,0.9,0.29548
1406,,0.675,0.4732,0.628,0.54232,0.372,0.55392,0.85,0.2278
1407,,0.6,0.40552,0.578,0.51,0.347,0.5216,0.8,0.16012
1408,,0.525,0.33784,0.528,0.47768,0.322,0.48928,0.75,0.09244
1409,,0.45,0.27016,0.478,0.44536,0.297,0.45696,0.7,0.02476
1410,,0.375,0.20248,0.428,0.41304,0.272,0.42464,0.65,-0.04292
1411,8,0.368,0.2098,0.446,0.43072,0.279,0.41732,0.632,1.0
1412,,0.293,0.14212,0.396,0.3984,0.254,0.385,0.582,0.93232
1413,,0.218,0.07444,0.346,0.36608,0.229,0.35268,0.532,0.86464
1414,,0.143,0.00676,0.296,0.33376,0.204,0.32036,0.482,0.79696
1415,,0.068,-0.06092,0.246,0.30144,0.179,0.28804,0.432,0.72928
1416,2,0.086,1.0,0.289,0.34412,0.211,0.30572,0.439,0.7366
1417,,0.011,0.93232,0.239,0.3118,0.186,0.2734,0.389,0.66892
1418,,-0.064,0.86464,0.189,0.27948,0.161,0.24108,0.339,0.60124
1419,1,1.0,0.88996,0.224,0.31516,0.186,0.25176,0.339,0.60156
1420,,0.925,0.82228,0.174,0.28284,0.161,0.21944,0.289,0.53388
1421,,0.85,0.7546,0.124,0.25052,0.136,0.18712,0.239,0.4662
1422,,0.775,0.68692,0.074,0.2182,0.111,0.1548,0.189,0.39852
1423,,0.7,0.61924,0.024,0.18588,0.086,0.12248,0.139,0.33084
1424,,0.625,0.55156,-0.026,0.15356,0.061,0.09016,0.089,0.26316
1425,3,0.635,0.57688,1.0,0.18924,0.086,0.10084,0.089,0.26348
1426,,0.56,0.5092,0.95,0.15692,0.061,0.06852,0.039,0.1958
1427,,0.485,0.44152,0.9,0.1246,0.036,0.0362,-0.011,0.12812
1428,7,0.46,0.43084,0.9,0.12428,0.026,0.01088,1.0,0.09244
1429,,0.385,0.36316,0.85,0.09196,0.001,-0.02144,0.95,0.02476
1430,6,0.353,0.34548,0.843,0.08464,-0.017,1.0,0.907,-0.01792
1431,8,0.346,0.3528,0.861,0.10232,-0.01,0.99268,0.889,1.0
1432,5,0.321,0.34212,0.861,0.102,1.0,0.81036,0.854,0.96432
1433,,0.246,0.27444,0.811,0.06968,0.975,0.77804,0.804,0.89664
1434,,0.171,0.20676,0.761,0.03736,0.95,0.74572,0.754,0.82896
1435,,0.096,0.13908,0.711,0.00504,0.925,0.7134,0.704,0.76128
1436,,0.021,0.0714,0.661,-0.02728,0.9,0.68108,0.654,0.6936
1437,4,0.014,0.07872,0.679,1.0,0.907,0.67376,0.636,0.67592
1438,,-0.061,0.01104,0.629,0.96768,0.882,0.64144,0.586,0.60824
1439,1,1.0,0.03636,0.664,1.0,0.907,0.65212,0.586,0.60856
1440,,0.925,-0.03132,0.614,0.96768,0.882,0.6198,0.536,0.54088
1441,2,0.943,1.0,0.657,1.0,0.914,0.63748,0.543,0.5482
1442,,0.868,0.93232,0.607,0.96768,0.889,0.60516,0.493,0.48052
1443,,0.793,0.86464,0.557,0.93536,0.864,0.57284,0.443,0.41284
1444,,0.718,0.79696,0.507,0.90304,0.839,0.54052,0.393,0.34516
1445,,0.643,0.72928,0.457,0.87072,0.814,0.5082,0.343,0.27748
1446,,0.568,0.6616,0.407,0.8384,0.789,0.47588,0.293,0.2098
1447,,0.493,0.59392,0.357,0.80608,0.764,0.44356,0.243,0.14212
1448,,0.418,0.52624,0.307,0.77376,0.739,0.41124,0.193,0.07444
1449,,0.343,0.45856,0.257,0.74144,0.714,0.37892,0.143,0.00676
1450,,0.268,0.39088,0.207,0.70912,0.689,0.3466,0.093,-0.06092
1451,8,0.261,0.3982,0.225,0.7268,0.696,0.33928,0.075,1.0
1452,,0.186,0.33052,0.175,0.69448,0.671,0.30696,0.025,0.93232
1453,,0.111,0.26284,0.125,0.66216,0.646,0.27464,-0.025,0.86464
1454,7,0.086,0.25216,0.125,0.66184,0.636,0.24932,1.0,0.82896
1455,,0.011,0.18448,0.075,0.62952,0.611,0.217,0.95,0.76128
1456,,-0.064,0.1168,0.025,0.5972,0.586,0.18468,0.9,0.6936
1457,1,1.0,0.14212,0.06,0.63288,0.611,0.19536,0.9,0.69392
1458,,0.925,0.07444,0.01,0.60056,0.586,0.16304,0.85,0.62624
1459,,0.85,0.00676,-0.04,0.56824,0.561,0.13072,0.8,0.55856
1460,3,0.86,0.03208,1.0,0.60392,0.586,0.1414,0.8,0.55888
1461,,0.785,-0.0356,0.95,0.5716,0.561,0.10908,0.75,0.4912
1462,2,0.803,1.0,0.993,0.61428,0.593,0.12676,0.757,0.49852
1463,,0.728,0.93232,0.943,0.58196,0.568,0.09444,0.707,0.43084
1464,,0.653,0.86464,0.893,0.54964,0.543,0.06212,0.657,0.36316
1465,,0.578,0.79696,0.843,0.51732,0.518,0.0298,0.607,0.29548
1466,,0.503,0.72928,0.793,0.485,0.493,-0.00252,0.557,0.2278
1467,6,0.471,0.7116,0.786,0.47768,0.475,1.0,0.514,0.18512
1468,,0.396,0.64392,0.736,0.44536,0.45,0.96768,0.464,0.11744
1469,,0.321,0.57624,0.686,0.41304,0.425,0.93536,0.414,0.04976
1470,,0.246,0.50856,0.636,0.38072,0.4,0.90304,0.364,-0.01792
1471,8,0.239,0.51588,0.654,0.3984,0.407,0.89572,0.346,1.0
1472,,0.164,0.4482,0.604,0.36608,0.382,0.8634,0.296,0.93232
1473,,0.089,0.38052,0.554,0.33376,0.357,0.83108,0.246,0.86464
1474,,0.014,0.31284,0.504,0.30144,0.332,0.79876,0.196,0.79696
1475,,-0.061,0.24516,0.454,0.26912,0.307,0.76644,0.146,0.72928
1476,1,1.0,0.27048,0.489,0.3048,0.332,0.77712,0.146,0.7296
1477,,0.925,0.2028,0.439,0.27248,0.307,0.7448,0.096,0.66192
1478,,0.85,0.13512,0.389,0.24016,0.282,0.71248,0.046,0.59424
1479,,0.775,0.06744,0.339,0.20784,0.257,0.68016,-0.004,0.52656
1480,7,0.75,0.05676,0.339,0.20752,0.247,0.65484,1.0,0.49088
1481,,0.675,-0.01092,0.289,0.1752,0.222,0.62252,0.95,0.4232
1482,2,0.693,1.0,0.332,0.21788,0.254,0.6402,0.957,0.43052
1483,,0.618,0.93232,0.282,0.18556,0.229,0.60788,0.907,0.36284
1484,,0.543,0.86464,0.232,0.15324,0.204,0.57556,0.857,0.29516
1485,,0.468,0.79696,0.182,0.12092,0.179,0.54324,0.807,0.22748
1486,,0.393,0.72928,0.132,0.0886,0.154,0.51092,0.757,0.1598
1487,,0.318,0.6616,0.082,0.05628,0.129,0.4786,0.707,0.09212
1488,,0.243,0.59392,0.032,0.02396,0.104,0.44628,0.657,0.02444
1489,,0.168,0.52624,-0.018,-0.00836,0.079,0.41396,0.607,-0.04324
1490,8,0.161,0.53356,0.0,0.00932,0.086,0.40664,0.589,1.0
1491,,0.086,0.46588,-0.05,-0.023,0.061,0.37432,0.539,0.93232
1492,3,0.096,0.4912,1.0,0.01268,0.086,0.385,0.539,0.93264
1493,,0.021,0.42352,0.95,-0.01964,0.061,0.35268,0.489,0.86496
1494,4,0.014,0.43084,0.968,1.0,0.068,0.34536,0.471,0.84728
1495,,-0.061,0.36316,0.918,0.96768,0.043,0.31304,0.421,0.7796
1496,1,1.0,0.38848,0.953,1.0,0.068,0.32372,0.421,0.77992
1497,,0.925,0.3208,0.903,0.96768,0.043,0.2914,0.371,0.71224
1498,,0.85,0.25312,0.853,0.93536,0.018,0.25908,0.321,0.64456
1499,,0.775,0.18544,0.803,0.90304,-0.007,0.22676,0.271,0.57688
1500,5,0.75,0.17476,0.803,0.90272,1.0,0.04444,0.236,0.5412
1501,,0.675,0.10708,0.753,0.8704,0.975,0.01212,0.186,0.47352
1502,,0.6,0.0394,0.703,0.83808,0.95,-0.0202,0.136,0.40584
1503,6,0.568,0.02172,0.696,0.83076,0.932,1.0,0.093,0.36316
1504,,0.493,-0.04596,0.646,0.79844,0.907,0.96768,0.043,0.29548
1505,2,0.511,1.0,0.689,0.84112,0.939,0.98536,0.05,0.3028
1506,,0.436,0.93232,0.639,0.8088,0.914,0.95304,0.0,0.23512
1507,,0.361,0.86464,0.589,0.77648,0.889,0.92072,-0.05,0.16744
1508,7,0.336,0.85396,0.589,0.77616,0.879,0.8954,1.0,0.13176
1509,,0.261,0.78628,0.539,0.74384,0.854,0.86308,0.95,0.06408
1510,,0.186,0.7186,0.489,0.71152,0.829,0.83076,0.9,-0.0036
1511,8,0.179,0.72592,0.507,0.7292,0.836,0.82344,0.882,1.0
1512,,0.104,0.65824,0.457,0.69688,0.811,0.79112,0.832,0.93232
1513,,0.029,0.59056,0.407,0.66456,0.786,0.7588,0.782,0.86464
1514,,-0.046,0.52288,0.357,0.63224,0.761,0.72648,0.732,0.79696
1515,1,1.0,0.5482,0.392,0.66792,0.786,0.73716,0.732,0.79728
1516,,0.925,0.48052,0.342,0.6356,0.761,0.70484,0.682,0.7296
1517,,0.85,0.41284,0.292,0.60328,0.736,0.67252,0.632,0.66192
1518,,0.775,0.34516,0.242,0.57096,0.711,0.6402,0.582,0.59424
1519,,0.7,0.27748,0.192,0.53864,0.686,0.60788,0.532,0.52656
1520,,0.625,0.2098,0.142,0.50632,0.661,0.57556,0.482,0.45888
1521,,0.55,0.14212,0.092,0.474,0.636,0.54324,0.432,0.3912
1522,,0.475,0.07444,0.042,0.44168,0.611,0.51092,0.382,0.32352
1523,,0.4,0.00676,-0.008,0.40936,0.586,0.4786,0.332,0.25584
1524,3,0.41,0.03208,1.0,0.44504,0.611,0.48928,0.332,0.25616
1525,,0.335,-0.0356,0.95,0.41272,0.586,0.45696,0.282,0.18848
1526,2,0.353,1.0,0.993,0.4554,0.618,0.47464,0.289,0.1958
1527,,0.278,0.93232,0.943,0.42308,0.593,0.44232,0.239,0.12812
1528,,0.203,0.86464,0.893,0.39076,0.568,0.41,0.189,0.06044
1529,,0.128,0.79696,0.843,0.35844,0.543,0.37768,0.139,-0.00724
1530,8,0.121,0.80428,0.861,0.37612,0.55,0.37036,0.121,1.0
1531,,0.046,0.7366,0.811,0.3438,0.525,0.33804,0.071,0.93232
1532,,-0.029,0.66892,0.761,0.31148,0.5,0.30572,0.021,0.86464
1533,1,1.0,0.69424,0.796,0.34716,0.525,0.3164,0.021,0.86496
1534,,0.925,0.62656,0.746,0.31484,0.5,0.28408,-0.029,0.79728
1535,7,0.9,0.61588,0.746,0.31452,0.49,0.25876,1.0,0.7616
1536,,0.825,0.5482,0.696,0.2822,0.465,0.22644,0.95,0.69392
1537,,0.75,0.48052,0.646,0.24988,0.44,0.19412,0.9,0.62624
1538,,0.675,0.41284,0.596,0.21756,0.415,0.1618,0.85,0.55856
1539,,0.6,0.34516,0.546,0.18524,0.39,0.12948,0.8,0.49088
1540,,0.525,0.27748,0.496,0.15292,0.365,0.09716,0.75,0.4232
1541,,0.45,0.2098,0.446,0.1206,0.34,0.06484,0.7,0.35552
1542,,0.375,0.14212,0.396,0.08828,0.315,0.03252,0.65,0.28784
1543,,0.3,0.07444,0.346,0.05596,0.29,0.0002,0.6,0.22016
1544,,0.225,0.00676,0.296,0.02364,0.265,-0.03212,0.55,0.15248
1545,6,0.193,-0.01092,0.289,0.01632,0.247,1.0,0.507,0.1098
1546,2,0.211,1.0,0.332,0.059,0.279,1.0,0.514,0.11712
1547,,0.136,0.93232,0.282,0.02668,0.254,0.96768,0.464,0.04944
1548,,0.061,0.86464,0.232,-0.00564,0.229,0.93536,0.414,-0.01824
1549,8,0.054,0.87196,0.25,0.01204,0.236,0.92804,0.396,1.0
1550,,-0.021,0.80428,0.2,-0.02028,0.211,0.89572,0.346,0.93232
1551,1,1.0,0.8296,0.235,0.0154,0.236,0.9064,0.346,0.93264
1552,,0.925,0.76192,0.185,-0.01692,0.211,0.87408,0.296,0.86496
1553,4,0.918,0.76924,0.203,1.0,0.218,0.86676,0.278,0.84728
1554,,0.843,0.70156,0.153,0.96768,0.193,0.83444,0.228,0.7796
1555,,0.768,0.63388,0.103,0.93536,0.168,0.80212,0.178,0.71192
1556,,0.693,0.5662,0.053,0.90304,0.143,0.7698,0.128,0.64424
1557,,0.618,0.49852,0.003,0.87072,0.118,0.73748,0.078,0.57656
1558,,0.543,0.43084,-0.047,0.8384,0.093,0.70516,0.028,0.50888
1559,3,0.553,0.45616,1.0,0.87408,0.118,0.71584,0.028,0.5092
1560,,0.478,0.38848,0.95,0.84176,0.093,0.68352,-0.022,0.44152
1561,7,0.453,0.3778,0.95,0.84144,0.083,0.6582,1.0,0.40584
1562,,0.378,0.31012,0.9,0.80912,0.058,0.62588,0.95,0.33816
1563,,0.303,0.24244,0.85,0.7768,0.033,0.59356,0.9,0.27048
1564,,0.228,0.17476,0.8,0.74448,0.008,0.56124,0.85,0.2028
1565,,0.153,0.10708,0.75,0.71216,-0.017,0.52892,0.8,0.13512
1566,5,0.128,0.0964,0.75,0.71184,1.0,0.3466,0.765,0.09944
1567,,0.053,0.02872,0.7,0.67952,0.975,0.31428,0.715,0.03176
1568,,-0.022,-0.03896,0.65,0.6472,0.95,0.28196,0.665,-0.03592
1569,2,-0.004,1.0,0.693,0.68988,0.982,0.29964,0.672,-0.0286
1570,8,-0.011,1.0,0.711,0.70756,0.989,0.29232,0.654,1.0
1571,1,1.0,1.0,0.746,0.74324,1.0,0.303,0.654,1.0
1572,,0.925,0.93232,0.696,0.71092,0.975,0.27068,0.604,0.93232
1573,,0.85,0.86464,0.646,0.6786,0.95,0.23836,0.554,0.86464
1574,,0.775,0.79696,0.596,0.64628,0.925,0.20604,0.504,0.79696
1575,,0.7,0.72928,0.546,0.61396,0.9,0.17372,0.454,0.72928
1576,,0.625,0.6616,0.496,0.58164,0.875,0.1414,0.404,0.6616
1577,,0.55,0.59392,0.446,0.54932,0.85,0.10908,0.354,0.59392
1578,,0.475,0.52624,0.396,0.517,0.825,0.07676,0.304,0.52624
1579,,0.4,0.45856,0.346,0.48468,0.8,0.04444,0.254,0.45856
1580,,0.325,0.39088,0.296,0.45236,0.775,0.01212,0.204,0.39088
1581,,0.25,0.3232,0.246,0.42004,0.75,-0.0202,0.154,0.3232
1582,6,0.218,0.30552,0.239,0.41272,0.732,1.0,0.111,0.28052
1583,,0.143,0.23784,0.189,0.3804,0.707,0.96768,0.061,0.21284
1584,,0.068,0.17016,0.139,0.34808,0.682,0.93536,0.011,0.14516
1585,,-0.007,0.10248,0.089,0.31576,0.657,0.90304,-0.039,0.07748
1586,7,-0.032,0.0918,0.089,0.31544,0.647,0.87772,1.0,0.0418
1587,1,1.0,0.11712,0.124,0.35112,0.672,0.8884,1.0,0.04212
1588,,0.925,0.04944,0.074,0.3188,0.647,0.85608,0.95,-0.02556
1589,8,0.918,0.05676,0.092,0.33648,0.654,0.84876,0.932,1.0
1590,,0.843,-0.01092,0.042,0.30416,0.629,0.81644,0.882,0.93232
1591,2,0.861,1.0,0.085,0.34684,0.661,0.83412,0.889,0.93964
1592,,0.786,0.93232,0.035,0.31452,0.636,0.8018,0.839,0.87196
1593,,0.711,0.86464,-0.015,0.2822,0.611,0.76948,0.789,0.80428
1594,3,0.721,0.88996,1.0,0.31788,0.636,0.78016,0.789,0.8046
1595,,0.646,0.82228,0.95,0.28556,0.611,0.74784,0.739,0.73692
1596,,0.571,0.7546,0.9,0.25324,0.586,0.71552,0.689,0.66924
1597,,0.496,0.68692,0.85,0.22092,0.561,0.6832,0.639,0.60156
1598,,0.421,0.61924,0.8,0.1886,0.536,0.65088,0.589,0.53388
1599,,0.346,0.55156,0.75,0.15628,0.511,0.61856,0.539,0.4662
1600,,0.271,0.48388,0.7,0.12396,0.486,0.58624,0.489,0.39852
1601,,0.196,0.4162,0.65,0.09164,0.461,0.55392,0.439,0.33084
1602,,0.121,0.34852,0.6,0.05932,0.436,0.5216,0.389,0.26316
1603,,0.046,0.28084,0.55,0.027,0.411,0.48928,0.339,0.19548
1604,,-0.029,0.21316,0.5,-0.00532,0.386,0.45696,0.289,0.1278
1605,1,1.0,0.23848,0.535,0.03036,0.411,0.46764,0.289,0.12812
1606,,0.925,0.1708,0.485,-0.00196,0.386,0.43532,0.239,0.06044
1607,4,0.918,0.17812,0.503,1.0,0.393,0.428,0.221,0.04276
1608,,0.843,0.11044,0.453,0.96768,0.368,0.39568,0.171,-0.02492
1609,8,0.836,0.11776,0.471,0.98536,0.375,0.38836,0.153,1.0
1610,,0.761,0.05008,0.421,0.95304,0.35,0.35604,0.103,0.93232
1611,,0.686,-0.0176,0.371,0.92072,0.325,0.32372,0.053,0.86464
1612,2,0.704,1.0,0.414,0.9634,0.357,0.3414,0.06,0.87196
1613,,0.629,0.93232,0.364,0.93108,0.332,0.30908,0.01,0.80428
1614,,0.554,0.86464,0.314,0.89876,0.307,0.27676,-0.04,0.7366
1615,7,0.529,0.85396,0.314,0.89844,0.297,0.25144,1.0,0.70092
1616,,0.454,0.78628,0.264,0.86612,0.272,0.21912,0.95,0.63324
1617,,0.379,0.7186,0.214,0.8338,0.247,0.1868,0.9,0.56556
1618,,0.304,0.65092,0.164,0.80148,0.222,0.15448,0.85,0.49788
1619,,0.229,0.58324,0.114,0.76916,0.197,0.12216,0.8,0.4302
1620,,0.154,0.51556,0.064,0.73684,0.172,0.08984,0.75,0.36252
1621,,0.079,0.44788,0.014,0.70452,0.147,0.05752,0.7,0.29484
1622,,0.004,0.3802,-0.036,0.6722,0.122,0.0252,0.65,0.22716
1623,3,0.014,0.40552,1.0,0.70788,0.147,0.03588,0.65,0.22748
1624,,-0.061,0.33784,0.95,0.67556,0.122,0.00356,0.6,0.1598
1625,1,1.0,0.36316,0.985,0.71124,0.147,0.01424,0.6,0.16012
1626,,0.925,0.29548,0.935,0.67892,0.122,-0.01808,0.55,0.09244
1627,6,0.893,0.2778,0.928,0.6716,0.104,1.0,0.507,0.04976
1628,,0.818,0.21012,0.878,0.63928,0.079,0.96768,0.457,-0.01792
1629,8,0.811,0.21744,0.896,0.65696,0.086,0.96036,0.439,1.0
1630,,0.736,0.14976,0.846,0.62464,0.061,0.92804,0.389,0.93232
1631,,0.661,0.08208,0.796,0.59232,0.036,0.89572,0.339,0.86464
1632,,0.586,0.0144,0.746,0.56,0.011,0.8634,0.289,0.79696
1633,,0.511,-0.05328,0.696,0.52768,-0.014,0.83108,0.239,0.72928
1634,2,0.529,1.0,0.739,0.57036,0.018,0.84876,0.246,0.7366
1635,,0.454,0.93232,0.689,0.53804,-0.007,0.81644,0.196,0.66892
1636,5,0.429,0.92164,0.689,0.53772,1.0,0.63412,0.161,0.63324
1637,,0.354,0.85396,0.639,0.5054,0.975,0.6018,0.111,0.56556
1638,,0.279,0.78628,0.589,0.47308,0.95,0.56948,0.061,0.49788
1639,,0.204,0.7186,0.539,0.44076,0.925,0.53716,0.011,0.4302
1640,,0.129,0.65092,0.489,0.40844,0.9,0.50484,-0.039,0.36252
1641,7,0.104,0.64024,0.489,0.40812,0.89,0.47952,1.0,0.32684
1642,,0.029,0.57256,0.439,0.3758,0.865,0.4472,0.95,0.25916
1643,,-0.046,0.50488,0.389,0.34348,0.84,0.41488,0.9,0.19148
1644,1,1.0,0.5302,0.424,0.37916,0.865,0.42556,0.9,0.1918
1645,,0.925,0.46252,0.374,0.34684,0.84,0.39324,0.85,0.12412
1646,,0.85,0.39484,0.324,0.31452,0.815,0.36092,0.8,0.05644
1647,,0.775,0.32716,0.274,0.2822,0.79,0.3286,0.75,-0.01124
1648,8,0.768,0.33448,0.292,0.29988,0.797,0.32128,0.732,1.0
1649,,0.693,0.2668,0.242,0.26756,0.772,0.28896,0.682,0.93232
1650,,0.618,0.19912,0.192,0.23524,0.747,0.25664,0.632,0.86464
1651,,0.543,0.13144,0.142,0.20292,0.722,0.22432,0.582,0.79696
1652,,0.468,0.06376,0.092,0.1706,0.697,0.192,0.532,0.72928
1653,,0.393,-0.00392,0.042,0.13828,0.672,0.15968,0.482,0.6616
1654,2,0.411,1.0,0.085,0.18096,0.704,0.17736,0.489,0.66892
1655,,0.336,0.93232,0.035,0.14864,0.679,0.14504,0.439,0.60124
1656,,0.261,0.86464,-0.015,0.11632,0.654,0.11272,0.389,0.53356
1657,3,0.271,0.88996,1.0,0.152,0.679,0.1234,0.389,0.53388
1658,,0.196,0.82228,0.95,0.11968,0.654,0.09108,0.339,0.4662
1659,,0.121,0.7546,0.9,0.08736,0.629,0.05876,0.289,0.39852
1660,,0.046,0.68692,0.85,0.05504,0.604,0.02644,0.239,0.33084
1661,,-0.029,0.61924,0.8,0.02272,0.579,-0.00588,0.189,0.26316
1662,1,1.0,0.64456,0.835,0.0584,0.604,0.0048,0.189,0.26348
1663,,0.925,0.57688,0.785,0.02608,0.579,-0.02752,0.139,0.1958
1664,6,0.893,0.5592,0.778,0.01876,0.561,1.0,0.096,0.15312
1665,,0.818,0.49152,0.728,-0.01356,0.536,0.96768,0.046,0.08544
1666,4,0.811,0.49884,0.746,1.0,0.543,0.96036,0.028,0.06776
1667,,0.736,0.43116,0.696,0.96768,0.518,0.92804,-0.022,8e-05
1668,7,0.711,0.42048,0.696,0.96736,0.508,0.90272,1.0,-0.0356
1669,8,0.704,0.4278,0.714,0.98504,0.515,0.8954,0.982,1.0
1670,,0.629,0.36012,0.664,0.95272,0.49,0.86308,0.932,0.93232
1671,,0.554,0.29244,0.614,0.9204,0.465,0.83076,0.882,0.86464
1672,,0.479,0.22476,0.564,0.88808,0.44,0.79844,0.832,0.79696
1673,,0.404,0.15708,0.514,0.85576,0.415,0.76612,0.782,0.72928
1674,,0.329,0.0894,0.464,0.82344,0.39,0.7338,0.732,0.6616
1675,,0.254,0.02172,0.414,0.79112,0.365,0.70148,0.682,0.59392
1676,,0.179,-0.04596,0.364,0.7588,0.34,0.66916,0.632,0.52624
1677,2,0.197,1.0,0.407,0.80148,0.372,0.68684,0.639,0.53356
1678,,0.122,0.93232,0.357,0.76916,0.347,0.65452,0.589,0.46588
1679,,0.047,0.86464,0.307,0.73684,0.322,0.6222,0.539,0.3982
1680,,-0.028,0.79696,0.257,0.70452,0.297,0.58988,0.489,0.33052
1681,1,1.0,0.82228,0.292,0.7402,0.322,0.60056,0.489,0.33084
1682,,0.925,0.7546,0.242,0.70788,0.297,0.56824,0.439,0.26316
1683,,0.85,0.68692,0.192,0.67556,0.272,0.53592,0.389,0.19548
1684,,0.775,0.61924,0.142,0.64324,0.247,0.5036,0.339,0.1278
1685,,0.7,0.55156,0.092,0.61092,0.222,0.47128,0.289,0.06012
1686,,0.625,0.48388,0.042,0.5786,0.197,0.43896,0.239,-0.00756
1687,8,0.618,0.4912,0.06,0.59628,0.204,0.43164,0.221,1.0
1688,,0.543,0.42352,0.01,0.56396,0.179,0.39932,0.171,0.93232
1689,,0.468,0.35584,-0.04,0.53164,0.154,0.367,0.121,0.86464
1690,3,0.478,0.38116,1.0,0.56732,0.179,0.37768,0.121,0.86496
1691,,0.403,0.31348,0.95,0.535,0.154,0.34536,0.071,0.79728
1692,,0.328,0.2458,0.9,0.50268,0.129,0.31304,0.021,0.7296
1693,,0.253,0.17812,0.85,0.47036,0.104,0.28072,-0.029,0.66192
1694,7,0.228,0.16744,0.85,0.47004,0.094,0.2554,1.0,0.62624
1695,,0.153,0.09976,0.8,0.43772,0.069,0.22308,0.95,0.55856
1696,,0.078,0.03208,0.75,0.4054,0.044,0.19076,0.9,0.49088
1697,,0.003,-0.0356,0.7,0.37308,0.019,0.15844,0.85,0.4232
1698,2,0.021,1.0,0.743,0.41576,0.051,0.17612,0.857,0.43052
1699,,-0.054,0.93232,0.693,0.38344,0.026,0.1438,0.807,0.36284
1700,1,1.0,0.95764,0.728,0.41912,0.051,0.15448,0.807,0.36316
1701,,0.925,0.88996,0.678,0.3868,0.026,0.12216,0.757,0.29548
1702,,0.85,0.82228,0.628,0.35448,0.001,0.08984,0.707,0.2278
1703,,0.775,0.7546,0.578,0.32216,-0.024,0.05752,0.657,0.16012
1704,5,0.75,0.74392,0.578,0.32184,1.0,-0.1248,0.622,0.12444
1705,6,0.718,0.72624,0.571,0.31452,0.982,1.0,0.579,0.08176
1706,,0.643,0.65856,0.521,0.2822,0.957,0.96768,0.529,0.01408
1707,,0.568,0.59088,0.471,0.24988,0.932,0.93536,0.479,-0.0536
1708,8,0.561,0.5982,0.489,0.26756,0.939,0.92804,0.461,1.0
1709,,0.486,0.53052,0.439,0.23524,0.914,0.89572,0.411,0.93232
1710,,0.411,0.46284,0.389,0.20292,0.889,0.8634,0.361,0.86464
1711,,0.336,0.39516,0.339,0.1706,0.864,0.83108,0.311,0.79696
1712,,0.261,0.32748,0.289,0.13828,0.839,0.79876,0.261,0.72928
1713,,0.186,0.2598,0.239,0.10596,0.814,0.76644,0.211,0.6616
1714,,0.111,0.19212,0.189,0.07364,0.789,0.73412,0.161,0.59392
1715,,0.036,0.12444,0.139,0.04132,0.764,0.7018,0.111,0.52624
1716,,-0.039,0.05676,0.089,0.009,0.739,0.66948,0.061,0.45856
1717,1,1.0,0.08208,0.124,0.04468,0.764,0.68016,0.061,0.45888
1718,,0.925,0.0144,0.074,0.01236,0.739,0.64784,0.011,0.3912
1719,,0.85,-0.05328,0.024,-0.01996,0.714,0.61552,-0.039,0.32352
1720,2,0.868,1.0,0.067,0.02272,0.746,0.6332,-0.032,0.33084
1721,7,0.843,0.98932,0.067,0.0224,0.736,0.60788,1.0,0.29516
1722,,0.768,0.92164,0.017,-0.00992,0.711,0.57556,0.95,0.22748
1723,4,0.761,0.92896,0.035,1.0,0.718,0.56824,0.932,0.2098
1724,,0.686,0.86128,-0.015,0.96768,0.693,0.53592,0.882,0.14212
1725,3,0.696,0.8866,1.0,1.0,0.718,0.5466,0.882,0.14244
1726,,0.621,0.81892,0.95,0.96768,0.693,0.51428,0.832,0.07476
1727,,0.546,0.75124,0.9,0.93536,0.668,0.48196,0.782,0.00708
1728,,0.471,0.68356,0.85,0.90304,0.643,0.44964,0.732,-0.0606
1729,8,0.464,0.69088,0.868,0.92072,0.65,0.44232,0.714,1.0
1730,,0.389,0.6232,0.818,0.8884,0.625,0.41,0.664,0.93232
1731,,0.314,0.55552,0.768,0.85608,0.6,0.37768,0.614,0.86464
1732,,0.239,0.48784,0.718,0.82376,0.575,0.34536,0.564,0.79696
1733,,0.164,0.42016,0.668,0.79144,0.55,0.31304,0.514,0.72928
1734,,0.089,0.35248,0.618,0.75912,0.525,0.28072,0.464,0.6616
1735,,0.014,0.2848,0.568,0.7268,0.5,0.2484,0.414,0.59392
1736,,-0.061,0.21712,0.518,0.69448,0.475,0.21608,0.364,0.52624
1737,1,1.0,0.24244,0.553,0.73016,0.5,0.22676,0.364,0.52656
1738,,0.925,0.17476,0.503,0.69784,0.475,0.19444,0.314,0.45888
1739,,0.85,0.10708,0.453,0.66552,0.45,0.16212,0.264,0.3912
1740,,0.775,0.0394,0.403,0.6332,0.425,0.1298,0.214,0.32352
1741,,0.7,-0.02828,0.353,0.60088,0.4,0.09748,0.164,0.25584
1742,2,0.718,1.0,0.396,0.64356,0.432,0.11516,0.171,0.26316
1743,,0.643,0.93232,0.346,0.61124,0.407,0.08284,0.121,0.19548
1744,,0.568,0.86464,0.296,0.57892,0.382,0.05052,0.071,0.1278
1745,,0.493,0.79696,0.246,0.5466,0.357,0.0182,0.021,0.06012
1746,,0.418,0.72928,0.196,0.51428,0.332,-0.01412,-0.029,-0.00756
1747,7,0.393,0.7186,0.196,0.51396,0.322,-0.03944,1.0,-0.04324
1748,8,0.386,0.72592,0.214,0.53164,0.329,-0.04676,0.982,1.0
1749,6,0.354,0.70824,0.207,0.52432,0.311,1.0,0.939,0.95732
1750,,0.279,0.64056,0.157,0.492,0.286,0.96768,0.889,0.88964
1751,,0.204,0.57288,0.107,0.45968,0.261,0.93536,0.839,0.82196
1752,,0.129,0.5052,0.057,0.42736,0.236,0.90304,0.789,0.75428
1753,,0.054,0.43752,0.007,0.39504,0.211,0.87072,0.739,0.6866
1754,,-0.021,0.36984,-0.043,0.36272,0.186,0.8384,0.689,0.61892
1755,3,-0.011,0.39516,1.0,0.3984,0.211,0.84908,0.689,0.61924
1756,1,1.0,0.42048,1.0,0.43408,0.236,0.85976,0.689,0.61956
1757,,0.925,0.3528,0.95,0.40176,0.211,0.82744,0.639,0.55188
1758,,0.85,0.28512,0.9,0.36944,0.186,0.79512,0.589,0.4842
1759,,0.775,0.21744,0.85,0.33712,0.161,0.7628,0.539,0.41652
1760,,0.7,0.14976,0.8,0.3048,0.136,0.73048,0.489,0.34884
1761,,0.625,0.08208,0.75,0.27248,0.111,0.69816,0.439,0.28116
1762,,0.55,0.0144,0.7,0.24016,0.086,0.66584,0.389,0.21348
1763,,0.475,-0.05328,0.65,0.20784,0.061,0.63352,0.339,0.1458
1764,2,0.493,1.0,0.693,0.25052,0.093,0.6512,0.346,0.15312
1765,,0.418,0.93232,0.643,0.2182,0.068,0.61888,0.296,0.08544
1766,,0.343,0.86464,0.593,0.18588,0.043,0.58656,0.246,0.01776
1767,,0.268,0.79696,0.543,0.15356,0.018,0.55424,0.196,-0.04992
1768,8,0.261,0.80428,0.561,0.17124,0.025,0.54692,0.178,1.0
1769,,0.186,0.7366,0.511,0.13892,0.0,0.5146,0.128,0.93232
1770,,0.111,0.66892,0.461,0.1066,-0.025,0.48228,0.078,0.86464
1771,5,0.086,0.65824,0.461,0.10628,1.0,0.29996,0.043,0.82896
1772,,0.011,0.59056,0.411,0.07396,0.975,0.26764,-0.007,0.76128
1773,7,-0.014,0.57988,0.411,0.07364,0.965,0.24232,1.0,0.7256
1774,1,1.0,0.6052,0.446,0.10932,0.99,0.253,1.0,0.72592
1775,,0.925,0.53752,0.396,0.077,0.965,0.22068,0.95,0.65824
1776,,0.85,0.46984,0.346,0.04468,0.94,0.18836,0.9,0.59056
1777,,0.775,0.40216,0.296,0.01236,0.915,0.15604,0.85,0.52288
1778,,0.7,0.33448,0.246,-0.01996,0.89,0.12372,0.8,0.4552
1779,4,0.693,0.3418,0.264,1.0,0.897,0.1164,0.782,0.43752
1780,,0.618,0.27412,0.214,0.96768,0.872,0.08408,0.732,0.36984
1781,,0.543,0.20644,0.164,0.93536,0.847,0.05176,0.682,0.30216
1782,,0.468,0.13876,0.114,0.90304,0.822,0.01944,0.632,0.23448
1783,,0.393,0.07108,0.064,0.87072,0.797,-0.01288,0.582,0.1668
1784,6,0.361,0.0534,0.057,0.8634,0.779,1.0,0.539,0.12412
1785,,0.286,-0.01428,0.007,0.83108,0.754,0.96768,0.489,0.05644
1786,2,0.304,1.0,0.05,0.87376,0.786,0.98536,0.496,0.06376
1787,,0.229,0.93232,0.0,0.84144,0.761,0.95304,0.446,-0.00392
1788,8,0.222,0.93964,0.018,0.85912,0.768,0.94572,0.428,1.0
1789,,0.147,0.87196,-0.032,0.8268,0.743,0.9134,0.378,0.93232
1790,3,0.157,0.89728,1.0,0.86248,0.768,0.92408,0.378,0.93264
1791,,0.082,0.8296,0.95,0.83016,0.743,0.89176,0.328,0.86496
1792,,0.007,0.76192,0.9,0.79784,0.718,0.85944,0.278,0.79728
1793,,-0.068,0.69424,0.85,0.76552,0.693,0.82712,0.228,0.7296
1794,1,1.0,0.71956,0.885,0.8012,0.718,0.8378,0.228,0.72992
1795,,0.925,0.65188,0.835,0.76888,0.693,0.80548,0.178,0.66224
1796,,0.85,0.5842,0.785,0.73656,0.668,0.77316,0.128,0.59456
1797,,0.775,0.51652,0.735,0.70424,0.643,0.74084,0.078,0.52688
1798,,0.7,0.44884,0.685,0.67192,0.618,0.70852,0.028,0.4592
1799,,0.625,0.38116,0.635,0.6396,0.593,0.6762,-0.022,0.39152
1800,7,0.6,0.37048,0.635,0.63928,0.583,0.65088,1.0,0.35584
1801,,0.525,0.3028,0.585,0.60696,0.558,0.61856,0.95,0.28816
1802,,0.45,0.23512,0.535,0.57464,0.533,0.58624,0.9,0.22048
1803,,0.375,0.16744,0.485,0.54232,0.508,0.55392,0.85,0.1528
1804,,0.3,0.09976,0.435,0.51,0.483,0.5216,0.8,0.08512
1805,,0.225,0.03208,0.385,0.47768,0.458,0.48928,0.75,0.01744
1806,,0.15,-0.0356,0.335,0.44536,0.433,0.45696,0.7,-0.05024
1807,8,0.143,-0.02828,0.353,0.46304,0.44,0.44964,0.682,1.0
1808,2,0.161,1.0,0.396,0.50572,0.472,0.46732,0.689,1.0
1809,,0.086,0.93232,0.346,0.4734,0.447,0.435,0.639,0.93232
1810,,0.011,0.86464,0.296,0.44108,0.422,0.40268,0.589,0.86464
1811,,-0.064,0.79696,0.246,0.40876,0.397,0.37036,0.539,0.79696
1812,1,1.0,0.82228,0.281,0.44444,0.422,0.38104,0.539,0.79728
1813,,0.925,0.7546,0.231,0.41212,0.397,0.34872,0.489,0.7296
1814,,0.85,0.68692,0.181,0.3798,0.372,0.3164,0.439,0.66192
1815,,0.775,0.61924,0.131,0.34748,0.347,0.28408,0.389,0.59424
1816,,0.7,0.55156,0.081,0.31516,0.322,0.25176,0.339,0.52656
1817,,0.625,0.48388,0.031,0.28284,0.297,0.21944,0.289,0.45888
1818,,0.55,0.4162,-0.019,0.25052,0.272,0.18712,0.239,0.3912
1819,3,0.56,0.44152,1.0,0.2862,0.297,0.1978,0.239,0.39152
1820,,0.485,0.37384,0.95,0.25388,0.272,0.16548,0.189,0.32384
1821,,0.41,0.30616,0.9,0.22156,0.247,0.13316,0.139,0.25616
1822,,0.335,0.23848,0.85,0.18924,0.222,0.10084,0.089,0.18848
1823,,0.26,0.1708,0.8,0.15692,0.197,0.06852,0.039,0.1208
1824,,0.185,0.10312,0.75,0.1246,0.172,0.0362,-0.011,0.05312
1825,7,0.16,0.09244,0.75,0.12428,0.162,0.01088,1.0,0.01744
1826,,0.085,0.02476,0.7,0.09196,0.137,-0.02144,0.95,-0.05024
1827,8,0.078,0.03208,0.718,0.10964,0.144,-0.02876,0.932,1.0
1828,6,0.046,0.0144,0.711,0.10232,0.126,1.0,0.889,0.95732
1829,,-0.029,-0.05328,0.661,0.07,0.101,0.96768,0.839,0.88964
1830,2,-0.011,1.0,0.704,0.11268,0.133,0.98536,0.846,0.89696
1831,1,1.0,1.0,0.739,0.14836,0.158,0.99604,0.846,0.89728
1832,,0.925,0.93232,0.689,0.11604,0.133,0.96372,0.796,0.8296
1833,,0.85,0.86464,0.639,0.08372,0.108,0.9314,0.746,0.76192
1834,,0.775,0.79696,0.589,0.0514,0.083,0.89908,0.696,0.69424
1835,,0.7,0.72928,0.539,0.01908,0.058,0.86676,0.646,0.62656
1836,,0.625,0.6616,0.489,-0.01324,0.033,0.83444,0.596,0.55888
1837,4,0.618,0.66892,0.507,1.0,0.04,0.82712,0.578,0.5412
1838,,0.543,0.60124,0.457,0.96768,0.015,0.7948,0.528,0.47352
1839,,0.468,0.53356,0.407,0.93536,-0.01,0.76248,0.478,0.40584
1840,5,0.443,0.52288,0.407,0.93504,1.0,0.58016,0.443,0.37016
1841,,0.368,0.4552,0.357,0.90272,0.975,0.54784,0.393,0.30248
1842,,0.293,0.38752,0.307,0.8704,0.95,0.51552,0.343,0.2348
1843,,0.218,0.31984,0.257,0.83808,0.925,0.4832,0.293,0.16712
1844,,0.143,0.25216,0.207,0.80576,0.9,0.45088,0.243,0.09944
1845,,0.068,0.18448,0.157,0.77344,0.875,0.41856,0.193,0.03176
1846,,-0.007,0.1168,0.107,0.74112,0.85,0.38624,0.143,-0.03592
1847,8,-0.014,0.12412,0.125,0.7588,0.857,0.37892,0.125,1.0
1848,1,1.0,0.14944,0.16,0.79448,0.882,0.3896,0.125,1.0
1849,,0.925,0.08176,0.11,0.76216,0.857,0.35728,0.075,0.93232
1850,,0.85,0.01408,0.06,0.72984,0.832,0.32496,0.025,0.86464
1851,,0.775,-0.0536,0.01,0.69752,0.807,0.29264,-0.025,0.79696
1852,2,0.793,1.0,0.053,0.7402,0.839,0.31032,-0.018,0.80428
1853,7,0.768,0.98932,0.053,0.73988,0.829,0.285,1.0,0.7686
1854,,0.693,0.92164,0.003,0.70756,0.804,0.25268,0.95,0.70092
1855,,0.618,0.85396,-0.047,0.67524,0.779,0.22036,0.9,0.63324
1856,3,0.628,0.87928,1.0,0.71092,0.804,0.23104,0.9,0.63356
1857,,0.553,0.8116,0.95,0.6786,0.779,0.19872,0.85,0.56588
1858,,0.478,0.74392,0.9,0.64628,0.754,0.1664,0.8,0.4982
1859,,0.403,0.67624,0.85,0.61396,0.729,0.13408,0.75,0.43052
1860,,0.328,0.60856,0.8,0.58164,0.704,0.10176,0.7,0.36284
1861,,0.253,0.54088,0.75,0.54932,0.679,0.06944,0.65,0.29516
1862,,0.178,0.4732,0.7,0.517,0.654,0.03712,0.6,0.22748
1863,,0.103,0.40552,0.65,0.48468,0.629,0.0048,0.55,0.1598
1864,,0.028,0.33784,0.6,0.45236,0.604,-0.02752,0.5,0.09212
1865,6,-0.004,0.32016,0.593,0.44504,0.586,1.0,0.457,0.04944
1866,1,1.0,0.34548,0.628,0.48072,0.611,1.0,0.457,0.04976
1867,,0.925,0.2778,0.578,0.4484,0.586,0.96768,0.407,-0.01792
1868,8,0.918,0.28512,0.596,0.46608,0.593,0.96036,0.389,1.0
1869,,0.843,0.21744,0.546,0.43376,0.568,0.92804,0.339,0.93232
1870,,0.768,0.14976,0.496,0.40144,0.543,0.89572,0.289,0.86464
1871,,0.693,0.08208,0.446,0.36912,0.518,0.8634,0.239,0.79696
1872,,0.618,0.0144,0.396,0.3368,0.493,0.83108,0.189,0.72928
1873,,0.543,-0.05328,0.346,0.30448,0.468,0.79876,0.139,0.6616
1874,2,0.561,1.0,0.389,0.34716,0.5,0.81644,0.146,0.66892
1875,,0.486,0.93232,0.339,0.31484,0.475,0.78412,0.096,0.60124
1876,,0.411,0.86464,0.289,0.28252,0.45,0.7518,0.046,0.53356
1877,,0.336,0.79696,0.239,0.2502,0.425,0.71948,-0.004,0.46588
1878,7,0.311,0.78628,0.239,0.24988,0.415,0.69416,1.0,0.4302
1879,,0.236,0.7186,0.189,0.21756,0.39,0.66184,0.95,0.36252
1880,,0.161,0.65092,0.139,0.18524,0.365,0.62952,0.9,0.29484
1881,,0.086,0.58324,0.089,0.15292,0.34,0.5972,0.85,0.22716
1882,,0.011,0.51556,0.039,0.1206,0.315,0.56488,0.8,0.15948
1883,,-0.064,0.44788,-0.011,0.08828,0.29,0.53256,0.75,0.0918
1884,1,1.0,0.4732,0.024,0.12396,0.315,0.54324,0.75,0.09212
1885,,0.925,0.40552,-0.026,0.09164,0.29,0.51092,0.7,0.02444
1886,3,0.935,0.43084,1.0,0.12732,0.315,0.5216,0.7,0.02476
1887,,0.86,0.36316,0.95,0.095,0.29,0.48928,0.65,-0.04292
1888,8,0.853,0.37048,0.968,0.11268,0.297,0.48196,0.632,1.0
1889,,0.778,0.3028,0.918,0.08036,0.272,0.44964,0.582,0.93232
1890,,0.703,0.23512,0.868,0.04804,0.247,0.41732,0.532,0.86464
1891,,0.628,0.16744,0.818,0.01572,0.222,0.385,0.482,0.79696
1892,,0.553,0.09976,0.768,-0.0166,0.197,0.35268,0.432,0.72928
1893,4,0.546,0.10708,0.786,1.0,0.204,0.34536,0.414,0.7116
1894,,0.471,0.0394,0.736,0.96768,0.179,0.31304,0.364,0.64392
1895,,0.396,-0.02828,0.686,0.93536,0.154,0.28072,0.314,0.57624
1896,2,0.414,1.0,0.729,0.97804,0.186,0.2984,0.321,0.58356
1897,,0.339,0.93232,0.679,0.94572,0.161,0.26608,0.271,0.51588
1898,,0.264,0.86464,0.629,0.9134,0.136,0.23376,0.221,0.4482
1899,,0.189,0.79696,0.579,0.88108,0.111,0.20144,0.171,0.38052
1900,,0.114,0.72928,0.529,0.84876,0.086,0.16912,0.121,0.31284
1901,,0.039,0.6616,0.479,0.81644,0.061,0.1368,0.071,0.24516
1902,,-0.036,0.59392,0.429,0.78412,0.036,0.10448,0.021,0.17748
1903,1,1.0,0.61924,0.464,0.8198,0.061,0.11516,0.021,0.1778
1904,,0.925,0.55156,0.414,0.78748,0.036,0.08284,-0.029,0.11012
1905,7,0.9,0.54088,0.414,0.78716,0.026,0.05752,1.0,0.07444
1906,,0.825,0.4732,0.364,0.75484,0.001,0.0252,0.95,0.00676
1907,,0.75,0.40552,0.314,0.72252,-0.024,-0.00712,0.9,-0.06092
1908,8,0.743,0.41284,0.332,0.7402,-0.017,-0.01444,0.882,1.0
1909,5,0.718,0.40216,0.332,0.73988,1.0,-0.19676,0.847,0.96432
1910,6,0.686,0.38448,0.325,0.73256,0.982,1.0,0.804,0.92164
1911,,0.611,0.3168,0.275,0.70024,0.957,0.96768,0.754,0.85396
1912,,0.536,0.24912,0.225,0.66792,0.932,0.93536,0.704,0.78628
1913,,0.461,0.18144,0.175,0.6356,0.907,0.90304,0.654,0.7186
1914,,0.386,0.11376,0.125,0.60328,0.882,0.87072,0.604,0.65092
1915,,0.311,0.04608,0.075,0.57096,0.857,0.8384,0.554,0.58324
1916,,0.236,-0.0216,0.025,0.53864,0.832,0.80608,0.504,0.51556
1917,2,0.254,1.0,0.068,0.58132,0.864,0.82376,0.511,0.52288
1918,,0.179,0.93232,0.018,0.549,0.839,0.79144,0.461,0.4552
1919,,0.104,0.86464,-0.032,0.51668,0.814,0.75912,0.411,0.38752
1920,3,0.114,0.88996,1.0,0.55236,0.839,0.7698,0.411,0.38784
1921,,0.039,0.82228,0.95,0.52004,0.814,0.73748,0.361,0.32016
1922,,-0.036,0.7546,0.9,0.48772,0.789,0.70516,0.311,0.25248
1923,1,1.0,0.77992,0.935,0.5234,0.814,0.71584,0.311,0.2528
1924,,0.925,0.71224,0.885,0.49108,0.789,0.68352,0.261,0.18512
1925,,0.85,0.64456,0.835,0.45876,0.764,0.6512,0.211,0.11744
1926,,0.775,0.57688,0.785,0.42644,0.739,0.61888,0.161,0.04976
1927,,0.7,0.5092,0.735,0.39412,0.714,0.58656,0.111,-0.01792
1928,8,0.693,0.51652,0.753,0.4118,0.721,0.57924,0.093,1.0
1929,,0.618,0.44884,0.703,0.37948,0.696,0.54692,0.043,0.93232
1930,,0.543,0.38116,0.653,0.34716,0.671,0.5146,-0.007,0.86464
1931,7,0.518,0.37048,0.653,0.34684,0.661,0.48928,1.0,0.82896
1932,,0.443,0.3028,0.603,0.31452,0.636,0.45696,0.95,0.76128
1933,,0.368,0.23512,0.553,0.2822,0.611,0.42464,0.9,0.6936
1934,,0.293,0.16744,0.503,0.24988,0.586,0.39232,0.85,0.62592
1935,,0.218,0.09976,0.453,0.21756,0.561,0.36,0.8,0.55824
1936,,0.143,0.03208,0.403,0.18524,0.536,0.32768,0.75,0.49056
1937,,0.068,-0.0356,0.353,0.15292,0.511,0.29536,0.7,0.42288
1938,2,0.086,1.0,0.396,0.1956,0.543,0.31304,0.707,0.4302
1939,,0.011,0.93232,0.346,0.16328,0.518,0.28072,0.657,0.36252
1940,,-0.064,0.86464,0.296,0.13096,0.493,0.2484,0.607,0.29484
1941,1,1.0,0.88996,0.331,0.16664,0.518,0.25908,0.607,0.29516
1942,,0.925,0.82228,0.281,0.13432,0.493,0.22676,0.557,0.22748
1943,,0.85,0.7546,0.231,0.102,0.468,0.19444,0.507,0.1598
1944,,0.775,0.68692,0.181,0.06968,0.443,0.16212,0.457,0.09212
1945,,0.7,0.61924,0.131,0.03736,0.418,0.1298,0.407,0.02444
1946,,0.625,0.55156,0.081,0.00504,0.393,0.09748,0.357,-0.04324
1947,8,0.618,0.55888,0.099,0.02272,0.4,0.09016,0.339,1.0
1948,,0.543,0.4912,0.049,-0.0096,0.375,0.05784,0.289,0.93232
1949,4,0.536,0.49852,0.067,1.0,0.382,0.05052,0.271,0.91464
1950,,0.461,0.43084,0.017,0.96768,0.357,0.0182,0.221,0.84696
1951,,0.386,0.36316,-0.033,0.93536,0.332,-0.01412,0.171,0.77928
1952,3,0.396,0.38848,1.0,0.97104,0.357,-0.00344,0.171,0.7796
1953,6,0.364,0.3708,0.993,0.96372,0.339,1.0,0.128,0.73692
1954,,0.289,0.30312,0.943,0.9314,0.314,0.96768,0.078,0.66924
1955,,0.214,0.23544,0.893,0.89908,0.289,0.93536,0.028,0.60156
1956,,0.139,0.16776,0.843,0.86676,0.264,0.90304,-0.022,0.53388
1957,7,0.114,0.15708,0.843,0.86644,0.254,0.87772,1.0,0.4982
1958,,0.039,0.0894,0.793,0.83412,0.229,0.8454,0.95,0.43052
1959,,-0.036,0.02172,0.743,0.8018,0.204,0.81308,0.9,0.36284
1960,1,1.0,0.04704,0.778,0.83748,0.229,0.82376,0.9,0.36316
1961,,0.925,-0.02064,0.728,0.80516,0.204,0.79144,0.85,0.29548
1962,2,0.943,1.0,0.771,0.84784,0.236,0.80912,0.857,0.3028
1963,,0.868,0.93232,0.721,0.81552,0.211,0.7768,0.807,0.23512
1964,,0.793,0.86464,0.671,0.7832,0.186,0.74448,0.757,0.16744
1965,,0.718,0.79696,0.621,0.75088,0.161,0.71216,0.707,0.09976
1966,,0.643,0.72928,0.571,0.71856,0.136,0.67984,0.657,0.03208
1967,,0.568,0.6616,0.521,0.68624,0.111,0.64752,0.607,-0.0356
1968,8,0.561,0.66892,0.539,0.70392,0.118,0.6402,0.589,1.0
1969,,0.486,0.60124,0.489,0.6716,0.093,0.60788,0.539,0.93232
1970,,0.411,0.53356,0.439,0.63928,0.068,0.57556,0.489,0.86464
1971,,0.336,0.46588,0.389,0.60696,0.043,0.54324,0.439,0.79696
1972,,0.261,0.3982,0.339,0.57464,0.018,0.51092,0.389,0.72928
1973,,0.186,0.33052,0.289,0.54232,-0.007,0.4786,0.339,0.6616
1974,5,0.161,0.31984,0.289,0.542,1.0,0.29628,0.304,0.62592
1975,,0.086,0.25216,0.239,0.50968,0.975,0.26396,0.254,0.55824
1976,,0.011,0.18448,0.189,0.47736,0.95,0.23164,0.204,0.49056
1977,,-0.064,0.1168,0.139,0.44504,0.925,0.19932,0.154,0.42288
1978,1,1.0,0.14212,0.174,0.48072,0.95,0.21,0.154,0.4232
1979,,0.925,0.07444,0.124,0.4484,0.925,0.17768,0.104,0.35552
1980,,0.85,0.00676,0.074,0.41608,0.9,0.14536,0.054,0.28784
1981,,0.775,-0.06092,0.024,0.38376,0.875,0.11304,0.004,0.22016
1982,2,0.793,1.0,0.067,0.42644,0.907,0.13072,0.011,0.22748
1983,,0.718,0.93232,0.017,0.39412,0.882,0.0984,-0.039,0.1598
1984,7,0.693,0.92164,0.017,0.3938,0.872,0.07308,1.0,0.12412
1985,,0.618,0.85396,-0.033,0.36148,0.847,0.04076,0.95,0.05644
1986,3,0.628,0.87928,1.0,0.39716,0.872,0.05144,0.95,0.05676
1987,,0.553,0.8116,0.95,0.36484,0.847,0.01912,0.9,-0.01092
1988,8,0.546,0.81892,0.968,0.38252,0.854,0.0118,0.882,1.0
1989,,0.471,0.75124,0.918,0.3502,0.829,-0.02052,0.832,0.93232
1990,6,0.439,0.73356,0.911,0.34288,0.811,1.0,0.789,0.88964
1991,,0.364,0.66588,0.861,0.31056,0.786,0.96768,0.739,0.82196
1992,,0.289,0.5982,0.811,0.27824,0.761,0.93536,0.689,0.75428
1993,,0.214,0.53052,0.761,0.24592,0.736,0.90304,0.639,0.6866
1994,,0.139,0.46284,0.711,0.2136,0.711,0.87072,0.589,0.61892
1995,,0.064,0.39516,0.661,0.18128,0.686,0.8384,0.539,0.55124
1996,,-0.011,0.32748,0.611,0.14896,0.661,0.80608,0.489,0.48356
1997,1,1.0,0.3528,0.646,0.18464,0.686,0.81676,0.489,0.48388
1998,,0.925,0.28512,0.596,0.15232,0.661,0.78444,0.439,0.4162
1999,,0.85,0.21744,0.546,0.12,0.636,0.75212,0.389,0.34852
2000,,0.775,0.14976,0.496,0.08768,0.611,0.7198,0.339,0.28084
2001,,0.7,0.08208,0.446,0.05536,0.586,0.68748,0.289,0.21316
2002,,0.625,0.0144,0.396,0.02304,0.561,0.65516,0.239,0.14548
2003,,0.55,-0.05328,0.346,-0.00928,0.536,0.62284,0.189,0.0778
2004,2,0.568,1.0,0.389,0.0334,0.568,0.64052,0.196,0.08512
2005,,0.493,0.93232,0.339,0.00108,0.543,0.6082,0.146,0.01744
2006,,0.418,0.86464,0.289,-0.03124,0.518,0.57588,0.096,-0.05024
2007,8,0.411,0.87196,0.307,-0.01356,0.525,0.56856,0.078,1.0
2008,4,0.404,0.87928,0.325,1.0,0.532,0.56124,0.06,0.98232
2009,,0.329,0.8116,0.275,0.96768,0.507,0.52892,0.01,0.91464
2010,,0.254,0.74392,0.225,0.93536,0.482,0.4966,-0.04,0.84696
2011,7,0.229,0.73324,0.225,0.93504,0.472,0.47128,1.0,0.81128
2012,,0.154,0.66556,0.175,0.90272,0.447,0.43896,0.95,0.7436
2013,,0.079,0.59788,0.125,0.8704,0.422,0.40664,0.9,0.67592
2014,,0.004,0.5302,0.075,0.83808,0.397,0.37432,0.85,0.60824
2015,,-0.071,0.46252,0.025,0.80576,0.372,0.342,0.8,0.54056
2016,1,1.0,0.48784,0.06,0.84144,0.397,0.35268,0.8,0.54088
2017,,0.925,0.42016,0.01,0.80912,0.372,0.32036,0.75,0.4732
2018,,0.85,0.35248,-0.04,0.7768,0.347,0.28804,0.7,0.40552
2019,3,0.86,0.3778,1.0,0.81248,0.372,0.29872,0.7,0.40584
2020,,0.785,0.31012,0.95,0.78016,0.347,0.2664,0.65,0.33816
2021,,0.71,0.24244,0.9,0.74784,0.322,0.23408,0.6,0.27048
2022,,0.635,0.17476,0.85,0.71552,0.297,0.20176,0.55,0.2028
2023,,0.56,0.10708,0.8,0.6832,0.272,0.16944,0.5,0.13512
2024,,0.485,0.0394,0.75,0.65088,0.247,0.13712,0.45,0.06744
2025,,0.41,-0.02828,0.7,0.61856,0.222,0.1048,0.4,-0.00024
2026,2,0.428,1.0,0.743,0.66124,0.254,0.12248,0.407,0.00708
2027,,0.353,0.93232,0.693,0.62892,0.229,0.09016,0.357,-0.0606
2028,8,0.346,0.93964,0.711,0.6466,0.236,0.08284,0.339,1.0
2029,,0.271,0.87196,0.661,0.61428,0.211,0.05052,0.289,0.93232
2030,,0.196,0.80428,0.611,0.58196,0.186,0.0182,0.239,0.86464
2031,,0.121,0.7366,0.561,0.54964,0.161,-0.01412,0.189,0.79696
2032,6,0.089,0.71892,0.554,0.54232,0.143,1.0,0.146,0.75428
2033,,0.014,0.65124,0.504,0.51,0.118,0.96768,0.096,0.6866
2034,,-0.061,0.58356,0.454,0.47768,0.093,0.93536,0.046,0.61892
2035,1,1.0,0.60888,0.489,0.51336,0.118,0.94604,0.046,0.61924
2036,,0.925,0.5412,0.439,0.48104,0.093,0.91372,-0.004,0.55156
2037,7,0.9,0.53052,0.439,0.48072,0.083,0.8884,1.0,0.51588
2038,,0.825,0.46284,0.389,0.4484,0.058,0.85608,0.95,0.4482
2039,,0.75,0.39516,0.339,0.41608,0.033,0.82376,0.9,0.38052
2040,,0.675,0.32748,0.289,0.38376,0.008,0.79144,0.85,0.31284
2041,,0.6,0.2598,0.239,0.35144,-0.017,0.75912,0.8,0.24516
2042,5,0.575,0.24912,0.239,0.35112,1.0,0.5768,0.765,0.20948
2043,,0.5,0.18144,0.189,0.3188,0.975,0.54448,0.715,0.1418
2044,,0.425,0.11376,0.139,0.28648,0.95,0.51216,0.665,0.07412
2045,,0.35,0.04608,0.089,0.25416,0.925,0.47984,0.615,0.00644
2046,,0.275,-0.0216,0.039,0.22184,0.9,0.44752,0.565,-0.06124
2047,8,0.268,-0.01428,0.057,0.23952,0.907,0.4402,0.547,1.0
2048,2,0.286,1.0,0.1,0.2822,0.939,0.45788,0.554,1.0
2049,,0.211,0.93232,0.05,0.24988,0.914,0.42556,0.504,0.93232
2050,,0.136,0.86464,0.0,0.21756,0.889,0.39324,0.454,0.86464
2051,,0.061,0.79696,-0.05,0.18524,0.864,0.36092,0.404,0.79696
2052,3,0.071,0.82228,1.0,0.22092,0.889,0.3716,0.404,0.79728
2053,,-0.004,0.7546,0.95,0.1886,0.864,0.33928,0.354,0.7296
2054,1,1.0,0.77992,0.985,0.22428,0.889,0.34996,0.354,0.72992
2055,,0.925,0.71224,0.935,0.19196,0.864,0.31764,0.304,0.66224
2056,,0.85,0.64456,0.885,0.15964,0.839,0.28532,0.254,0.59456
2057,,0.775,0.57688,0.835,0.12732,0.814,0.253,0.204,0.52688
2058,,0.7,0.5092,0.785,0.095,0.789,0.22068,0.154,0.4592
2059,,0.625,0.44152,0.735,0.06268,0.764,0.18836,0.104,0.39152
2060,,0.55,0.37384,0.685,0.03036,0.739,0.15604,0.054,0.32384
2061,,0.475,0.30616,0.635,-0.00196,0.714,0.12372,0.004,0.25616
2062,4,0.468,0.31348,0.653,1.0,0.721,0.1164,-0.014,0.23848
2063,7,0.443,0.3028,0.653,0.99968,0.711,0.09108,1.0,0.2028
2064,,0.368,0.23512,0.603,0.96736,0.686,0.05876,0.95,0.13512
2065,,0.293,0.16744,0.553,0.93504,0.661,0.02644,0.9,0.06744
2066,,0.218,0.09976,0.503,0.90272,0.636,-0.00588,0.85,-0.00024
2067,6,0.186,0.08208,0.496,0.8954,0.618,1.0,0.807,-0.04292
2068,8,0.179,0.0894,0.514,0.91308,0.625,0.99268,0.789,1.0
2069,,0.104,0.02172,0.464,0.88076,0.6,0.96036,0.739,0.93232
2070,,0.029,-0.04596,0.414,0.84844,0.575,0.92804,0.689,0.86464
2071,2,0.047,1.0,0.457,0.89112,0.607,0.94572,0.696,0.87196
2072,,-0.028,0.93232,0.407,0.8588,0.582,0.9134,0.646,0.80428
2073,1,1.0,0.95764,0.442,0.89448,0.607,0.92408,0.646,0.8046
2074,,0.925,0.88996,0.392,0.86216,0.582,0.89176,0.596,0.73692
2075,,0.85,0.82228,0.342,0.82984,0.557,0.85944,0.546,0.66924
2076,,0.775,0.7546,0.292,0.79752,0.532,0.82712,0.496,0.60156
2077,,0.7,0.68692,0.242,0.7652,0.507,0.7948,0.446,0.53388
2078,,0.625,0.61924,0.192,0.73288,0.482,0.76248,0.396,0.4662
2079,,0.55,0.55156,0.142,0.70056,0.457,0.73016,0.346,0.39852
2080,,0.475,0.48388,0.092,0.66824,0.432,0.69784,0.296,0.33084
2081,,0.4,0.4162,0.042,0.63592,0.407,0.66552,0.246,0.26316
2082,,0.325,0.34852,-0.008,0.6036,0.382,0.6332,0.196,0.19548
2083,3,0.335,0.37384,1.0,0.63928,0.407,0.64388,0.196,0.1958
2084,,0.26,0.30616,0.95,0.60696,0.382,0.61156,0.146,0.12812
2085,,0.185,0.23848,0.9,0.57464,0.357,0.57924,0.096,0.06044
2086,,0.11,0.1708,0.85,0.54232,0.332,0.54692,0.046,-0.00724
2087,8,0.103,0.17812,0.868,0.56,0.339,0.5396,0.028,1.0
2088,,0.028,0.11044,0.818,0.52768,0.314,0.50728,-0.022,0.93232
2089,7,0.003,0.09976,0.818,0.52736,0.304,0.48196,1.0,0.89664
2090,,-0.072,0.03208,0.768,0.49504,0.279,0.44964,0.95,0.82896
2091,1,1.0,0.0574,0.803,0.53072,0.304,0.46032,0.95,0.82928
2092,,0.925,-0.01028,0.753,0.4984,0.279,0.428,0.9,0.7616
2093,2,0.943,1.0,0.796,0.54108,0.311,0.44568,0.907,0.76892
2094,,0.868,0.93232,0.746,0.50876,0.286,0.41336,0.857,0.70124
2095,,0.793,0.86464,0.696,0.47644,0.261,0.38104,0.807,0.63356
2096,,0.718,0.79696,0.646,0.44412,0.236,0.34872,0.757,0.56588
2097,,0.643,0.72928,0.596,0.4118,0.211,0.3164,0.707,0.4982
2098,,0.568,0.6616,0.546,0.37948,0.186,0.28408,0.657,0.43052
2099,,0.493,0.59392,0.496,0.34716,0.161,0.25176,0.607,0.36284
2100,,0.418,0.52624,0.446,0.31484,0.136,0.21944,0.557,0.29516
2101,,0.343,0.45856,0.396,0.28252,0.111,0.18712,0.507,0.22748
2102,,0.268,0.39088,0.346,0.2502,0.086,0.1548,0.457,0.1598
2103,,0.193,0.3232,0.296,0.21788,0.061,0.12248,0.407,0.09212
2104,,0.118,0.25552,0.246,0.18556,0.036,0.09016,0.357,0.02444
2105,,0.043,0.18784,0.196,0.15324,0.011,0.05784,0.307,-0.04324
2106,8,0.036,0.19516,0.214,0.17092,0.018,0.05052,0.289,1.0
2107,,-0.039,0.12748,0.164,0.1386,-0.007,0.0182,0.239,0.93232
2108,1,1.0,0.1528,0.199,0.17428,0.018,0.02888,0.239,0.93264
2109,,0.925,0.08512,0.149,0.14196,-0.007,-0.00344,0.189,0.86496
2110,5,0.9,0.07444,0.149,0.14164,1.0,-0.18576,0.154,0.82928
2111,6,0.868,0.05676,0.142,0.13432,0.982,1.0,0.111,0.7866
2112,,0.793,-0.01092,0.092,0.102,0.957,0.96768,0.061,0.71892
2113,2,0.811,1.0,0.135,0.14468,0.989,0.98536,0.068,0.72624
2114,,0.736,0.93232,0.085,0.11236,0.964,0.95304,0.018,0.65856
2115,,0.661,0.86464,0.035,0.08004,0.939,0.92072,-0.032,0.59088
2116,7,0.636,0.85396,0.035,0.07972,0.929,0.8954,1.0,0.5552
2117,,0.561,0.78628,-0.015,0.0474,0.904,0.86308,0.95,0.48752
2118,3,0.571,0.8116,1.0,0.08308,0.929,0.87376,0.95,0.48784
2119,,0.496,0.74392,0.95,0.05076,0.904,0.84144,0.9,0.42016
2120,,0.421,0.67624,0.9,0.01844,0.879,0.80912,0.85,0.35248
2121,,0.346,0.60856,0.85,-0.01388,0.854,0.7768,0.8,0.2848
2122,4,0.339,0.61588,0.868,1.0,0.861,0.76948,0.782,0.26712
2123,,0.264,0.5482,0.818,0.96768,0.836,0.73716,0.732,0.19944
2124,,0.189,0.48052,0.768,0.93536,0.811,0.70484,0.682,0.13176
2125,,0.114,0.41284,0.718,0.90304,0.786,0.67252,0.632,0.06408
2126,,0.039,0.34516,0.668,0.87072,0.761,0.6402,0.582,-0.0036
2127,8,0.032,0.35248,0.686,0.8884,0.768,0.63288,0.564,1.0
2128,,-0.043,0.2848,0.636,0.85608,0.743,0.60056,0.514,0.93232
2129,1,1.0,0.31012,0.671,0.89176,0.768,0.61124,0.514,0.93264
2130,,0.925,0.24244,0.621,0.85944,0.743,0.57892,0.464,0.86496
2131,,0.85,0.17476,0.571,0.82712,0.718,0.5466,0.414,0.79728
2132,,0.775,0.10708,0.521,0.7948,0.693,0.51428,0.364,0.7296
2133,,0.7,0.0394,0.471,0.76248,0.668,0.48196,0.314,0.66192
2134,,0.625,-0.02828,0.421,0.73016,0.643,0.44964,0.264,0.59424
2135,2,0.643,1.0,0.464,0.77284,0.675,0.46732,0.271,0.60156
2136,,0.568,0.93232,0.414,0.74052,0.65,0.435,0.221,0.53388
2137,,0.493,0.86464,0.364,0.7082,0.625,0.40268,0.171,0.4662
2138,,0.418,0.79696,0.314,0.67588,0.6,0.37036,0.121,0.39852
2139,,0.343,0.72928,0.264,0.64356,0.575,0.33804,0.071,0.33084
2140,,0.268,0.6616,0.214,0.61124,0.55,0.30572,0.021,0.26316
2141,,0.193,0.59392,0.164,0.57892,0.525,0.2734,-0.029,0.19548
2142,7,0.168,0.58324,0.164,0.5786,0.515,0.24808,1.0,0.1598
2143,,0.093,0.51556,0.114,0.54628,0.49,0.21576,0.95,0.09212
2144,,0.018,0.44788,0.064,0.51396,0.465,0.18344,0.9,0.02444
2145,,-0.057,0.3802,0.014,0.48164,0.44,0.15112,0.85,-0.04324
2146,1,1.0,0.40552,0.049,0.51732,0.465,0.1618,0.85,-0.04292
2147,8,0.993,0.41284,0.067,0.535,0.472,0.15448,0.832,1.0
2148,,0.918,0.34516,0.017,0.50268,0.447,0.12216,0.782,0.93232
2149,,0.843,0.27748,-0.033,0.47036,0.422,0.08984,0.732,0.86464
2150,3,0.853,0.3028,1.0,0.50604,0.447,0.10052,0.732,0.86496
2151,,0.778,0.23512,0.95,0.47372,0.422,0.0682,0.682,0.79728
2152,,0.703,0.16744,0.9,0.4414,0.397,0.03588,0.632,0.7296
2153,,0.628,0.09976,0.85,0.40908,0.372,0.00356,0.582,0.66192
2154,,0.553,0.03208,0.8,0.37676,0.347,-0.02876,0.532,0.59424
2155,6,0.521,0.0144,0.793,0.36944,0.329,1.0,0.489,0.55156
2156,,0.446,-0.05328,0.743,0.33712,0.304,0.96768,0.439,0.48388
2157,2,0.464,1.0,0.786,0.3798,0.336,0.98536,0.446,0.4912
2158,,0.389,0.93232,0.736,0.34748,0.311,0.95304,0.396,0.42352
2159,,0.314,0.86464,0.686,0.31516,0.286,0.92072,0.346,0.35584
2160,,0.239,0.79696,0.636,0.28284,0.261,0.8884,0.296,0.28816
2161,,0.164,0.72928,0.586,0.25052,0.236,0.85608,0.246,0.22048
2162,,0.089,0.6616,0.536,0.2182,0.211,0.82376,0.196,0.1528
2163,,0.014,0.59392,0.486,0.18588,0.186,0.79144,0.146,0.08512
2164,,-0.061,0.52624,0.436,0.15356,0.161,0.75912,0.096,0.01744
2165,1,1.0,0.55156,0.471,0.18924,0.186,0.7698,0.096,0.01776
2166,,0.925,0.48388,0.421,0.15692,0.161,0.73748,0.046,-0.04992
2167,8,0.918,0.4912,0.439,0.1746,0.168,0.73016,0.028,1.0
2168,,0.843,0.42352,0.389,0.14228,0.143,0.69784,-0.022,0.93232
2169,7,0.818,0.41284,0.389,0.14196,0.133,0.67252,1.0,0.89664
2170,,0.743,0.34516,0.339,0.10964,0.108,0.6402,0.95,0.82896
2171,,0.668,0.27748,0.289,0.07732,0.083,0.60788,0.9,0.76128
2172,,0.593,0.2098,0.239,0.045,0.058,0.57556,0.85,0.6936
2173,,0.518,0.14212,0.189,0.01268,0.033,0.54324,0.8,0.62592
2174,,0.443,0.07444,0.139,-0.01964,0.008,0.51092,0.75,0.55824
2175,4,0.436,0.08176,0.157,1.0,0.015,0.5036,0.732,0.54056
2176,,0.361,0.01408,0.107,0.96768,-0.01,0.47128,0.682,0.47288
2177,5,0.336,0.0034,0.107,0.96736,1.0,0.28896,0.647,0.4372
2178,,0.261,-0.06428,0.057,0.93504,0.975,0.25664,0.597,0.36952
2179,2,0.279,1.0,0.1,0.97772,1.0,0.27432,0.604,0.37684
2180,,0.204,0.93232,0.05,0.9454,0.975,0.242,0.554,0.30916
2181,,0.129,0.86464,0.0,0.91308,0.95,0.20968,0.504,0.24148
2182,,0.054,0.79696,-0.05,0.88076,0.925,0.17736,0.454,0.1738
2183,3,0.064,0.82228,1.0,0.91644,0.95,0.18804,0.454,0.17412
2184,,-0.011,0.7546,0.95,0.88412,0.925,0.15572,0.404,0.10644
2185,1,1.0,0.77992,0.985,0.9198,0.95,0.1664,0.404,0.10676
2186,,0.925,0.71224,0.935,0.88748,0.925,0.13408,0.354,0.03908
2187,,0.85,0.64456,0.885,0.85516,0.9,0.10176,0.304,-0.0286
2188,8,0.843,0.65188,0.903,0.87284,0.907,0.09444,0.286,1.0
2189,,0.768,0.5842,0.853,0.84052,0.882,0.06212,0.236,0.93232
2190,,0.693,0.51652,0.803,0.8082,0.857,0.0298,0.186,0.86464
2191,,0.618,0.44884,0.753,0.77588,0.832,-0.00252,0.136,0.79696
2192,6,0.586,0.43116,0.746,0.76856,0.814,1.0,0.093,0.75428
2193,,0.511,0.36348,0.696,0.73624,0.789,0.96768,0.043,0.6866
2194,,0.436,0.2958,0.646,0.70392,0.764,0.93536,-0.007,0.61892
2195,7,0.411,0.28512,0.646,0.7036,0.754,0.91004,1.0,0.58324
2196,,0.336,0.21744,0.596,0.67128,0.729,0.87772,0.95,0.51556
2197,,0.261,0.14976,0.546,0.63896,0.704,0.8454,0.9,0.44788
2198,,0.186,0.08208,0.496,0.60664,0.679,0.81308,0.85,0.3802
2199,,0.111,0.0144,0.446,0.57432,0.654,0.78076,0.8,0.31252
2200,,0.036,-0.05328,0.396,0.542,0.629,0.74844,0.75,0.24484
2201,2,0.054,1.0,0.439,0.58468,0.661,0.76612,0.757,0.25216
2202,,-0.021,0.93232,0.389,0.55236,0.636,0.7338,0.707,0.18448
2203,1,1.0,0.95764,0.424,0.58804,0.661,0.74448,0.707,0.1848
2204,,0.925,0.88996,0.374,0.55572,0.636,0.71216,0.657,0.11712
2205,,0.85,0.82228,0.324,0.5234,0.611,0.67984,0.607,0.04944
2206,,0.775,0.7546,0.274,0.49108,0.586,0.64752,0.557,-0.01824
2207,8,0.768,0.76192,0.292,0.50876,0.593,0.6402,0.539,1.0
2208,,0.693,0.69424,0.242,0.47644,0.568,0.60788,0.489,0.93232
2209,,0.618,0.62656,0.192,0.44412,0.543,0.57556,0.439,0.86464
2210,,0.543,0.55888,0.142,0.4118,0.518,0.54324,0.389,0.79696
2211,,0.468,0.4912,0.092,0.37948,0.493,0.51092,0.339,0.72928
2212,,0.393,0.42352,0.042,0.34716,0.468,0.4786,0.289,0.6616
2213,,0.318,0.35584,-0.008,0.31484,0.443,0.44628,0.239,0.59392
2214,3,0.328,0.38116,1.0,0.35052,0.468,0.45696,0.239,0.59424
2215,,0.253,0.31348,0.95,0.3182,0.443,0.42464,0.189,0.52656
2216,,0.178,0.2458,0.9,0.28588,0.418,0.39232,0.139,0.45888
2217,,0.103,0.17812,0.85,0.25356,0.393,0.36,0.089,0.3912
2218,,0.028,0.11044,0.8,0.22124,0.368,0.32768,0.039,0.32352
2219,,-0.047,0.04276,0.75,0.18892,0.343,0.29536,-0.011,0.25584
2220,1,1.0,0.06808,0.785,0.2246,0.368,0.30604,-0.011,0.25616
2221,7,0.975,0.0574,0.785,0.22428,0.358,0.28072,1.0,0.22048
2222,,0.9,-0.01028,0.735,0.19196,0.333,0.2484,0.95,0.1528
2223,2,0.918,1.0,0.778,0.23464,0.365,0.26608,0.957,0.16012
2224,,0.843,0.93232,0.728,0.20232,0.34,0.23376,0.907,0.09244
2225,,0.768,0.86464,0.678,0.17,0.315,0.20144,0.857,0.02476
2226,,0.693,0.79696,0.628,0.13768,0.29,0.16912,0.807,-0.04292
2227,8,0.686,0.80428,0.646,0.15536,0.297,0.1618,0.789,1.0
2228,,0.611,0.7366,0.596,0.12304,0.272,0.12948,0.739,0.93232
2229,,0.536,0.66892,0.546,0.09072,0.247,0.09716,0.689,0.86464
2230,,0.461,0.60124,0.496,0.0584,0.222,0.06484,0.639,0.79696
2231,,0.386,0.53356,0.446,0.02608,0.197,0.03252,0.589,0.72928
2232,,0.311,0.46588,0.396,-0.00624,0.172,0.0002,0.539,0.6616
2233,4,0.304,0.4732,0.414,1.0,0.179,-0.00712,0.521,0.64392
2234,6,0.272,0.45552,0.407,0.99268,0.161,1.0,0.478,0.60124
2235,,0.197,0.38784,0.357,0.96036,0.136,0.96768,0.428,0.53356
2236,,0.122,0.32016,0.307,0.92804,0.111,0.93536,0.378,0.46588
2237,,0.047,0.25248,0.257,0.89572,0.086,0.90304,0.328,0.3982
2238,,-0.028,0.1848,0.207,0.8634,0.061,0.87072,0.278,0.33052
2239,1,1.0,0.21012,0.242,0.89908,0.086,0.8814,0.278,0.33084
2240,,0.925,0.14244,0.192,0.86676,0.061,0.84908,0.228,0.26316
2241,,0.85,0.07476,0.142,0.83444,0.036,0.81676,0.178,0.19548
2242,,0.775,0.00708,0.092,0.80212,0.011,0.78444,0.128,0.1278
2243,,0.7,-0.0606,0.042,0.7698,-0.014,0.75212,0.078,0.06012
2244,2,0.718,1.0,0.085,0.81248,0.018,0.7698,0.085,0.06744
2245,,0.643,0.93232,0.035,0.78016,-0.007,0.73748,0.035,-0.00024
2246,5,0.618,0.92164,0.035,0.77984,1.0,0.55516,0.0,-0.03592
2247,8,0.611,0.92896,0.053,0.79752,1.0,0.54784,-0.018,1.0
2248,7,0.586,0.91828,0.053,0.7972,0.99,0.52252,1.0,0.96432
2249,,0.511,0.8506,0.003,0.76488,0.965,0.4902,0.95,0.89664
2250,,0.436,0.78292,-0.047,0.73256,0.94,0.45788,0.9,0.82896
2251,3,0.446,0.80824,1.0,0.76824,0.965,0.46856,0.9,0.82928
2252,,0.371,0.74056,0.95,0.73592,0.94,0.43624,0.85,0.7616
2253,,0.296,0.67288,0.9,0.7036,0.915,0.40392,0.8,0.69392
2254,,0.221,0.6052,0.85,0.67128,0.89,0.3716,0.75,0.62624
2255,,0.146,0.53752,0.8,0.63896,0.865,0.33928,0.7,0.55856
2256,,0.071,0.46984,0.75,0.60664,0.84,0.30696,0.65,0.49088
2257,,-0.004,0.40216,0.7,0.57432,0.815,0.27464,0.6,0.4232
2258,1,1.0,0.42748,0.735,0.61,0.84,0.28532,0.6,0.42352
2259,,0.925,0.3598,0.685,0.57768,0.815,0.253,0.55,0.35584
2260,,0.85,0.29212,0.635,0.54536,0.79,0.22068,0.5,0.28816
2261,,0.775,0.22444,0.585,0.51304,0.765,0.18836,0.45,0.22048
2262,,0.7,0.15676,0.535,0.48072,0.74,0.15604,0.4,0.1528
2263,,0.625,0.08908,0.485,0.4484,0.715,0.12372,0.35,0.08512
2264,,0.55,0.0214,0.435,0.41608,0.69,0.0914,0.3,0.01744
2265,,0.475,-0.04628,0.385,0.38376,0.665,0.05908,0.25,-0.05024
2266,8,0.468,-0.03896,0.403,0.40144,0.672,0.05176,0.232,1.0
2267,2,0.486,1.0,0.446,0.44412,0.704,0.06944,0.239,1.0
2268,,0.411,0.93232,0.396,0.4118,0.679,0.03712,0.189,0.93232
2269,,0.336,0.86464,0.346,0.37948,0.654,0.0048,0.139,0.86464
2270,,0.261,0.79696,0.296,0.34716,0.629,-0.02752,0.089,0.79696
2271,6,0.229,0.77928,0.289,0.33984,0.611,1.0,0.046,0.75428
2272,,0.154,0.7116,0.239,0.30752,0.586,0.96768,-0.004,0.6866
2273,7,0.129,0.70092,0.239,0.3072,0.576,0.94236,1.0,0.65092
2274,,0.054,0.63324,0.189,0.27488,0.551,0.91004,0.95,0.58324
2275,,-0.021,0.56556,0.139,0.24256,0.526,0.87772,0.9,0.51556
2276,1,1.0,0.59088,0.174,0.27824,0.551,0.8884,0.9,0.51588
2277,,0.925,0.5232,0.124,0.24592,0.526,0.85608,0.85,0.4482
2278,,0.85,0.45552,0.074,0.2136,0.501,0.82376,0.8,0.38052
2279,,0.775,0.38784,0.024,0.18128,0.476,0.79144,0.75,0.31284
2280,,0.7,0.32016,-0.026,0.14896,0.451,0.75912,0.7,0.24516
2281,3,0.71,0.34548,1.0,0.18464,0.476,0.7698,0.7,0.24548
2282,,0.635,0.2778,0.95,0.15232,0.451,0.73748,0.65,0.1778
2283,,0.56,0.21012,0.9,0.12,0.426,0.70516,0.6,0.11012
2284,,0.485,0.14244,0.85,0.08768,0.401,0.67284,0.55,0.04244
2285,,0.41,0.07476,0.8,0.05536,0.376,0.64052,0.5,-0.02524
2286,8,0.403,0.08208,0.818,0.07304,0.383,0.6332,0.482,1.0
2287,,0.328,0.0144,0.768,0.04072,0.358,0.60088,0.432,0.93232
2288,,0.253,-0.05328,0.718,0.0084,0.333,0.56856,0.382,0.86464
2289,2,0.271,1.0,0.761,0.05108,0.365,0.58624,0.389,0.87196
2290,,0.196,0.93232,0.711,0.01876,0.34,0.55392,0.339,0.80428
2291,,0.121,0.86464,0.661,-0.01356,0.315,0.5216,0.289,0.7366
2292,4,0.114,0.87196,0.679,1.0,0.322,0.51428,0.271,0.71892
2293,,0.039,0.80428,0.629,0.96768,0.297,0.48196,0.221,0.65124
2294,,-0.036,0.7366,0.579,0.93536,0.272,0.44964,0.171,0.58356
2295,1,1.0,0.76192,0.614,0.97104,0.297,0.46032,0.171,0.58388
2296,,0.925,0.69424,0.564,0.93872,0.272,0.428,0.121,0.5162
2297,,0.85,0.62656,0.514,0.9064,0.247,0.39568,0.071,0.44852
2298,,0.775,0.55888,0.464,0.87408,0.222,0.36336,0.021,0.38084
2299,,0.7,0.4912,0.414,0.84176,0.197,0.33104,-0.029,0.31316
2300,7,0.675,0.48052,0.414,0.84144,0.187,0.30572,1.0,0.27748
2301,,0.6,0.41284,0.364,0.80912,0.162,0.2734,0.95,0.2098
2302,,0.525,0.34516,0.314,0.7768,0.137,0.24108,0.9,0.14212
2303,,0.45,0.27748,0.264,0.74448,0.112,0.20876,0.85,0.07444
2304,,0.375,0.2098,0.214,0.71216,0.087,0.17644,0.8,0.00676
2305,,0.3,0.14212,0.164,0.67984,0.062,0.14412,0.75,-0.06092
2306,8,0.293,0.14944,0.182,0.69752,0.069,0.1368,0.732,1.0
2307,,0.218,0.08176,0.132,0.6652,0.044,0.10448,0.682,0.93232
2308,,0.143,0.01408,0.082,0.63288,0.019,0.07216,0.632,0.86464
2309,,0.068,-0.0536,0.032,0.60056,-0.006,0.03984,0.582,0.79696
2310,2,0.086,1.0,0.075,0.64324,0.026,0.05752,0.589,0.80428
2311,,0.011,0.93232,0.025,0.61092,0.001,0.0252,0.539,0.7366
2312,,-0.064,0.86464,-0.025,0.5786,-0.024,-0.00712,0.489,0.66892
2313,1,1.0,0.88996,0.01,0.61428,0.001,0.00356,0.489,0.66924
2314,,0.925,0.82228,-0.04,0.58196,-0.024,-0.02876,0.439,0.60156
2315,3,0.935,0.8476,1.0,0.61764,0.001,-0.01808,0.439,0.60188
2316,6,0.903,0.82992,0.993,0.61032,-0.017,1.0,0.396,0.5592
2317,5,0.878,0.81924,0.993,0.61,1.0,0.81768,0.361,0.52352
2318,,0.803,0.75156,0.943,0.57768,0.975,0.78536,0.311,0.45584
2319,,0.728,0.68388,0.893,0.54536,0.95,0.75304,0.261,0.38816
2320,,0.653,0.6162,0.843,0.51304,0.925,0.72072,0.211,0.32048
2321,,0.578,0.54852,0.793,0.48072,0.9,0.6884,0.161,0.2528
2322,,0.503,0.48084,0.743,0.4484,0.875,0.65608,0.111,0.18512
2323,,0.428,0.41316,0.693,0.41608,0.85,0.62376,0.061,0.11744
2324,,0.353,0.34548,0.643,0.38376,0.825,0.59144,0.011,0.04976
2325,,0.278,0.2778,0.593,0.35144,0.8,0.55912,-0.039,-0.01792
2326,7,0.253,0.26712,0.593,0.35112,0.79,0.5338,1.0,-0.0536
2327,8,0.246,0.27444,0.611,0.3688,0.797,0.52648,0.982,1.0
2328,,0.171,0.20676,0.561,0.33648,0.772,0.49416,0.932,0.93232
2329,,0.096,0.13908,0.511,0.30416,0.747,0.46184,0.882,0.86464
2330,,0.021,0.0714,0.461,0.27184,0.722,0.42952,0.832,0.79696
2331,,-0.054,0.00372,0.411,0.23952,0.697,0.3972,0.782,0.72928
2332,1,1.0,0.02904,0.446,0.2752,0.722,0.40788,0.782,0.7296
2333,,0.925,-0.03864,0.396,0.24288,0.697,0.37556,0.732,0.66192
2334,2,0.943,1.0,0.439,0.28556,0.729,0.39324,0.739,0.66924
2335,,0.868,0.93232,0.389,0.25324,0.704,0.36092,0.689,0.60156
2336,,0.793,0.86464,0.339,0.22092,0.679,0.3286,0.639,0.53388
2337,,0.718,0.79696,0.289,0.1886,0.654,0.29628,0.589,0.4662
2338,,0.643,0.72928,0.239,0.15628,0.629,0.26396,0.539,0.39852
2339,,0.568,0.6616,0.189,0.12396,0.604,0.23164,0.489,0.33084
2340,,0.493,0.59392,0.139,0.09164,0.579,0.19932,0.439,0.26316
2341,,0.418,0.52624,0.089,0.05932,0.554,0.167,0.389,0.19548
2342,,0.343,0.45856,0.039,0.027,0.529,0.13468,0.339,0.1278
2343,,0.268,0.39088,-0.011,-0.00532,0.504,0.10236,0.289,0.06012
2344,3,0.278,0.4162,1.0,0.03036,0.529,0.11304,0.289,0.06044
2345,,0.203,0.34852,0.95,-0.00196,0.504,0.08072,0.239,-0.00724
2346,8,0.196,0.35584,0.968,0.01572,0.511,0.0734,0.221,1.0
2347,,0.121,0.28816,0.918,-0.0166,0.486,0.04108,0.171,0.93232
2348,4,0.114,0.29548,0.936,1.0,0.493,0.03376,0.153,0.91464
2349,,0.039,0.2278,0.886,0.96768,0.468,0.00144,0.103,0.84696
2350,,-0.036,0.16012,0.836,0.93536,0.443,-0.03088,0.053,0.77928
2351,1,1.0,0.18544,0.871,0.97104,0.468,-0.0202,0.053,0.7796
2352,6,0.968,0.16776,0.864,0.96372,0.45,1.0,0.01,0.73692
2353,,0.893,0.10008,0.814,0.9314,0.425,0.96768,-0.04,0.66924
2354,7,0.868,0.0894,0.814,0.93108,0.415,0.94236,1.0,0.63356
2355,,0.793,0.02172,0.764,0.89876,0.39,0.91004,0.95,0.56588
2356,,0.718,-0.04596,0.714,0.86644,0.365,0.87772,0.9,0.4982
2357,2,0.736,1.0,0.757,0.90912,0.397,0.8954,0.907,0.50552
2358,,0.661,0.93232,0.707,0.8768,0.372,0.86308,0.857,0.43784
2359,,0.586,0.86464,0.657,0.84448,0.347,0.83076,0.807,0.37016
2360,,0.511,0.79696,0.607,0.81216,0.322,0.79844,0.757,0.30248
2361,,0.436,0.72928,0.557,0.77984,0.297,0.76612,0.707,0.2348
2362,,0.361,0.6616,0.507,0.74752,0.272,0.7338,0.657,0.16712
2363,,0.286,0.59392,0.457,0.7152,0.247,0.70148,0.607,0.09944
2364,,0.211,0.52624,0.407,0.68288,0.222,0.66916,0.557,0.03176
2365,,0.136,0.45856,0.357,0.65056,0.197,0.63684,0.507,-0.03592
2366,8,0.129,0.46588,0.375,0.66824,0.204,0.62952,0.489,1.0
2367,,0.054,0.3982,0.325,0.63592,0.179,0.5972,0.439,0.93232
2368,,-0.021,0.33052,0.275,0.6036,0.154,0.56488,0.389,0.86464
2369,1,1.0,0.35584,0.31,0.63928,0.179,0.57556,0.389,0.86496
2370,,0.925,0.28816,0.26,0.60696,0.154,0.54324,0.339,0.79728
2371,,0.85,0.22048,0.21,0.57464,0.129,0.51092,0.289,0.7296
2372,,0.775,0.1528,0.16,0.54232,0.104,0.4786,0.239,0.66192
2373,,0.7,0.08512,0.11,0.51,0.079,0.44628,0.189,0.59424
2374,,0.625,0.01744,0.06,0.47768,0.054,0.41396,0.139,0.52656
2375,,0.55,-0.05024,0.01,0.44536,0.029,0.38164,0.089,0.45888
2376,2,0.568,1.0,0.053,0.48804,0.061,0.39932,0.096,0.4662
2377,,0.493,0.93232,0.003,0.45572,0.036,0.367,0.046,0.39852
2378,,0.418,0.86464,-0.047,0.4234,0.011,0.33468,-0.004,0.33084
2379,3,0.428,0.88996,1.0,0.45908,0.036,0.34536,-0.004,0.33116
2380,7,0.403,0.87928,1.0,0.45876,0.026,0.32004,1.0,0.29548
2381,,0.328,0.8116,0.95,0.42644,0.001,0.28772,0.95,0.2278
2382,,0.253,0.74392,0.9,0.39412,-0.024,0.2554,0.9,0.16012
2383,5,0.228,0.73324,0.9,0.3938,1.0,0.07308,0.865,0.12444
2384,,0.153,0.66556,0.85,0.36148,0.975,0.04076,0.815,0.05676
2385,,0.078,0.59788,0.8,0.32916,0.95,0.00844,0.765,-0.01092
2386,8,0.071,0.6052,0.818,0.34684,0.957,0.00112,0.747,1.0
2387,,-0.004,0.53752,0.768,0.31452,0.932,-0.0312,0.697,0.93232
2388,6,-0.036,0.51984,0.761,0.3072,0.914,1.0,0.654,0.88964
2389,1,1.0,0.54516,0.796,0.34288,0.939,1.0,0.654,0.88996
2390,,0.925,0.47748,0.746,0.31056,0.914,0.96768,0.604,0.82228
2391,,0.85,0.4098,0.696,0.27824,0.889,0.93536,0.554,0.7546
2392,,0.775,0.34212,0.646,0.24592,0.864,0.90304,0.504,0.68692
2393,,0.7,0.27444,0.596,0.2136,0.839,0.87072,0.454,0.61924
2394,,0.625,0.20676,0.546,0.18128,0.814,0.8384,0.404,0.55156
2395,,0.55,0.13908,0.496,0.14896,0.789,0.80608,0.354,0.48388
2396,,0.475,0.0714,0.446,0.11664,0.764,0.77376,0.304,0.4162
2397,,0.4,0.00372,0.396,0.08432,0.739,0.74144,0.254,0.34852
2398,,0.325,-0.06396,0.346,0.052,0.714,0.70912,0.204,0.28084
2399,2,0.343,1.0,0.389,0.09468,0.746,0.7268,0.211,0.28816
2400,,0.268,0.93232,0.339,0.06236,0.721,0.69448,0.161,0.22048
2401,,0.193,0.86464,0.289,0.03004,0.696,0.66216,0.111,0.1528
2402,,0.118,0.79696,0.239,-0.00228,0.671,0.62984,0.061,0.08512
2403,4,0.111,0.80428,0.257,1.0,0.678,0.62252,0.043,0.06744
2404,,0.036,0.7366,0.207,0.96768,0.653,0.5902,-0.007,-0.00024
2405,7,0.011,0.72592,0.207,0.96736,0.643,0.56488,1.0,-0.03592
2406,8,0.004,0.73324,0.225,0.98504,0.65,0.55756,0.982,1.0
2407,,-0.071,0.66556,0.175,0.95272,0.625,0.52524,0.932,0.93232
2408,1,1.0,0.69088,0.21,0.9884,0.65,0.53592,0.932,0.93264
2409,,0.925,0.6232,0.16,0.95608,0.625,0.5036,0.882,0.86496
2410,,0.85,0.55552,0.11,0.92376,0.6,0.47128,0.832,0.79728
2411,,0.775,0.48784,0.06,0.89144,0.575,0.43896,0.782,0.7296
2412,,0.7,0.42016,0.01,0.85912,0.55,0.40664,0.732,0.66192
2413,,0.625,0.35248,-0.04,0.8268,0.525,0.37432,0.682,0.59424
2414,3,0.635,0.3778,1.0,0.86248,0.55,0.385,0.682,0.59456
2415,,0.56,0.31012,0.95,0.83016,0.525,0.35268,0.632,0.52688
2416,,0.485,0.24244,0.9,0.79784,0.5,0.32036,0.582,0.4592
2417,,0.41,0.17476,0.85,0.76552,0.475,0.28804,0.532,0.39152
2418,,0.335,0.10708,0.8,0.7332,0.45,0.25572,0.482,0.32384
2419,,0.26,0.0394,0.75,0.70088,0.425,0.2234,0.432,0.25616
2420,,0.185,-0.02828,0.7,0.66856,0.4,0.19108,0.382,0.18848
2421,2,0.203,1.0,0.743,0.71124,0.432,0.20876,0.389,0.1958
2422,,0.128,0.93232,0.693,0.67892,0.407,0.17644,0.339,0.12812
2423,,0.053,0.86464,0.643,0.6466,0.382,0.14412,0.289,0.06044
2424,,-0.022,0.79696,0.593,0.61428,0.357,0.1118,0.239,-0.00724
2425,1,1.0,0.82228,0.628,0.64996,0.382,0.12248,0.239,-0.00692
2426,8,0.993,0.8296,0.646,0.66764,0.389,0.11516,0.221,1.0
2427,,0.918,0.76192,0.596,0.63532,0.364,0.08284,0.171,0.93232
2428,,0.843,0.69424,0.546,0.603,0.339,0.05052,0.121,0.86464
2429,,0.768,0.62656,0.496,0.57068,0.314,0.0182,0.071,0.79696
2430,,0.693,0.55888,0.446,0.53836,0.289,-0.01412,0.021,0.72928
2431,6,0.661,0.5412,0.439,0.53104,0.271,1.0,-0.022,0.6866
2432,7,0.636,0.53052,0.439,0.53072,0.261,0.97468,1.0,0.65092
2433,,0.561,0.46284,0.389,0.4984,0.236,0.94236,0.95,0.58324
2434,,0.486,0.39516,0.339,0.46608,0.211,0.91004,0.9,0.51556
2435,,0.411,0.32748,0.289,0.43376,0.186,0.87772,0.85,0.44788
2436,,0.336,0.2598,0.239,0.40144,0.161,0.8454,0.8,0.3802
2437,,0.261,0.19212,0.189,0.36912,0.136,0.81308,0.75,0.31252
2438,,0.186,0.12444,0.139,0.3368,0.111,0.78076,0.7,0.24484
2439,,0.111,0.05676,0.089,0.30448,0.086,0.74844,0.65,0.17716
2440,,0.036,-0.01092,0.039,0.27216,0.061,0.71612,0.6,0.10948
2441,2,0.054,1.0,0.082,0.31484,0.093,0.7338,0.607,0.1168
2442,,-0.021,0.93232,0.032,0.28252,0.068,0.70148,0.557,0.04912
2443,1,1.0,0.95764,0.067,0.3182,0.093,0.71216,0.557,0.04944
2444,,0.925,0.88996,0.017,0.28588,0.068,0.67984,0.507,-0.01824
2445,8,0.918,0.89728,0.035,0.30356,0.075,0.67252,0.489,1.0
2446,,0.843,0.8296,-0.015,0.27124,0.05,0.6402,0.439,0.93232
2447,3,0.853,0.85492,1.0,0.30692,0.075,0.65088,0.439,0.93264
2448,,0.778,0.78724,0.95,0.2746,0.05,0.61856,0.389,0.86496
2449,,0.703,0.71956,0.9,0.24228,0.025,0.58624,0.339,0.79728
2450,,0.628,0.65188,0.85,0.20996,0.0,0.55392,0.289,0.7296
2451,,0.553,0.5842,0.8,0.17764,-0.025,0.5216,0.239,0.66192
2452,5,0.528,0.57352,0.8,0.17732,1.0,0.33928,0.204,0.62624
2453,,0.453,0.50584,0.75,0.145,0.975,0.30696,0.154,0.55856
2454,,0.378,0.43816,0.7,0.11268,0.95,0.27464,0.104,0.49088
2455,,0.303,0.37048,0.65,0.08036,0.925,0.24232,0.054,0.4232
2456,,0.228,0.3028,0.6,0.04804,0.9,0.21,0.004,0.35552
2457,,0.153,0.23512,0.55,0.01572,0.875,0.17768,-0.046,0.28784
2458,7,0.128,0.22444,0.55,0.0154,0.865,0.15236,1.0,0.25216
2459,,0.053,0.15676,0.5,-0.01692,0.84,0.12004,0.95,0.18448
2460,4,0.046,0.16408,0.518,1.0,0.847,0.11272,0.932,0.1668
2461,,-0.029,0.0964,0.468,0.96768,0.822,0.0804,0.882,0.09912
2462,1,1.0,0.12172,0.503,1.0,0.847,0.09108,0.882,0.09944
2463,,0.925,0.05404,0.453,0.96768,0.822,0.05876,0.832,0.03176
2464,,0.85,-0.01364,0.403,0.93536,0.797,0.02644,0.782,-0.03592
2465,8,0.843,-0.00632,0.421,0.95304,0.804,0.01912,0.764,1.0
2466,2,0.861,1.0,0.464,0.99572,0.836,0.0368,0.771,1.0
2467,,0.786,0.93232,0.414,0.9634,0.811,0.00448,0.721,0.93232
2468,,0.711,0.86464,0.364,0.93108,0.786,-0.02784,0.671,0.86464
2469,6,0.679,0.84696,0.357,0.92376,0.768,1.0,0.628,0.82196
2470,,0.604,0.77928,0.307,0.89144,0.743,0.96768,0.578,0.75428
2471,,0.529,0.7116,0.257,0.85912,0.718,0.93536,0.528,0.6866
2472,,0.454,0.64392,0.207,0.8268,0.693,0.90304,0.478,0.61892
2473,,0.379,0.57624,0.157,0.79448,0.668,0.87072,0.428,0.55124
2474,,0.304,0.50856,0.107,0.76216,0.643,0.8384,0.378,0.48356
2475,,0.229,0.44088,0.057,0.72984,0.618,0.80608,0.328,0.41588
2476,,0.154,0.3732,0.007,0.69752,0.593,0.77376,0.278,0.3482
2477,,0.079,0.30552,-0.043,0.6652,0.568,0.74144,0.228,0.28052
2478,3,0.089,0.33084,1.0,0.70088,0.593,0.75212,0.228,0.28084
2479,,0.014,0.26316,0.95,0.66856,0.568,0.7198,0.178,0.21316
2480,,-0.061,0.19548,0.9,0.63624,0.543,0.68748,0.128,0.14548
2481,1,1.0,0.2208,0.935,0.67192,0.568,0.69816,0.128,0.1458
2482,,0.925,0.15312,0.885,0.6396,0.543,0.66584,0.078,0.07812
2483,,0.85,0.08544,0.835,0.60728,0.518,0.63352,0.028,0.01044
2484,,0.775,0.01776,0.785,0.57496,0.493,0.6012,-0.022,-0.05724
2485,8,0.768,0.02508,0.803,0.59264,0.5,0.59388,-0.04,1.0
2486,7,0.743,0.0144,0.803,0.59232,0.49,0.56856,1.0,0.96432
2487,,0.668,-0.05328,0.753,0.56,0.465,0.53624,0.95,0.89664
2488,2,0.686,1.0,0.796,0.60268,0.497,0.55392,0.957,0.90396
2489,,0.611,0.93232,0.746,0.57036,0.472,0.5216,0.907,0.83628
2490,,0.536,0.86464,0.696,0.53804,0.447,0.48928,0.857,0.7686
2491,,0.461,0.79696,0.646,0.50572,0.422,0.45696,0.807,0.70092
2492,,0.386,0.72928,0.596,0.4734,0.397,0.42464,0.757,0.63324
2493,,0.311,0.6616,0.546,0.44108,0.372,0.39232,0.707,0.56556
2494,,0.236,0.59392,0.496,0.40876,0.347,0.36,0.657,0.49788
2495,,0.161,0.52624,0.446,0.37644,0.322,0.32768,0.607,0.4302
2496,,0.086,0.45856,0.396,0.34412,0.297,0.29536,0.557,0.36252
2497,,0.011,0.39088,0.346,0.3118,0.272,0.26304,0.507,0.29484
2498,,-0.064,0.3232,0.296,0.27948,0.247,0.23072,0.457,0.22716
2499,1,1.0,0.34852,0.331,0.31516,0.272,0.2414,0.457,0.22748
2500,,0.925,0.28084,0.281,0.28284,0.247,0.20908,0.407,0.1598
2501,,0.85,0.21316,0.231,0.25052,0.222,0.17676,0.357,0.09212
2502,,0.775,0.14548,0.181,0.2182,0.197,0.14444,0.307,0.02444
2503,,0.7,0.0778,0.131,0.18588,0.172,0.11212,0.257,-0.04324
2504,8,0.693,0.08512,0.149,0.20356,0.179,0.1048,0.239,1.0
2505,,0.618,0.01744,0.099,0.17124,0.154,0.07248,0.189,0.93232
2506,,0.543,-0.05024,0.049,0.13892,0.129,0.04016,0.139,0.86464
2507,2,0.561,1.0,0.092,0.1816,0.161,0.05784,0.146,0.87196
2508,,0.486,0.93232,0.042,0.14928,0.136,0.02552,0.096,0.80428
2509,,0.411,0.86464,-0.008,0.11696,0.111,-0.0068,0.046,0.7366
2510,3,0.421,0.88996,1.0,0.15264,0.136,0.00388,0.046,0.73692
2511,,0.346,0.82228,0.95,0.12032,0.111,-0.02844,-0.004,0.66924
2512,6,0.314,0.8046,0.943,0.113,0.093,1.0,-0.047,0.62656
2513,7,0.289,0.79392,0.943,0.11268,0.083,0.97468,1.0,0.59088
2514,,0.214,0.72624,0.893,0.08036,0.058,0.94236,0.95,0.5232
2515,,0.139,0.65856,0.843,0.04804,0.033,0.91004,0.9,0.45552
2516,,0.064,0.59088,0.793,0.01572,0.008,0.87772,0.85,0.38784
2517,,-0.011,0.5232,0.743,-0.0166,-0.017,0.8454,0.8,0.32016
2518,5,-0.036,0.51252,0.743,-0.01692,1.0,0.66308,0.765,0.28448
2519,1,1.0,0.53784,0.778,0.01876,1.0,0.67376,0.765,0.2848
2520,,0.925,0.47016,0.728,-0.01356,0.975,0.64144,0.715,0.21712
2521,4,0.918,0.47748,0.746,1.0,0.982,0.63412,0.697,0.19944
2522,,0.843,0.4098,0.696,0.96768,0.957,0.6018,0.647,0.13176
2523,,0.768,0.34212,0.646,0.93536,0.932,0.56948,0.597,0.06408
2524,,0.693,0.27444,0.596,0.90304,0.907,0.53716,0.547,-0.0036
2525,8,0.686,0.28176,0.614,0.92072,0.914,0.52984,0.529,1.0
2526,,0.611,0.21408,0.564,0.8884,0.889,0.49752,0.479,0.93232
2527,,0.536,0.1464,0.514,0.85608,0.864,0.4652,0.429,0.86464
2528,,0.461,0.07872,0.464,0.82376,0.839,0.43288,0.379,0.79696
2529,,0.386,0.01104,0.414,0.79144,0.814,0.40056,0.329,0.72928
2530,,0.311,-0.05664,0.364,0.75912,0.789,0.36824,0.279,0.6616
2531,2,0.329,1.0,0.407,0.8018,0.821,0.38592,0.286,0.66892
2532,,0.254,0.93232,0.357,0.76948,0.796,0.3536,0.236,0.60124
2533,,0.179,0.86464,0.307,0.73716,0.771,0.32128,0.186,0.53356
2534,,0.104,0.79696,0.257,0.70484,0.746,0.28896,0.136,0.46588
2535,,0.029,0.72928,0.207,0.67252,0.721,0.25664,0.086,0.3982
2536,,-0.046,0.6616,0.157,0.6402,0.696,0.22432,0.036,0.33052
2537,1,1.0,0.68692,0.192,0.67588,0.721,0.235,0.036,0.33084
2538,,0.925,0.61924,0.142,0.64356,0.696,0.20268,-0.014,0.26316
2539,7,0.9,0.60856,0.142,0.64324,0.686,0.17736,1.0,0.22748
2540,,0.825,0.54088,0.092,0.61092,0.661,0.14504,0.95,0.1598
2541,,0.75,0.4732,0.042,0.5786,0.636,0.11272,0.9,0.09212
2542,,0.675,0.40552,-0.008,0.54628,0.611,0.0804,0.85,0.02444
2543,3,0.685,0.43084,1.0,0.58196,0.636,0.09108,0.85,0.02476
2544,,0.61,0.36316,0.95,0.54964,0.611,0.05876,0.8,-0.04292
2545,8,0.603,0.37048,0.968,0.56732,0.618,0.05144,0.782,1.0
2546,,0.528,0.3028,0.918,0.535,0.593,0.01912,0.732,0.93232
2547,,0.453,0.23512,0.868,0.50268,0.568,-0.0132,0.682,0.86464
2548,6,0.421,0.21744,0.861,0.49536,0.55,1.0,0.639,0.82196
2549,,0.346,0.14976,0.811,0.46304,0.525,0.96768,0.589,0.75428
2550,,0.271,0.08208,0.761,0.43072,0.5,0.93536,0.539,0.6866
2551,,0.196,0.0144,0.711,0.3984,0.475,0.90304,0.489,0.61892
2552,,0.121,-0.05328,0.661,0.36608,0.45,0.87072,0.439,0.55124
2553,2,0.139,1.0,0.704,0.40876,0.482,0.8884,0.446,0.55856
2554,,0.064,0.93232,0.654,0.37644,0.457,0.85608,0.396,0.49088
2555,,-0.011,0.86464,0.604,0.34412,0.432,0.82376,0.346,0.4232
2556,1,1.0,0.88996,0.639,0.3798,0.457,0.83444,0.346,0.42352
2557,,0.925,0.82228,0.589,0.34748,0.432,0.80212,0.296,0.35584
2558,,0.85,0.7546,0.539,0.31516,0.407,0.7698,0.246,0.28816
2559,,0.775,0.68692,0.489,0.28284,0.382,0.73748,0.196,0.22048
2560,,0.7,0.61924,0.439,0.25052,0.357,0.70516,0.146,0.1528
2561,,0.625,0.55156,0.389,0.2182,0.332,0.67284,0.096,0.08512
2562,,0.55,0.48388,0.339,0.18588,0.307,0.64052,0.046,0.01744
2563,,0.475,0.4162,0.289,0.15356,0.282,0.6082,-0.004,-0.05024
2564,8,0.468,0.42352,0.307,0.17124,0.289,0.60088,-0.022,1.0
2565,7,0.443,0.41284,0.307,0.17092,0.279,0.57556,1.0,0.96432
2566,,0.368,0.34516,0.257,0.1386,0.254,0.54324,0.95,0.89664
2567,,0.293,0.27748,0.207,0.10628,0.229,0.51092,0.9,0.82896
2568,,0.218,0.2098,0.157,0.07396,0.204,0.4786,0.85,0.76128
2569,,0.143,0.14212,0.107,0.04164,0.179,0.44628,0.8,0.6936
2570,,0.068,0.07444,0.057,0.00932,0.154,0.41396,0.75,0.62592
2571,,-0.007,0.00676,0.007,-0.023,0.129,0.38164,0.7,0.55824
2572,4,-0.014,0.01408,0.025,1.0,0.136,0.37432,0.682,0.54056
2573,1,1.0,0.0394,0.06,1.0,0.161,0.385,0.682,0.54088
2574,,0.925,-0.02828,0.01,0.96768,0.136,0.35268,0.632,0.4732
2575,2,0.943,1.0,0.053,1.0,0.168,0.37036,0.639,0.48052
2576,,0.868,0.93232,0.003,0.96768,0.143,0.33804,0.589,0.41284
2577,,0.793,0.86464,-0.047,0.93536,0.118,0.30572,0.539,0.34516
2578,3,0.803,0.88996,1.0,0.97104,0.143,0.3164,0.539,0.34548
2579,,0.728,0.82228,0.95,0.93872,0.118,0.28408,0.489,0.2778
2580,,0.653,0.7546,0.9,0.9064,0.093,0.25176,0.439,0.21012
2581,,0.578,0.68692,0.85,0.87408,0.068,0.21944,0.389,0.14244
2582,,0.503,0.61924,0.8,0.84176,0.043,0.18712,0.339,0.07476
2583,,0.428,0.55156,0.75,0.80944,0.018,0.1548,0.289,0.00708
2584,,0.353,0.48388,0.7,0.77712,-0.007,0.12248,0.239,-0.0606
2585,8,0.346,0.4912,0.718,0.7948,0.0,0.11516,0.221,1.0
2586,,0.271,0.42352,0.668,0.76248,-0.025,0.08284,0.171,0.93232
2587,5,0.246,0.41284,0.668,0.76216,1.0,-0.09948,0.136,0.89664
2588,6,0.214,0.39516,0.661,0.75484,0.982,1.0,0.093,0.85396
2589,,0.139,0.32748,0.611,0.72252,0.957,0.96768,0.043,0.78628
2590,,0.064,0.2598,0.561,0.6902,0.932,0.93536,-0.007,0.7186
2591,7,0.039,0.24912,0.561,0.68988,0.922,0.91004,1.0,0.68292
2592,,-0.036,0.18144,0.511,0.65756,0.897,0.87772,0.95,0.61524
2593,1,1.0,0.20676,0.546,0.69324,0.922,0.8884,0.95,0.61556
2594,,0.925,0.13908,0.496,0.66092,0.897,0.85608,0.9,0.54788
2595,,0.85,0.0714,0.446,0.6286,0.872,0.82376,0.85,0.4802
2596,,0.775,0.00372,0.396,0.59628,0.847,0.79144,0.8,0.41252
2597,,0.7,-0.06396,0.346,0.56396,0.822,0.75912,0.75,0.34484
2598,2,0.718,1.0,0.389,0.60664,0.854,0.7768,0.757,0.35216
2599,,0.643,0.93232,0.339,0.57432,0.829,0.74448,0.707,0.28448
2600,,0.568,0.86464,0.289,0.542,0.804,0.71216,0.657,0.2168
2601,,0.493,0.79696,0.239,0.50968,0.779,0.67984,0.607,0.14912
2602,,0.418,0.72928,0.189,0.47736,0.754,0.64752,0.557,0.08144
2603,,0.343,0.6616,0.139,0.44504,0.729,0.6152,0.507,0.01376
2604,,0.268,0.59392,0.089,0.41272,0.704,0.58288,0.457,-0.05392
2605,8,0.261,0.60124,0.107,0.4304,0.711,0.57556,0.439,1.0
2606,,0.186,0.53356,0.057,0.39808,0.686,0.54324,0.389,0.93232
2607,,0.111,0.46588,0.007,0.36576,0.661,0.51092,0.339,0.86464
2608,,0.036,0.3982,-0.043,0.33344,0.636,0.4786,0.289,0.79696
2609,3,0.046,0.42352,1.0,0.36912,0.661,0.48928,0.289,0.79728
2610,,-0.029,0.35584,0.95,0.3368,0.636,0.45696,0.239,0.7296
2611,1,1.0,0.38116,0.985,0.37248,0.661,0.46764,0.239,0.72992
2612,,0.925,0.31348,0.935,0.34016,0.636,0.43532,0.189,0.66224
2613,,0.85,0.2458,0.885,0.30784,0.611,0.403,0.139,0.59456
2614,,0.775,0.17812,0.835,0.27552,0.586,0.37068,0.089,0.52688
2615,,0.7,0.11044,0.785,0.2432,0.561,0.33836,0.039,0.4592
2616,,0.625,0.04276,0.735,0.21088,0.536,0.30604,-0.011,0.39152
2617,7,0.6,0.03208,0.735,0.21056,0.526,0.28072,1.0,0.35584
2618,,0.525,-0.0356,0.685,0.17824,0.501,0.2484,0.95,0.28816
2619,2,0.543,1.0,0.728,0.22092,0.533,0.26608,0.957,0.29548
2620,,0.468,0.93232,0.678,0.1886,0.508,0.23376,0.907,0.2278
2621,,0.393,0.86464,0.628,0.15628,0.483,0.20144,0.857,0.16012
2622,,0.318,0.79696,0.578,0.12396,0.458,0.16912,0.807,0.09244
2623,,0.243,0.72928,0.528,0.09164,0.433,0.1368,0.757,0.02476
2624,,0.168,0.6616,0.478,0.05932,0.408,0.10448,0.707,-0.04292
2625,8,0.161,0.66892,0.496,0.077,0.415,0.09716,0.689,1.0
2626,,0.086,0.60124,0.446,0.04468,0.39,0.06484,0.639,0.93232
2627,,0.011,0.53356,0.396,0.01236,0.365,0.03252,0.589,0.86464
2628,,-0.064,0.46588,0.346,-0.01996,0.34,0.0002,0.539,0.79696
2629,1,1.0,0.4912,0.381,0.01572,0.365,0.01088,0.539,0.79728
2630,,0.925,0.42352,0.331,-0.0166,0.34,-0.02144,0.489,0.7296
2631,6,0.893,0.40584,0.324,-0.02392,0.322,1.0,0.446,0.68692
2632,4,0.886,0.41316,0.342,1.0,0.329,0.99268,0.428,0.66924
2633,,0.811,0.34548,0.292,0.96768,0.304,0.96036,0.378,0.60156
2634,,0.736,0.2778,0.242,0.93536,0.279,0.92804,0.328,0.53388
2635,,0.661,0.21012,0.192,0.90304,0.254,0.89572,0.278,0.4662
2636,,0.586,0.14244,0.142,0.87072,0.229,0.8634,0.228,0.39852
2637,,0.511,0.07476,0.092,0.8384,0.204,0.83108,0.178,0.33084
2638,,0.436,0.00708,0.042,0.80608,0.179,0.79876,0.128,0.26316
2639,,0.361,-0.0606,-0.008,0.77376,0.154,0.76644,0.078,0.19548
2640,2,0.379,1.0,0.035,0.81644,0.186,0.78412,0.085,0.2028
2641,,0.304,0.93232,-0.015,0.78412,0.161,0.7518,0.035,0.13512
2642,3,0.314,0.95764,1.0,0.8198,0.186,0.76248,0.035,0.13544
2643,,0.239,0.88996,0.95,0.78748,0.161,0.73016,-0.015,0.06776
2644,7,0.214,0.87928,0.95,0.78716,0.151,0.70484,1.0,0.03208
2645,,0.139,0.8116,0.9,0.75484,0.126,0.67252,0.95,-0.0356
2646,8,0.132,0.81892,0.918,0.77252,0.133,0.6652,0.932,1.0
2647,,0.057,0.75124,0.868,0.7402,0.108,0.63288,0.882,0.93232
2648,,-0.018,0.68356,0.818,0.70788,0.083,0.60056,0.832,0.86464
2649,1,1.0,0.70888,0.853,0.74356,0.108,0.61124,0.832,0.86496
2650,,0.925,0.6412,0.803,0.71124,0.083,0.57892,0.782,0.79728
2651,,0.85,0.57352,0.753,0.67892,0.058,0.5466,0.732,0.7296
2652,,0.775,0.50584,0.703,0.6466,0.033,0.51428,0.682,0.66192
2653,,0.7,0.43816,0.653,0.61428,0.008,0.48196,0.632,0.59424
2654,,0.625,0.37048,0.603,0.58196,-0.017,0.44964,0.582,0.52656
2655,5,0.6,0.3598,0.603,0.58164,1.0,0.26732,0.547,0.49088
2656,,0.525,0.29212,0.553,0.54932,0.975,0.235,0.497,0.4232
2657,,0.45,0.22444,0.503,0.517,0.95,0.20268,0.447,0.35552
2658,,0.375,0.15676,0.453,0.48468,0.925,0.17036,0.397,0.28784
2659,,0.3,0.08908,0.403,0.45236,0.9,0.13804,0.347,0.22016
2660,,0.225,0.0214,0.353,0.42004,0.875,0.10572,0.297,0.15248
2661,,0.15,-0.04628,0.303,0.38772,0.85,0.0734,0.247,0.0848
2662,2,0.168,1.0,0.346,0.4304,0.882,0.09108,0.254,0.09212
2663,,0.093,0.93232,0.296,0.39808,0.857,0.05876,0.204,0.02444
2664,,0.018,0.86464,0.246,0.36576,0.832,0.02644,0.154,-0.04324
2665,8,0.011,0.87196,0.264,0.38344,0.839,0.01912,0.136,1.0
2666,,-0.064,0.80428,0.214,0.35112,0.814,-0.0132,0.086,0.93232
2667,1,1.0,0.8296,0.249,0.3868,0.839,-0.00252,0.086,0.93264
2668,6,0.968,0.81192,0.242,0.37948,0.821,1.0,0.043,0.88996
2669,,0.893,0.74424,0.192,0.34716,0.796,0.96768,-0.007,0.82228
2670,7,0.868,0.73356,0.192,0.34684,0.786,0.94236,1.0,0.7866
2671,,0.793,0.66588,0.142,0.31452,0.761,0.91004,0.95,0.71892
2672,,0.718,0.5982,0.092,0.2822,0.736,0.87772,0.9,0.65124
2673,,0.643,0.53052,0.042,0.24988,0.711,0.8454,0.85,0.58356
2674,,0.568,0.46284,-0.008,0.21756,0.686,0.81308,0.8,0.51588
2675,3,0.578,0.48816,1.0,0.25324,0.711,0.82376,0.8,0.5162
2676,,0.503,0.42048,0.95,0.22092,0.686,0.79144,0.75,0.44852
2677,,0.428,0.3528,0.9,0.1886,0.661,0.75912,0.7,0.38084
2678,,0.353,0.28512,0.85,0.15628,0.636,0.7268,0.65,0.31316
2679,,0.278,0.21744,0.8,0.12396,0.611,0.69448,0.6,0.24548
2680,,0.203,0.14976,0.75,0.09164,0.586,0.66216,0.55,0.1778
2681,,0.128,0.08208,0.7,0.05932,0.561,0.62984,0.5,0.11012
2682,,0.053,0.0144,0.65,0.027,0.536,0.59752,0.45,0.04244
2683,,-0.022,-0.05328,0.6,-0.00532,0.511,0.5652,0.4,-0.02524
2684,2,-0.004,1.0,0.643,0.03736,0.543,0.58288,0.407,-0.01792
2685,8,-0.011,1.0,0.661,0.05504,0.55,0.57556,0.389,1.0
2686,1,1.0,1.0,0.696,0.09072,0.575,0.58624,0.389,1.0
2687,,0.925,0.93232,0.646,0.0584,0.55,0.55392,0.339,0.93232
2688,,0.85,0.86464,0.596,0.02608,0.525,0.5216,0.289,0.86464
2689,,0.775,0.79696,0.546,-0.00624,0.5,0.48928,0.239,0.79696
2690,4,0.768,0.80428,0.564,1.0,0.507,0.48196,0.221,0.77928
2691,,0.693,0.7366,0.514,0.96768,0.482,0.44964,0.171,0.7116
2692,,0.618,0.66892,0.464,0.93536,0.457,0.41732,0.121,0.64392
2693,,0.543,0.60124,0.414,0.90304,0.432,0.385,0.071,0.57624
2694,,0.468,0.53356,0.364,0.87072,0.407,0.35268,0.021,0.50856
2695,,0.393,0.46588,0.314,0.8384,0.382,0.32036,-0.029,0.44088
2696,7,0.368,0.4552,0.314,0.83808,0.372,0.29504,1.0,0.4052
2697,,0.293,0.38752,0.264,0.80576,0.347,0.26272,0.95,0.33752
2698,,0.218,0.31984,0.214,0.77344,0.322,0.2304,0.9,0.26984
2699,,0.143,0.25216,0.164,0.74112,0.297,0.19808,0.85,0.20216
2700,,0.068,0.18448,0.114,0.7088,0.272,0.16576,0.8,0.13448
2701,,-0.007,0.1168,0.064,0.67648,0.247,0.13344,0.75,0.0668
2702,1,1.0,0.14212,0.099,0.71216,0.272,0.14412,0.75,0.06712
2703,,0.925,0.07444,0.049,0.67984,0.247,0.1118,0.7,-0.00056
2704,8,0.918,0.08176,0.067,0.69752,0.254,0.10448,0.682,1.0
2705,,0.843,0.01408,0.017,0.6652,0.229,0.07216,0.632,0.93232
2706,,0.768,-0.0536,-0.033,0.63288,0.204,0.03984,0.582,0.86464
2707,2,0.786,1.0,0.01,0.67556,0.236,0.05752,0.589,0.87196
2708,,0.711,0.93232,-0.04,0.64324,0.211,0.0252,0.539,0.80428
2709,3,0.721,0.95764,1.0,0.67892,0.236,0.03588,0.539,0.8046
2710,,0.646,0.88996,0.95,0.6466,0.211,0.00356,0.489,0.73692
2711,,0.571,0.82228,0.9,0.61428,0.186,-0.02876,0.439,0.66924
2712,6,0.539,0.8046,0.893,0.60696,0.168,1.0,0.396,0.62656
2713,,0.464,0.73692,0.843,0.57464,0.143,0.96768,0.346,0.55888
2714,,0.389,0.66924,0.793,0.54232,0.118,0.93536,0.296,0.4912
2715,,0.314,0.60156,0.743,0.51,0.093,0.90304,0.246,0.42352
2716,,0.239,0.53388,0.693,0.47768,0.068,0.87072,0.196,0.35584
2717,,0.164,0.4662,0.643,0.44536,0.043,0.8384,0.146,0.28816
2718,,0.089,0.39852,0.593,0.41304,0.018,0.80608,0.096,0.22048
2719,,0.014,0.33084,0.543,0.38072,-0.007,0.77376,0.046,0.1528
2720,5,-0.011,0.32016,0.543,0.3804,1.0,0.59144,0.011,0.11712
2721,1,1.0,0.34548,0.578,0.41608,1.0,0.60212,0.011,0.11744
2722,,0.925,0.2778,0.528,0.38376,0.975,0.5698,-0.039,0.04976
2723,7,0.9,0.26712,0.528,0.38344,0.965,0.54448,1.0,0.01408
2724,,0.825,0.19944,0.478,0.35112,0.94,0.51216,0.95,-0.0536
2725,8,0.818,0.20676,0.496,0.3688,0.947,0.50484,0.932,1.0
2726,,0.743,0.13908,0.446,0.33648,0.922,0.47252,0.882,0.93232
2727,,0.668,0.0714,0.396,0.30416,0.897,0.4402,0.832,0.86464
2728,,0.593,0.00372,0.346,0.27184,0.872,0.40788,0.782,0.79696
2729,,0.518,-0.06396,0.296,0.23952,0.847,0.37556,0.732,0.72928
2730,2,0.536,1.0,0.339,0.2822,0.879,0.39324,0.739,0.7366
2731,,0.461,0.93232,0.289,0.24988,0.854,0.36092,0.689,0.66892
2732,,0.386,0.86464,0.239,0.21756,0.829,0.3286,0.639,0.60124
2733,,0.311,0.79696,0.189,0.18524,0.804,0.29628,0.589,0.53356
2734,,0.236,0.72928,0.139,0.15292,0.779,0.26396,0.539,0.46588
2735,,0.161,0.6616,0.089,0.1206,0.754,0.23164,0.489,0.3982
2736,,0.086,0.59392,0.039,0.08828,0.729,0.19932,0.439,0.33052
2737,,0.011,0.52624,-0.011,0.05596,0.704,0.167,0.389,0.26284
2738,3,0.021,0.55156,1.0,0.09164,0.729,0.17768,0.389,0.26316
2739,,-0.054,0.48388,0.95,0.05932,0.704,0.14536,0.339,0.19548
2740,1,1.0,0.5092,0.985,0.095,0.729,0.15604,0.339,0.1958
2741,,0.925,0.44152,0.935,0.06268,0.704,0.12372,0.289,0.12812
2742,,0.85,0.37384,0.885,0.03036,0.679,0.0914,0.239,0.06044
2743,,0.775,0.30616,0.835,-0.00196,0.654,0.05908,0.189,-0.00724
2744,8,0.768,0.31348,0.853,0.01572,0.661,0.05176,0.171,1.0
2745,,0.693,0.2458,0.803,-0.0166,0.636,0.01944,0.121,0.93232
2746,4,0.686,0.25312,0.821,1.0,0.643,0.01212,0.103,0.91464
2747,,0.611,0.18544,0.771,0.96768,0.618,-0.0202,0.053,0.84696
2748,6,0.579,0.16776,0.764,0.96036,0.6,1.0,0.01,0.80428
2749,,0.504,0.10008,0.714,0.92804,0.575,0.96768,-0.04,0.7366
2750,7,0.479,0.0894,0.714,0.92772,0.565,0.94236,1.0,0.70092
2751,,0.404,0.02172,0.664,0.8954,0.54,0.91004,0.95,0.63324
2752,,0.329,-0.04596,0.614,0.86308,0.515,0.87772,0.9,0.56556
2753,2,0.347,1.0,0.657,0.90576,0.547,0.8954,0.907,0.57288
2754,,0.272,0.93232,0.607,0.87344,0.522,0.86308,0.857,0.5052
2755,,0.197,0.86464,0.557,0.84112,0.497,0.83076,0.807,0.43752
2756,,0.122,0.79696,0.507,0.8088,0.472,0.79844,0.757,0.36984
2757,,0.047,0.72928,0.457,0.77648,0.447,0.76612,0.707,0.30216
2758,,-0.028,0.6616,0.407,0.74416,0.422,0.7338,0.657,0.23448
2759,1,1.0,0.68692,0.442,0.77984,0.447,0.74448,0.657,0.2348
2760,,0.925,0.61924,0.392,0.74752,0.422,0.71216,0.607,0.16712
2761,,0.85,0.55156,0.342,0.7152,0.397,0.67984,0.557,0.09944
2762,,0.775,0.48388,0.292,0.68288,0.372,0.64752,0.507,0.03176
2763,,0.7,0.4162,0.242,0.65056,0.347,0.6152,0.457,-0.03592
2764,8,0.693,0.42352,0.26,0.66824,0.354,0.60788,0.439,1.0
2765,,0.618,0.35584,0.21,0.63592,0.329,0.57556,0.389,0.93232
2766,,0.543,0.28816,0.16,0.6036,0.304,0.54324,0.339,0.86464
2767,,0.468,0.22048,0.11,0.57128,0.279,0.51092,0.289,0.79696
2768,,0.393,0.1528,0.06,0.53896,0.254,0.4786,0.239,0.72928
2769,,0.318,0.08512,0.01,0.50664,0.229,0.44628,0.189,0.6616
2770,,0.243,0.01744,-0.04,0.47432,0.204,0.41396,0.139,0.59392
2771,3,0.253,0.04276,1.0,0.51,0.229,0.42464,0.139,0.59424
2772,,0.178,-0.02492,0.95,0.47768,0.204,0.39232,0.089,0.52656
2773,2,0.196,1.0,0.993,0.52036,0.236,0.41,0.096,0.53388
2774,,0.121,0.93232,0.943,0.48804,0.211,0.37768,0.046,0.4662
2775,,0.046,0.86464,0.893,0.45572,0.186,0.34536,-0.004,0.39852
2776,7,0.021,0.85396,0.893,0.4554,0.176,0.32004,1.0,0.36284
2777,,-0.054,0.78628,0.843,0.42308,0.151,0.28772,0.95,0.29516
2778,1,1.0,0.8116,0.878,0.45876,0.176,0.2984,0.95,0.29548
2779,,0.925,0.74392,0.828,0.42644,0.151,0.26608,0.9,0.2278
2780,,0.85,0.67624,0.778,0.39412,0.126,0.23376,0.85,0.16012
2781,,0.775,0.60856,0.728,0.3618,0.101,0.20144,0.8,0.09244
2782,,0.7,0.54088,0.678,0.32948,0.076,0.16912,0.75,0.02476
2783,,0.625,0.4732,0.628,0.29716,0.051,0.1368,0.7,-0.04292
2784,8,0.618,0.48052,0.646,0.31484,0.058,0.12948,0.682,1.0
2785,,0.543,0.41284,0.596,0.28252,0.033,0.09716,0.632,0.93232
2786,,0.468,0.34516,0.546,0.2502,0.008,0.06484,0.582,0.86464
2787,,0.393,0.27748,0.496,0.21788,-0.017,0.03252,0.532,0.79696
2788,5,0.368,0.2668,0.496,0.21756,1.0,-0.1498,0.497,0.76128
2789,6,0.336,0.24912,0.489,0.21024,0.982,1.0,0.454,0.7186
2790,,0.261,0.18144,0.439,0.17792,0.957,0.96768,0.404,0.65092
2791,,0.186,0.11376,0.389,0.1456,0.932,0.93536,0.354,0.58324
2792,,0.111,0.04608,0.339,0.11328,0.907,0.90304,0.304,0.51556
2793,,0.036,-0.0216,0.289,0.08096,0.882,0.87072,0.254,0.44788
2794,2,0.054,1.0,0.332,0.12364,0.914,0.8884,0.261,0.4552
2795,,-0.021,0.93232,0.282,0.09132,0.889,0.85608,0.211,0.38752
2796,1,1.0,0.95764,0.317,0.127,0.914,0.86676,0.211,0.38784
2797,,0.925,0.88996,0.267,0.09468,0.889,0.83444,0.161,0.32016
2798,,0.85,0.82228,0.217,0.06236,0.864,0.80212,0.111,0.25248
2799,,0.775,0.7546,0.167,0.03004,0.839,0.7698,0.061,0.1848
2800,,0.7,0.68692,0.117,-0.00228,0.814,0.73748,0.011,0.11712
2801,4,0.693,0.69424,0.135,1.0,0.821,0.73016,-0.007,0.09944
2802,7,0.668,0.68356,0.135,0.99968,0.811,0.70484,1.0,0.06376
2803,,0.593,0.61588,0.085,0.96736,0.786,0.67252,0.95,-0.00392
2804,8,0.586,0.6232,0.103,0.98504,0.793,0.6652,0.932,1.0
2805,,0.511,0.55552,0.053,0.95272,0.768,0.63288,0.882,0.93232
2806,,0.436,0.48784,0.003,0.9204,0.743,0.60056,0.832,0.86464
2807,,0.361,0.42016,-0.047,0.88808,0.718,0.56824,0.782,0.79696
2808,3,0.371,0.44548,1.0,0.92376,0.743,0.57892,0.782,0.79728
2809,,0.296,0.3778,0.95,0.89144,0.718,0.5466,0.732,0.7296
2810,,0.221,0.31012,0.9,0.85912,0.693,0.51428,0.682,0.66192
2811,,0.146,0.24244,0.85,0.8268,0.668,0.48196,0.632,0.59424
2812,,0.071,0.17476,0.8,0.79448,0.643,0.44964,0.582,0.52656
2813,,-0.004,0.10708,0.75,0.76216,0.618,0.41732,0.532,0.45888
2814,1,1.0,0.1324,0.785,0.79784,0.643,0.428,0.532,0.4592
2815,,0.925,0.06472,0.735,0.76552,0.618,0.39568,0.482,0.39152
2816,,0.85,-0.00296,0.685,0.7332,0.593,0.36336,0.432,0.32384
2817,2,0.868,1.0,0.728,0.77588,0.625,0.38104,0.439,0.33116
2818,,0.793,0.93232,0.678,0.74356,0.6,0.34872,0.389,0.26348
2819,,0.718,0.86464,0.628,0.71124,0.575,0.3164,0.339,0.1958
2820,,0.643,0.79696,0.578,0.67892,0.55,0.28408,0.289,0.12812
2821,,0.568,0.72928,0.528,0.6466,0.525,0.25176,0.239,0.06044
2822,,0.493,0.6616,0.478,0.61428,0.5,0.21944,0.189,-0.00724
2823,8,0.486,0.66892,0.496,0.63196,0.507,0.21212,0.171,1.0
2824,,0.411,0.60124,0.446,0.59964,0.482,0.1798,0.121,0.93232
2825,,0.336,0.53356,0.396,0.56732,0.457,0.14748,0.071,0.86464
2826,,0.261,0.46588,0.346,0.535,0.432,0.11516,0.021,0.79696
2827,,0.186,0.3982,0.296,0.50268,0.407,0.08284,-0.029,0.72928
2828,7,0.161,0.38752,0.296,0.50236,0.397,0.05752,1.0,0.6936
2829,,0.086,0.31984,0.246,0.47004,0.372,0.0252,0.95,0.62592
2830,,0.011,0.25216,0.196,0.43772,0.347,-0.00712,0.9,0.55824
2831,6,-0.021,0.23448,0.189,0.4304,0.329,1.0,0.857,0.51556
2832,1,1.0,0.2598,0.224,0.46608,0.354,1.0,0.857,0.51588
2833,,0.925,0.19212,0.174,0.43376,0.329,0.96768,0.807,0.4482
2834,,0.85,0.12444,0.124,0.40144,0.304,0.93536,0.757,0.38052
2835,,0.775,0.05676,0.074,0.36912,0.279,0.90304,0.707,0.31284
2836,,0.7,-0.01092,0.024,0.3368,0.254,0.87072,0.657,0.24516
2837,2,0.718,1.0,0.067,0.37948,0.286,0.8884,0.664,0.25248
2838,,0.643,0.93232,0.017,0.34716,0.261,0.85608,0.614,0.1848
2839,,0.568,0.86464,-0.033,0.31484,0.236,0.82376,0.564,0.11712
2840,3,0.578,0.88996,1.0,0.35052,0.261,0.83444,0.564,0.11744
2841,,0.503,0.82228,0.95,0.3182,0.236,0.80212,0.514,0.04976
2842,,0.428,0.7546,0.9,0.28588,0.211,0.7698,0.464,-0.01792
2843,8,0.421,0.76192,0.918,0.30356,0.218,0.76248,0.446,1.0
2844,,0.346,0.69424,0.868,0.27124,0.193,0.73016,0.396,0.93232
2845,,0.271,0.62656,0.818,0.23892,0.168,0.69784,0.346,0.86464
2846,,0.196,0.55888,0.768,0.2066,0.143,0.66552,0.296,0.79696
2847,,0.121,0.4912,0.718,0.17428,0.118,0.6332,0.246,0.72928
2848,,0.046,0.42352,0.668,0.14196,0.093,0.60088,0.196,0.6616
2849,,-0.029,0.35584,0.618,0.10964,0.068,0.56856,0.146,0.59392
2850,1,1.0,0.38116,0.653,0.14532,0.093,0.57924,0.146,0.59424
2851,,0.925,0.31348,0.603,0.113,0.068,0.54692,0.096,0.52656
2852,,0.85,0.2458,0.553,0.08068,0.043,0.5146,0.046,0.45888
2853,,0.775,0.17812,0.503,0.04836,0.018,0.48228,-0.004,0.3912
2854,7,0.75,0.16744,0.503,0.04804,0.008,0.45696,1.0,0.35552
2855,,0.675,0.09976,0.453,0.01572,-0.017,0.42464,0.95,0.28784
2856,5,0.65,0.08908,0.453,0.0154,1.0,0.24232,0.915,0.25216
2857,,0.575,0.0214,0.403,-0.01692,0.975,0.21,0.865,0.18448
2858,4,0.568,0.02872,0.421,1.0,0.982,0.20268,0.847,0.1668
2859,,0.493,-0.03896,0.371,0.96768,0.957,0.17036,0.797,0.09912
2860,2,0.511,1.0,0.414,1.0,0.989,0.18804,0.804,0.10644
2861,,0.436,0.93232,0.364,0.96768,0.964,0.15572,0.754,0.03876
2862,,0.361,0.86464,0.314,0.93536,0.939,0.1234,0.704,-0.02892
2863,8,0.354,0.87196,0.332,0.95304,0.946,0.11608,0.686,1.0
2864,,0.279,0.80428,0.282,0.92072,0.921,0.08376,0.636,0.93232
2865,,0.204,0.7366,0.232,0.8884,0.896,0.05144,0.586,0.86464
2866,,0.129,0.66892,0.182,0.85608,0.871,0.01912,0.536,0.79696
2867,,0.054,0.60124,0.132,0.82376,0.846,-0.0132,0.486,0.72928
2868,6,0.022,0.58356,0.125,0.81644,0.828,1.0,0.443,0.6866
2869,,-0.053,0.51588,0.075,0.78412,0.803,0.96768,0.393,0.61892
2870,1,1.0,0.5412,0.11,0.8198,0.828,0.97836,0.393,0.61924
2871,,0.925,0.47352,0.06,0.78748,0.803,0.94604,0.343,0.55156
2872,,0.85,0.40584,0.01,0.75516,0.778,0.91372,0.293,0.48388
2873,,0.775,0.33816,-0.04,0.72284,0.753,0.8814,0.243,0.4162
2874,3,0.785,0.36348,1.0,0.75852,0.778,0.89208,0.243,0.41652
2875,,0.71,0.2958,0.95,0.7262,0.753,0.85976,0.193,0.34884
2876,,0.635,0.22812,0.9,0.69388,0.728,0.82744,0.143,0.28116
2877,,0.56,0.16044,0.85,0.66156,0.703,0.79512,0.093,0.21348
2878,,0.485,0.09276,0.8,0.62924,0.678,0.7628,0.043,0.1458
2879,,0.41,0.02508,0.75,0.59692,0.653,0.73048,-0.007,0.07812
2880,7,0.385,0.0144,0.75,0.5966,0.643,0.70516,1.0,0.04244
2881,,0.31,-0.05328,0.7,0.56428,0.618,0.67284,0.95,-0.02524
2882,2,0.328,1.0,0.743,0.60696,0.65,0.69052,0.957,-0.01792
2883,8,0.321,1.0,0.761,0.62464,0.657,0.6832,0.939,1.0
2884,,0.246,0.93232,0.711,0.59232,0.632,0.65088,0.889,0.93232
2885,,0.171,0.86464,0.661,0.56,0.607,0.61856,0.839,0.86464
2886,,0.096,0.79696,0.611,0.52768,0.582,0.58624,0.789,0.79696
2887,,0.021,0.72928,0.561,0.49536,0.557,0.55392,0.739,0.72928
2888,,-0.054,0.6616,0.511,0.46304,0.532,0.5216,0.689,0.6616
2889,1,1.0,0.68692,0.546,0.49872,0.557,0.53228,0.689,0.66192
2890,,0.925,0.61924,0.496,0.4664,0.532,0.49996,0.639,0.59424
2891,,0.85,0.55156,0.446,0.43408,0.507,0.46764,0.589,0.52656
2892,,0.775,0.48388,0.396,0.40176,0.482,0.43532,0.539,0.45888
2893,,0.7,0.4162,0.346,0.36944,0.457,0.403,0.489,0.3912
2894,,0.625,0.34852,0.296,0.33712,0.432,0.37068,0.439,0.32352
2895,,0.55,0.28084,0.246,0.3048,0.407,0.33836,0.389,0.25584
2896,,0.475,0.21316,0.196,0.27248,0.382,0.30604,0.339,0.18816
2897,,0.4,0.14548,0.146,0.24016,0.357,0.27372,0.289,0.12048
2898,,0.325,0.0778,0.096,0.20784,0.332,0.2414,0.239,0.0528
2899,,0.25,0.01012,0.046,0.17552,0.307,0.20908,0.189,-0.01488
2900,8,0.243,0.01744,0.064,0.1932,0.314,0.20176,0.171,1.0
2901,,0.168,-0.05024,0.014,0.16088,0.289,0.16944,0.121,0.93232
2902,2,0.186,1.0,0.057,0.20356,0.321,0.18712,0.128,0.93964
2903,,0.111,0.93232,0.007,0.17124,0.296,0.1548,0.078,0.87196
2904,,0.036,0.86464,-0.043,0.13892,0.271,0.12248,0.028,0.80428
2905,3,0.046,0.88996,1.0,0.1746,0.296,0.13316,0.028,0.8046
2906,,-0.029,0.82228,0.95,0.14228,0.271,0.10084,-0.022,0.73692
2907,1,1.0,0.8476,0.985,0.17796,0.296,0.11152,-0.022,0.73724
2908,7,0.975,0.83692,0.985,0.17764,0.286,0.0862,1.0,0.70156
2909,,0.9,0.76924,0.935,0.14532,0.261,0.05388,0.95,0.63388
2910,,0.825,0.70156,0.885,0.113,0.236,0.02156,0.9,0.5662
2911,,0.75,0.63388,0.835,0.08068,0.211,-0.01076,0.85,0.49852
2912,6,0.718,0.6162,0.828,0.07336,0.193,1.0,0.807,0.45584
2913,,0.643,0.54852,0.778,0.04104,0.168,0.96768,0.757,0.38816
2914,,0.568,0.48084,0.728,0.00872,0.143,0.93536,0.707,0.32048
2915,,0.493,0.41316,0.678,-0.0236,0.118,0.90304,0.657,0.2528
2916,4,0.486,0.42048,0.696,1.0,0.125,0.89572,0.639,0.23512
2917,,0.411,0.3528,0.646,0.96768,0.1,0.8634,0.589,0.16744
2918,,0.336,0.28512,0.596,0.93536,0.075,0.83108,0.539,0.09976
2919,,0.261,0.21744,0.546,0.90304,0.05,0.79876,0.489,0.03208
2920,,0.186,0.14976,0.496,0.87072,0.025,0.76644,0.439,-0.0356
2921,8,0.179,0.15708,0.514,0.8884,0.032,0.75912,0.421,1.0
2922,,0.104,0.0894,0.464,0.85608,0.007,0.7268,0.371,0.93232
2923,,0.029,0.02172,0.414,0.82376,-0.018,0.69448,0.321,0.86464
2924,5,0.004,0.01104,0.414,0.82344,1.0,0.51216,0.286,0.82896
2925,,-0.071,-0.05664,0.364,0.79112,0.975,0.47984,0.236,0.76128
2926,1,1.0,-0.03132,0.399,0.8268,1.0,0.49052,0.236,0.7616
2927,2,1.0,1.0,0.442,0.86948,1.0,0.5082,0.243,0.76892
2928,,0.925,0.93232,0.392,0.83716,0.975,0.47588,0.193,0.70124
2929,,0.85,0.86464,0.342,0.80484,0.95,0.44356,0.143,0.63356
2930,,0.775,0.79696,0.292,0.77252,0.925,0.41124,0.093,0.56588
2931,,0.7,0.72928,0.242,0.7402,0.9,0.37892,0.043,0.4982
2932,,0.625,0.6616,0.192,0.70788,0.875,0.3466,-0.007,0.43052
2933,7,0.6,0.65092,0.192,0.70756,0.865,0.32128,1.0,0.39484
2934,,0.525,0.58324,0.142,0.67524,0.84,0.28896,0.95,0.32716
2935,,0.45,0.51556,0.092,0.64292,0.815,0.25664,0.9,0.25948
2936,,0.375,0.44788,0.042,0.6106,0.79,0.22432,0.85,0.1918
2937,,0.3,0.3802,-0.008,0.57828,0.765,0.192,0.8,0.12412
2938,3,0.31,0.40552,1.0,0.61396,0.79,0.20268,0.8,0.12444
2939,,0.235,0.33784,0.95,0.58164,0.765,0.17036,0.75,0.05676
2940,,0.16,0.27016,0.9,0.54932,0.74,0.13804,0.7,-0.01092
2941,8,0.153,0.27748,0.918,0.567,0.747,0.13072,0.682,1.0
2942,,0.078,0.2098,0.868,0.53468,0.722,0.0984,0.632,0.93232
2943,,0.003,0.14212,0.818,0.50236,0.697,0.06608,0.582,0.86464
2944,,-0.072,0.07444,0.768,0.47004,0.672,0.03376,0.532,0.79696
2945,1,1.0,0.09976,0.803,0.50572,0.697,0.04444,0.532,0.79728
2946,,0.925,0.03208,0.753,0.4734,0.672,0.01212,0.482,0.7296
2947,,0.85,-0.0356,0.703,0.44108,0.647,-0.0202,0.432,0.66192
2948,2,0.868,1.0,0.746,0.48376,0.679,-0.00252,0.439,0.66924
2949,6,0.836,0.98232,0.739,0.47644,0.661,1.0,0.396,0.62656
2950,,0.761,0.91464,0.689,0.44412,0.636,0.96768,0.346,0.55888
2951,,0.686,0.84696,0.639,0.4118,0.611,0.93536,0.296,0.4912
2952,,0.611,0.77928,0.589,0.37948,0.586,0.90304,0.246,0.42352
2953,,0.536,0.7116,0.539,0.34716,0.561,0.87072,0.196,0.35584
2954,,0.461,0.64392,0.489,0.31484,0.536,0.8384,0.146,0.28816
2955,,0.386,0.57624,0.439,0.28252,0.511,0.80608,0.096,0.22048
2956,,0.311,0.50856,0.389,0.2502,0.486,0.77376,0.046,0.1528
2957,,0.236,0.44088,0.339,0.21788,0.461,0.74144,-0.004,0.08512
2958,7,0.211,0.4302,0.339,0.21756,0.451,0.71612,1.0,0.04944
2959,,0.136,0.36252,0.289,0.18524,0.426,0.6838,0.95,-0.01824
2960,8,0.129,0.36984,0.307,0.20292,0.433,0.67648,0.932,1.0
2961,,0.054,0.30216,0.257,0.1706,0.408,0.64416,0.882,0.93232
2962,,-0.021,0.23448,0.207,0.13828,0.383,0.61184,0.832,0.86464
2963,1,1.0,0.2598,0.242,0.17396,0.408,0.62252,0.832,0.86496
2964,,0.925,0.19212,0.192,0.14164,0.383,0.5902,0.782,0.79728
2965,,0.85,0.12444,0.142,0.10932,0.358,0.55788,0.732,0.7296
2966,,0.775,0.05676,0.092,0.077,0.333,0.52556,0.682,0.66192
2967,,0.7,-0.01092,0.042,0.04468,0.308,0.49324,0.632,0.59424
2968,2,0.718,1.0,0.085,0.08736,0.34,0.51092,0.639,0.60156
2969,,0.643,0.93232,0.035,0.05504,0.315,0.4786,0.589,0.53388
2970,,0.568,0.86464,-0.015,0.02272,0.29,0.44628,0.539,0.4662
2971,3,0.578,0.88996,1.0,0.0584,0.315,0.45696,0.539,0.46652
2972,,0.503,0.82228,0.95,0.02608,0.29,0.42464,0.489,0.39884
2973,,0.428,0.7546,0.9,-0.00624,0.265,0.39232,0.439,0.33116
2974,4,0.421,0.76192,0.918,1.0,0.272,0.385,0.421,0.31348
2975,,0.346,0.69424,0.868,0.96768,0.247,0.35268,0.371,0.2458
2976,,0.271,0.62656,0.818,0.93536,0.222,0.32036,0.321,0.17812
2977,,0.196,0.55888,0.768,0.90304,0.197,0.28804,0.271,0.11044
2978,,0.121,0.4912,0.718,0.87072,0.172,0.25572,0.221,0.04276
2979,,0.046,0.42352,0.668,0.8384,0.147,0.2234,0.171,-0.02492
2980,8,0.039,0.43084,0.686,0.85608,0.154,0.21608,0.153,1.0
2981,,-0.036,0.36316,0.636,0.82376,0.129,0.18376,0.103,0.93232
2982,1,1.0,0.38848,0.671,0.85944,0.154,0.19444,0.103,0.93264
2983,,0.925,0.3208,0.621,0.82712,0.129,0.16212,0.053,0.86496
2984,,0.85,0.25312,0.571,0.7948,0.104,0.1298,0.003,0.79728
2985,,0.775,0.18544,0.521,0.76248,0.079,0.09748,-0.047,0.7296
2986,7,0.75,0.17476,0.521,0.76216,0.069,0.07216,1.0,0.69392
2987,,0.675,0.10708,0.471,0.72984,0.044,0.03984,0.95,0.62624
2988,,0.6,0.0394,0.421,0.69752,0.019,0.00752,0.9,0.55856
2989,,0.525,-0.02828,0.371,0.6652,-0.006,-0.0248,0.85,0.49088
2990,2,0.543,1.0,0.414,0.70788,0.026,-0.00712,0.857,0.4982
2991,6,0.511,0.98232,0.407,0.70056,0.008,1.0,0.814,0.45552
2992,,0.436,0.91464,0.357,0.66824,-0.017,0.96768,0.764,0.38784
2993,5,0.411,0.90396,0.357,0.66792,1.0,0.78536,0.729,0.35216
2994,,0.336,0.83628,0.307,0.6356,0.975,0.75304,0.679,0.28448
2995,,0.261,0.7686,0.257,0.60328,0.95,0.72072,0.629,0.2168
2996,,0.186,0.70092,0.207,0.57096,0.925,0.6884,0.579,0.14912
2997,,0.111,0.63324,0.157,0.53864,0.9,0.65608,0.529,0.08144
2998,,0.036,0.56556,0.107,0.50632,0.875,0.62376,0.479,0.01376
2999,,-0.039,0.49788,0.057,0.474,0.85,0.59144,0.429,-0.05392
3000,8,-0.046,0.5052,0.075,0.49168,0.857,0.58412,0.411,1.0
3001,1,1.0,0.53052,0.11,0.52736,0.882,0.5948,0.411,1.0
3002,,0.925,0.46284,0.06,0.49504,0.857,0.56248,0.361,0.93232
3003,,0.85,0.39516,0.01,0.46272,0.832,0.53016,0.311,0.86464
3004,,0.775,0.32748,-0.04,0.4304,0.807,0.49784,0.261,0.79696
3005,3,0.785,0.3528,1.0,0.46608,0.832,0.50852,0.261,0.79728
3006,,0.71,0.28512,0.95,0.43376,0.807,0.4762,0.211,0.7296
3007,,0.635,0.21744,0.9,0.40144,0.782,0.44388,0.161,0.66192
3008,,0.56,0.14976,0.85,0.36912,0.757,0.41156,0.111,0.59424
3009,,0.485,0.08208,0.8,0.3368,0.732,0.37924,0.061,0.52656
3010,,0.41,0.0144,0.75,0.30448,0.707,0.34692,0.011,0.45888
3011,,0.335,-0.05328,0.7,0.27216,0.682,0.3146,-0.039,0.3912
3012,2,0.353,1.0,0.743,0.31484,0.714,0.33228,-0.032,0.39852
3013,7,0.328,0.98932,0.743,0.31452,0.704,0.30696,1.0,0.36284
3014,,0.253,0.92164,0.693,0.2822,0.679,0.27464,0.95,0.29516
3015,,0.178,0.85396,0.643,0.24988,0.654,0.24232,0.9,0.22748
3016,,0.103,0.78628,0.593,0.21756,0.629,0.21,0.85,0.1598
3017,,0.028,0.7186,0.543,0.18524,0.604,0.17768,0.8,0.09212
3018,,-0.047,0.65092,0.493,0.15292,0.579,0.14536,0.75,0.02444
3019,1,1.0,0.67624,0.528,0.1886,0.604,0.15604,0.75,0.02476
3020,,0.925,0.60856,0.478,0.15628,0.579,0.12372,0.7,-0.04292
3021,8,0.918,0.61588,0.496,0.17396,0.586,0.1164,0.682,1.0
3022,,0.843,0.5482,0.446,0.14164,0.561,0.08408,0.632,0.93232
3023,,0.768,0.48052,0.396,0.10932,0.536,0.05176,0.582,0.86464
3024,,0.693,0.41284,0.346,0.077,0.511,0.01944,0.532,0.79696
3025,,0.618,0.34516,0.296,0.04468,0.486,-0.01288,0.482,0.72928
3026,6,0.586,0.32748,0.289,0.03736,0.468,1.0,0.439,0.6866
3027,,0.511,0.2598,0.239,0.00504,0.443,0.96768,0.389,0.61892
3028,,0.436,0.19212,0.189,-0.02728,0.418,0.93536,0.339,0.55124
3029,4,0.429,0.19944,0.207,1.0,0.425,0.92804,0.321,0.53356
3030,,0.354,0.13176,0.157,0.96768,0.4,0.89572,0.271,0.46588
3031,,0.279,0.06408,0.107,0.93536,0.375,0.8634,0.221,0.3982
3032,,0.204,-0.0036,0.057,0.90304,0.35,0.83108,0.171,0.33052
3033,2,0.222,1.0,0.1,0.94572,0.382,0.84876,0.178,0.33784
3034,,0.147,0.93232,0.05,0.9134,0.357,0.81644,0.128,0.27016
3035,,0.072,0.86464,0.0,0.88108,0.332,0.78412,0.078,0.20248
3036,,-0.003,0.79696,-0.05,0.84876,0.307,0.7518,0.028,0.1348
3037,3,0.007,0.82228,1.0,0.88444,0.332,0.76248,0.028,0.13512
3038,,-0.068,0.7546,0.95,0.85212,0.307,0.73016,-0.022,0.06744
3039,1,1.0,0.77992,0.985,0.8878,0.332,0.74084,-0.022,0.06776
3040,7,0.975,0.76924,0.985,0.88748,0.322,0.71552,1.0,0.03208
3041,,0.9,0.70156,0.935,0.85516,0.297,0.6832,0.95,-0.0356
3042,8,0.893,0.70888,0.953,0.87284,0.304,0.67588,0.932,1.0
3043,,0.818,0.6412,0.903,0.84052,0.279,0.64356,0.882,0.93232
3044,,0.743,0.57352,0.853,0.8082,0.254,0.61124,0.832,0.86464
3045,,0.668,0.50584,0.803,0.77588,0.229,0.57892,0.782,0.79696
3046,,0.593,0.43816,0.753,0.74356,0.204,0.5466,0.732,0.72928
3047,,0.518,0.37048,0.703,0.71124,0.179,0.51428,0.682,0.6616
3048,,0.443,0.3028,0.653,0.67892,0.154,0.48196,0.632,0.59392
3049,,0.368,0.23512,0.603,0.6466,0.129,0.44964,0.582,0.52624
3050,,0.293,0.16744,0.553,0.61428,0.104,0.41732,0.532,0.45856
3051,,0.218,0.09976,0.503,0.58196,0.079,0.385,0.482,0.39088
3052,,0.143,0.03208,0.453,0.54964,0.054,0.35268,0.432,0.3232
3053,,0.068,-0.0356,0.403,0.51732,0.029,0.32036,0.382,0.25552
3054,2,0.086,1.0,0.446,0.56,0.061,0.33804,0.389,0.26284
3055,,0.011,0.93232,0.396,0.52768,0.036,0.30572,0.339,0.19516
3056,,-0.064,0.86464,0.346,0.49536,0.011,0.2734,0.289,0.12748
3057,1,1.0,0.88996,0.381,0.53104,0.036,0.28408,0.289,0.1278
3058,,0.925,0.82228,0.331,0.49872,0.011,0.25176,0.239,0.06012
3059,,0.85,0.7546,0.281,0.4664,-0.014,0.21944,0.189,-0.00756
3060,5,0.825,0.74392,0.281,0.46608,1.0,0.03712,0.154,-0.04324
3061,8,0.818,0.75124,0.299,0.48376,1.0,0.0298,0.136,1.0
3062,,0.743,0.68356,0.249,0.45144,0.975,-0.00252,0.086,0.93232
3063,6,0.711,0.66588,0.242,0.44412,0.957,1.0,0.043,0.88964
3064,,0.636,0.5982,0.192,0.4118,0.932,0.96768,-0.007,0.82196
3065,7,0.611,0.58752,0.192,0.41148,0.922,0.94236,1.0,0.78628
3066,,0.536,0.51984,0.142,0.37916,0.897,0.91004,0.95,0.7186
3067,,0.461,0.45216,0.092,0.34684,0.872,0.87772,0.9,0.65092
3068,,0.386,0.38448,0.042,0.31452,0.847,0.8454,0.85,0.58324
3069,,0.311,0.3168,-0.008,0.2822,0.822,0.81308,0.8,0.51556
3070,3,0.321,0.34212,1.0,0.31788,0.847,0.82376,0.8,0.51588
3071,,0.246,0.27444,0.95,0.28556,0.822,0.79144,0.75,0.4482
3072,,0.171,0.20676,0.9,0.25324,0.797,0.75912,0.7,0.38052
3073,,0.096,0.13908,0.85,0.22092,0.772,0.7268,0.65,0.31284
3074,,0.021,0.0714,0.8,0.1886,0.747,0.69448,0.6,0.24516
3075,,-0.054,0.00372,0.75,0.15628,0.722,0.66216,0.55,0.17748
3076,1,1.0,0.02904,0.785,0.19196,0.747,0.67284,0.55,0.1778
3077,,0.925,-0.03864,0.735,0.15964,0.722,0.64052,0.5,0.11012
3078,2,0.943,1.0,0.778,0.20232,0.754,0.6582,0.507,0.11744
3079,,0.868,0.93232,0.728,0.17,0.729,0.62588,0.457,0.04976
3080,,0.793,0.86464,0.678,0.13768,0.704,0.59356,0.407,-0.01792
3081,8,0.786,0.87196,0.696,0.15536,0.711,0.58624,0.389,1.0
3082,,0.711,0.80428,0.646,0.12304,0.686,0.55392,0.339,0.93232
3083,,0.636,0.7366,0.596,0.09072,0.661,0.5216,0.289,0.86464
3084,,0.561,0.66892,0.546,0.0584,0.636,0.48928,0.239,0.79696
3085,,0.486,0.60124,0.496,0.02608,0.611,0.45696,0.189,0.72928
3086,,0.411,0.53356,0.446,-0.00624,0.586,0.42464,0.139,0.6616
3087,4,0.404,0.54088,0.464,1.0,0.593,0.41732,0.121,0.64392
3088,,0.329,0.4732,0.414,0.96768,0.568,0.385,0.071,0.57624
3089,,0.254,0.40552,0.364,0.93536,0.543,0.35268,0.021,0.50856
3090,,0.179,0.33784,0.314,0.90304,0.518,0.32036,-0.029,0.44088
3091,7,0.154,0.32716,0.314,0.90272,0.508,0.29504,1.0,0.4052
3092,,0.079,0.25948,0.264,0.8704,0.483,0.26272,0.95,0.33752
3093,,0.004,0.1918,0.214,0.83808,0.458,0.2304,0.9,0.26984
3094,,-0.071,0.12412,0.164,0.80576,0.433,0.19808,0.85,0.20216
3095,1,1.0,0.14944,0.199,0.84144,0.458,0.20876,0.85,0.20248
3096,,0.925,0.08176,0.149,0.80912,0.433,0.17644,0.8,0.1348
3097,,0.85,0.01408,0.099,0.7768,0.408,0.14412,0.75,0.06712
3098,,0.775,-0.0536,0.049,0.74448,0.383,0.1118,0.7,-0.00056
3099,2,0.793,1.0,0.092,0.78716,0.415,0.12948,0.707,0.00676
3100,,0.718,0.93232,0.042,0.75484,0.39,0.09716,0.657,-0.06092
3101,8,0.711,0.93964,0.06,0.77252,0.397,0.08984,0.639,1.0
3102,,0.636,0.87196,0.01,0.7402,0.372,0.05752,0.589,0.93232
3103,,0.561,0.80428,-0.04,0.70788,0.347,0.0252,0.539,0.86464
3104,3,0.571,0.8296,1.0,0.74356,0.372,0.03588,0.539,0.86496
3105,,0.496,0.76192,0.95,0.71124,0.347,0.00356,0.489,0.79728
3106,,0.421,0.69424,0.9,0.67892,0.322,-0.02876,0.439,0.7296
3107,6,0.389,0.67656,0.893,0.6716,0.304,1.0,0.396,0.68692
3108,,0.314,0.60888,0.843,0.63928,0.279,0.96768,0.346,0.61924
3109,,0.239,0.5412,0.793,0.60696,0.254,0.93536,0.296,0.55156
3110,,0.164,0.47352,0.743,0.57464,0.229,0.90304,0.246,0.48388
3111,,0.089,0.40584,0.693,0.54232,0.204,0.87072,0.196,0.4162
3112,,0.014,0.33816,0.643,0.51,0.179,0.8384,0.146,0.34852
3113,,-0.061,0.27048,0.593,0.47768,0.154,0.80608,0.096,0.28084
3114,1,1.0,0.2958,0.628,0.51336,0.179,0.81676,0.096,0.28116
3115,,0.925,0.22812,0.578,0.48104,0.154,0.78444,0.046,0.21348
3116,,0.85,0.16044,0.528,0.44872,0.129,0.75212,-0.004,0.1458
3117,7,0.825,0.14976,0.528,0.4484,0.119,0.7268,1.0,0.11012
3118,,0.75,0.08208,0.478,0.41608,0.094,0.69448,0.95,0.04244
3119,,0.675,0.0144,0.428,0.38376,0.069,0.66216,0.9,-0.02524
3120,8,0.668,0.02172,0.446,0.40144,0.076,0.65484,0.882,1.0
3121,,0.593,-0.04596,0.396,0.36912,0.051,0.62252,0.832,0.93232
3122,2,0.611,1.0,0.439,0.4118,0.083,0.6402,0.839,0.93964
3123,,0.536,0.93232,0.389,0.37948,0.058,0.60788,0.789,0.87196
3124,,0.461,0.86464,0.339,0.34716,0.033,0.57556,0.739,0.80428
3125,,0.386,0.79696,0.289,0.31484,0.008,0.54324,0.689,0.7366
3126,,0.311,0.72928,0.239,0.28252,-0.017,0.51092,0.639,0.66892
3127,5,0.286,0.7186,0.239,0.2822,1.0,0.3286,0.604,0.63324
3128,,0.211,0.65092,0.189,0.24988,0.975,0.29628,0.554,0.56556
3129,,0.136,0.58324,0.139,0.21756,0.95,0.26396,0.504,0.49788
3130,,0.061,0.51556,0.089,0.18524,0.925,0.23164,0.454,0.4302
3131,,-0.014,0.44788,0.039,0.15292,0.9,0.19932,0.404,0.36252
3132,1,1.0,0.4732,0.074,0.1886,0.925,0.21,0.404,0.36284
3133,,0.925,0.40552,0.024,0.15628,0.9,0.17768,0.354,0.29516
3134,,0.85,0.33784,-0.026,0.12396,0.875,0.14536,0.304,0.22748
3135,3,0.86,0.36316,1.0,0.15964,0.9,0.15604,0.304,0.2278
3136,,0.785,0.29548,0.95,0.12732,0.875,0.12372,0.254,0.16012
3137,,0.71,0.2278,0.9,0.095,0.85,0.0914,0.204,0.09244
3138,,0.635,0.16012,0.85,0.06268,0.825,0.05908,0.154,0.02476
3139,,0.56,0.09244,0.8,0.03036,0.8,0.02676,0.104,-0.04292
3140,8,0.553,0.09976,0.818,0.04804,0.807,0.01944,0.086,1.0
3141,,0.478,0.03208,0.768,0.01572,0.782,-0.01288,0.036,0.93232
3142,6,0.446,0.0144,0.761,0.0084,0.764,1.0,-0.007,0.88964
3143,7,0.421,0.00372,0.761,0.00808,0.754,0.97468,1.0,0.85396
3144,,0.346,-0.06396,0.711,-0.02424,0.729,0.94236,0.95,0.78628
3145,2,0.364,1.0,0.754,0.01844,0.761,0.96004,0.957,0.7936
3146,,0.289,0.93232,0.704,-0.01388,0.736,0.92772,0.907,0.72592
3147,4,0.282,0.93964,0.722,1.0,0.743,0.9204,0.889,0.70824
3148,,0.207,0.87196,0.672,0.96768,0.718,0.88808,0.839,0.64056
3149,,0.132,0.80428,0.622,0.93536,0.693,0.85576,0.789,0.57288
3150,,0.057,0.7366,0.572,0.90304,0.668,0.82344,0.739,0.5052
3151,,-0.018,0.66892,0.522,0.87072,0.643,0.79112,0.689,0.43752
3152,1,1.0,0.69424,0.557,0.9064,0.668,0.8018,0.689,0.43784
3153,,0.925,0.62656,0.507,0.87408,0.643,0.76948,0.639,0.37016
3154,,0.85,0.55888,0.457,0.84176,0.618,0.73716,0.589,0.30248
3155,,0.775,0.4912,0.407,0.80944,0.593,0.70484,0.539,0.2348
3156,,0.7,0.42352,0.357,0.77712,0.568,0.67252,0.489,0.16712
3157,,0.625,0.35584,0.307,0.7448,0.543,0.6402,0.439,0.09944
3158,,0.55,0.28816,0.257,0.71248,0.518,0.60788,0.389,0.03176
3159,,0.475,0.22048,0.207,0.68016,0.493,0.57556,0.339,-0.03592
3160,8,0.468,0.2278,0.225,0.69784,0.5,0.56824,0.321,1.0
3161,,0.393,0.16012,0.175,0.66552,0.475,0.53592,0.271,0.93232
3162,,0.318,0.09244,0.125,0.6332,0.45,0.5036,0.221,0.86464
3163,,0.243,0.02476,0.075,0.60088,0.425,0.47128,0.171,0.79696
3164,,0.168,-0.04292,0.025,0.56856,0.4,0.43896,0.121,0.72928
3165,2,0.186,1.0,0.068,0.61124,0.432,0.45664,0.128,0.7366
3166,,0.111,0.93232,0.018,0.57892,0.407,0.42432,0.078,0.66892
3167,,0.036,0.86464,-0.032,0.5466,0.382,0.392,0.028,0.60124
3168,3,0.046,0.88996,1.0,0.58228,0.407,0.40268,0.028,0.60156
3169,,-0.029,0.82228,0.95,0.54996,0.382,0.37036,-0.022,0.53388
3170,1,1.0,0.8476,0.985,0.58564,0.407,0.38104,-0.022,0.5342
3171,7,0.975,0.83692,0.985,0.58532,0.397,0.35572,1.0,0.49852
3172,,0.9,0.76924,0.935,0.553,0.372,0.3234,0.95,0.43084
3173,,0.825,0.70156,0.885,0.52068,0.347,0.29108,0.9,0.36316
3174,,0.75,0.63388,0.835,0.48836,0.322,0.25876,0.85,0.29548
3175,,0.675,0.5662,0.785,0.45604,0.297,0.22644,0.8,0.2278
3176,,0.6,0.49852,0.735,0.42372,0.272,0.19412,0.75,0.16012
3177,,0.525,0.43084,0.685,0.3914,0.247,0.1618,0.7,0.09244
3178,,0.45,0.36316,0.635,0.35908,0.222,0.12948,0.65,0.02476
3179,,0.375,0.29548,0.585,0.32676,0.197,0.09716,0.6,-0.04292
3180,8,0.368,0.3028,0.603,0.34444,0.204,0.08984,0.582,1.0
3181,,0.293,0.23512,0.553,0.31212,0.179,0.05752,0.532,0.93232
3182,,0.218,0.16744,0.503,0.2798,0.154,0.0252,0.482,0.86464
3183,,0.143,0.09976,0.453,0.24748,0.129,-0.00712,0.432,0.79696
3184,6,0.111,0.08208,0.446,0.24016,0.111,1.0,0.389,0.75428
3185,,0.036,0.0144,0.396,0.20784,0.086,0.96768,0.339,0.6866
3186,,-0.039,-0.05328,0.346,0.17552,0.061,0.93536,0.289,0.61892
3187,2,-0.021,1.0,0.389,0.2182,0.093,0.95304,0.296,0.62624
3188,1,1.0,1.0,0.424,0.25388,0.118,0.96372,0.296,0.62656
3189,,0.925,0.93232,0.374,0.22156,0.093,0.9314,0.246,0.55888
3190,,0.85,0.86464,0.324,0.18924,0.068,0.89908,0.196,0.4912
3191,,0.775,0.79696,0.274,0.15692,0.043,0.86676,0.146,0.42352
3192,,0.7,0.72928,0.224,0.1246,0.018,0.83444,0.096,0.35584
3193,,0.625,0.6616,0.174,0.09228,-0.007,0.80212,0.046,0.28816
3194,5,0.6,0.65092,0.174,0.09196,1.0,0.6198,0.011,0.25248
3195,,0.525,0.58324,0.124,0.05964,0.975,0.58748,-0.039,0.1848
3196,7,0.5,0.57256,0.124,0.05932,0.965,0.56216,1.0,0.14912
3197,,0.425,0.50488,0.074,0.027,0.94,0.52984,0.95,0.08144
3198,,0.35,0.4372,0.024,-0.00532,0.915,0.49752,0.9,0.01376
3199,4,0.343,0.44452,0.042,1.0,0.922,0.4902,0.882,-0.00392
3200,8,0.336,0.45184,0.06,1.0,0.929,0.48288,0.864,1.0
3201,,0.261,0.38416,0.01,0.96768,0.904,0.45056,0.814,0.93232
3202,,0.186,0.31648,-0.04,0.93536,0.879,0.41824,0.764,0.86464
3203,3,0.196,0.3418,1.0,0.97104,0.904,0.42892,0.764,0.86496
3204,,0.121,0.27412,0.95,0.93872,0.879,0.3966,0.714,0.79728
3205,,0.046,0.20644,0.9,0.9064,0.854,0.36428,0.664,0.7296
3206,,-0.029,0.13876,0.85,0.87408,0.829,0.33196,0.614,0.66192
3207,1,1.0,0.16408,0.885,0.90976,0.854,0.34264,0.614,0.66224
3208,,0.925,0.0964,0.835,0.87744,0.829,0.31032,0.564,0.59456
3209,,0.85,0.02872,0.785,0.84512,0.804,0.278,0.514,0.52688
3210,,0.775,-0.03896,0.735,0.8128,0.779,0.24568,0.464,0.4592
3211,2,0.793,1.0,0.778,0.85548,0.811,0.26336,0.471,0.46652
3212,,0.718,0.93232,0.728,0.82316,0.786,0.23104,0.421,0.39884
3213,,0.643,0.86464,0.678,0.79084,0.761,0.19872,0.371,0.33116
3214,,0.568,0.79696,0.628,0.75852,0.736,0.1664,0.321,0.26348
3215,,0.493,0.72928,0.578,0.7262,0.711,0.13408,0.271,0.1958
3216,,0.418,0.6616,0.528,0.69388,0.686,0.10176,0.221,0.12812
3217,,0.343,0.59392,0.478,0.66156,0.661,0.06944,0.171,0.06044
3218,,0.268,0.52624,0.428,0.62924,0.636,0.03712,0.121,-0.00724
3219,8,0.261,0.53356,0.446,0.64692,0.643,0.0298,0.103,1.0
3220,,0.186,0.46588,0.396,0.6146,0.618,-0.00252,0.053,0.93232
3221,6,0.154,0.4482,0.389,0.60728,0.6,1.0,0.01,0.88964
3222,,0.079,0.38052,0.339,0.57496,0.575,0.96768,-0.04,0.82196
3223,7,0.054,0.36984,0.339,0.57464,0.565,0.94236,1.0,0.78628
3224,,-0.021,0.30216,0.289,0.54232,0.54,0.91004,0.95,0.7186
3225,1,1.0,0.32748,0.324,0.578,0.565,0.92072,0.95,0.71892
3226,,0.925,0.2598,0.274,0.54568,0.54,0.8884,0.9,0.65124
3227,,0.85,0.19212,0.224,0.51336,0.515,0.85608,0.85,0.58356
3228,,0.775,0.12444,0.174,0.48104,0.49,0.82376,0.8,0.51588
3229,,0.7,0.05676,0.124,0.44872,0.465,0.79144,0.75,0.4482
3230,,0.625,-0.01092,0.074,0.4164,0.44,0.75912,0.7,0.38052
3231,2,0.643,1.0,0.117,0.45908,0.472,0.7768,0.707,0.38784
3232,,0.568,0.93232,0.067,0.42676,0.447,0.74448,0.657,0.32016
3233,,0.493,0.86464,0.017,0.39444,0.422,0.71216,0.607,0.25248
3234,,0.418,0.79696,-0.033,0.36212,0.397,0.67984,0.557,0.1848
3235,3,0.428,0.82228,1.0,0.3978,0.422,0.69052,0.557,0.18512
3236,,0.353,0.7546,0.95,0.36548,0.397,0.6582,0.507,0.11744
3237,,0.278,0.68692,0.9,0.33316,0.372,0.62588,0.457,0.04976
3238,,0.203,0.61924,0.85,0.30084,0.347,0.59356,0.407,-0.01792
3239,8,0.196,0.62656,0.868,0.31852,0.354,0.58624,0.389,1.0
3240,,0.121,0.55888,0.818,0.2862,0.329,0.55392,0.339,0.93232
3241,,0.046,0.4912,0.768,0.25388,0.304,0.5216,0.289,0.86464
3242,,-0.029,0.42352,0.718,0.22156,0.279,0.48928,0.239,0.79696
3243,1,1.0,0.44884,0.753,0.25724,0.304,0.49996,0.239,0.79728
3244,,0.925,0.38116,0.703,0.22492,0.279,0.46764,0.189,0.7296
3245,,0.85,0.31348,0.653,0.1926,0.254,0.43532,0.139,0.66192
3246,,0.775,0.2458,0.603,0.16028,0.229,0.403,0.089,0.59424
3247,,0.7,0.17812,0.553,0.12796,0.204,0.37068,0.039,0.52656
3248,,0.625,0.11044,0.503,0.09564,0.179,0.33836,-0.011,0.45888
3249,7,0.6,0.09976,0.503,0.09532,0.169,0.31304,1.0,0.4232
3250,,0.525,0.03208,0.453,0.063,0.144,0.28072,0.95,0.35552
3251,,0.45,-0.0356,0.403,0.03068,0.119,0.2484,0.9,0.28784
3252,2,0.468,1.0,0.446,0.07336,0.151,0.26608,0.907,0.29516
3253,,0.393,0.93232,0.396,0.04104,0.126,0.23376,0.857,0.22748
3254,,0.318,0.86464,0.346,0.00872,0.101,0.20144,0.807,0.1598
3255,,0.243,0.79696,0.296,-0.0236,0.076,0.16912,0.757,0.09212
3256,4,0.236,0.80428,0.314,1.0,0.083,0.1618,0.739,0.07444
3257,,0.161,0.7366,0.264,0.96768,0.058,0.12948,0.689,0.00676
3258,,0.086,0.66892,0.214,0.93536,0.033,0.09716,0.639,-0.06092
3259,8,0.079,0.67624,0.232,0.95304,0.04,0.08984,0.621,1.0
3260,,0.004,0.60856,0.182,0.92072,0.015,0.05752,0.571,0.93232
3261,,-0.071,0.54088,0.132,0.8884,-0.01,0.0252,0.521,0.86464
3262,1,1.0,0.5662,0.167,0.92408,0.015,0.03588,0.521,0.86496
3263,,0.925,0.49852,0.117,0.89176,-0.01,0.00356,0.471,0.79728
3264,5,0.9,0.48784,0.117,0.89144,1.0,-0.17876,0.436,0.7616
3265,6,0.868,0.47016,0.11,0.88412,0.982,1.0,0.393,0.71892
3266,,0.793,0.40248,0.06,0.8518,0.957,0.96768,0.343,0.65124
3267,,0.718,0.3348,0.01,0.81948,0.932,0.93536,0.293,0.58356
3268,,0.643,0.26712,-0.04,0.78716,0.907,0.90304,0.243,0.51588
3269,3,0.653,0.29244,1.0,0.82284,0.932,0.91372,0.243,0.5162
3270,,0.578,0.22476,0.95,0.79052,0.907,0.8814,0.193,0.44852
3271,,0.503,0.15708,0.9,0.7582,0.882,0.84908,0.143,0.38084
3272,,0.428,0.0894,0.85,0.72588,0.857,0.81676,0.093,0.31316
3273,,0.353,0.02172,0.8,0.69356,0.832,0.78444,0.043,0.24548
3274,,0.278,-0.04596,0.75,0.66124,0.807,0.75212,-0.007,0.1778
3275,2,0.296,1.0,0.793,0.70392,0.839,0.7698,0.0,0.18512
3276,,0.221,0.93232,0.743,0.6716,0.814,0.73748,-0.05,0.11744
3277,7,0.196,0.92164,0.743,0.67128,0.804,0.71216,1.0,0.08176
3278,,0.121,0.85396,0.693,0.63896,0.779,0.67984,0.95,0.01408
3279,,0.046,0.78628,0.643,0.60664,0.754,0.64752,0.9,-0.0536
3280,8,0.039,0.7936,0.661,0.62432,0.761,0.6402,0.882,1.0
3281,,-0.036,0.72592,0.611,0.592,0.736,0.60788,0.832,0.93232
3282,1,1.0,0.75124,0.646,0.62768,0.761,0.61856,0.832,0.93264
3283,,0.925,0.68356,0.596,0.59536,0.736,0.58624,0.782,0.86496
3284,,0.85,0.61588,0.546,0.56304,0.711,0.55392,0.732,0.79728
3285,,0.775,0.5482,0.496,0.53072,0.686,0.5216,0.682,0.7296
3286,,0.7,0.48052,0.446,0.4984,0.661,0.48928,0.632,0.66192
3287,,0.625,0.41284,0.396,0.46608,0.636,0.45696,0.582,0.59424
3288,,0.55,0.34516,0.346,0.43376,0.611,0.42464,0.532,0.52656
3289,,0.475,0.27748,0.296,0.40144,0.586,0.39232,0.482,0.45888
3290,,0.4,0.2098,0.246,0.36912,0.561,0.36,0.432,0.3912
3291,,0.325,0.14212,0.196,0.3368,0.536,0.32768,0.382,0.32352
3292,,0.25,0.07444,0.146,0.30448,0.511,0.29536,0.332,0.25584
3293,,0.175,0.00676,0.096,0.27216,0.486,0.26304,0.282,0.18816
3294,,0.1,-0.06092,0.046,0.23984,0.461,0.23072,0.232,0.12048
3295,2,0.118,1.0,0.089,0.28252,0.493,0.2484,0.239,0.1278
3296,,0.043,0.93232,0.039,0.2502,0.468,0.21608,0.189,0.06012
3297,,-0.032,0.86464,-0.011,0.21788,0.443,0.18376,0.139,-0.00756
3298,1,1.0,0.88996,0.024,0.25356,0.468,0.19444,0.139,-0.00724
3299,8,0.993,0.89728,0.042,0.27124,0.475,0.18712,0.121,1.0
3300,,0.918,0.8296,-0.008,0.23892,0.45,0.1548,0.071,0.93232
3301,3,0.928,0.85492,1.0,0.2746,0.475,0.16548,0.071,0.93264
3302,,0.853,0.78724,0.95,0.24228,0.45,0.13316,0.021,0.86496
3303,,0.778,0.71956,0.9,0.20996,0.425,0.10084,-0.029,0.79728
3304,7,0.753,0.70888,0.9,0.20964,0.415,0.07552,1.0,0.7616
3305,,0.678,0.6412,0.85,0.17732,0.39,0.0432,0.95,0.69392
3306,,0.603,0.57352,0.8,0.145,0.365,0.01088,0.9,0.62624
3307,,0.528,0.50584,0.75,0.11268,0.34,-0.02144,0.85,0.55856
3308,6,0.496,0.48816,0.743,0.10536,0.322,1.0,0.807,0.51588
3309,,0.421,0.42048,0.693,0.07304,0.297,0.96768,0.757,0.4482
3310,,0.346,0.3528,0.643,0.04072,0.272,0.93536,0.707,0.38052
3311,,0.271,0.28512,0.593,0.0084,0.247,0.90304,0.657,0.31284
3312,,0.196,0.21744,0.543,-0.02392,0.222,0.87072,0.607,0.24516
3313,4,0.189,0.22476,0.561,1.0,0.229,0.8634,0.589,0.22748
3314,,0.114,0.15708,0.511,0.96768,0.204,0.83108,0.539,0.1598
3315,,0.039,0.0894,0.461,0.93536,0.179,0.79876,0.489,0.09212
3316,,-0.036,0.02172,0.411,0.90304,0.154,0.76644,0.439,0.02444
3317,1,1.0,0.04704,0.446,0.93872,0.179,0.77712,0.439,0.02476
3318,,0.925,-0.02064,0.396,0.9064,0.154,0.7448,0.389,-0.04292
3319,8,0.918,-0.01332,0.414,0.92408,0.161,0.73748,0.371,1.0
3320,2,0.936,1.0,0.457,0.96676,0.193,0.75516,0.378,1.0
3321,,0.861,0.93232,0.407,0.93444,0.168,0.72284,0.328,0.93232
3322,,0.786,0.86464,0.357,0.90212,0.143,0.69052,0.278,0.86464
3323,,0.711,0.79696,0.307,0.8698,0.118,0.6582,0.228,0.79696
3324,,0.636,0.72928,0.257,0.83748,0.093,0.62588,0.178,0.72928
3325,,0.561,0.6616,0.207,0.80516,0.068,0.59356,0.128,0.6616
3326,,0.486,0.59392,0.157,0.77284,0.043,0.56124,0.078,0.59392
3327,,0.411,0.52624,0.107,0.74052,0.018,0.52892,0.028,0.52624
3328,,0.336,0.45856,0.057,0.7082,-0.007,0.4966,-0.022,0.45856
3329,7,0.311,0.44788,0.057,0.70788,-0.017,0.47128,1.0,0.42288
3330,5,0.286,0.4372,0.057,0.70756,1.0,0.28896,0.965,0.3872
3331,,0.211,0.36952,0.007,0.67524,0.975,0.25664,0.915,0.31952
3332,,0.136,0.30184,-0.043,0.64292,0.95,0.22432,0.865,0.25184
3333,3,0.146,0.32716,1.0,0.6786,0.975,0.235,0.865,0.25216
3334,,0.071,0.25948,0.95,0.64628,0.95,0.20268,0.815,0.18448
3335,,-0.004,0.1918,0.9,0.61396,0.925,0.17036,0.765,0.1168
3336,1,1.0,0.21712,0.935,0.64964,0.95,0.18104,0.765,0.11712
3337,,0.925,0.14944,0.885,0.61732,0.925,0.14872,0.715,0.04944
3338,,0.85,0.08176,0.835,0.585,0.9,0.1164,0.665,-0.01824
3339,8,0.843,0.08908,0.853,0.60268,0.907,0.10908,0.647,1.0
3340,,0.768,0.0214,0.803,0.57036,0.882,0.07676,0.597,0.93232
3341,,0.693,-0.04628,0.753,0.53804,0.857,0.04444,0.547,0.86464
3342,2,0.711,1.0,0.796,0.58072,0.889,0.06212,0.554,0.87196
3343,,0.636,0.93232,0.746,0.5484,0.864,0.0298,0.504,0.80428
3344,,0.561,0.86464,0.696,0.51608,0.839,-0.00252,0.454,0.7366
3345,6,0.529,0.84696,0.689,0.50876,0.821,1.0,0.411,0.69392
3346,,0.454,0.77928,0.639,0.47644,0.796,0.96768,0.361,0.62624
3347,,0.379,0.7116,0.589,0.44412,0.771,0.93536,0.311,0.55856
3348,,0.304,0.64392,0.539,0.4118,0.746,0.90304,0.261,0.49088
3349,,0.229,0.57624,0.489,0.37948,0.721,0.87072,0.211,0.4232
3350,,0.154,0.50856,0.439,0.34716,0.696,0.8384,0.161,0.35552
3351,,0.079,0.44088,0.389,0.31484,0.671,0.80608,0.111,0.28784
3352,,0.004,0.3732,0.339,0.28252,0.646,0.77376,0.061,0.22016
3353,,-0.071,0.30552,0.289,0.2502,0.621,0.74144,0.011,0.15248
3354,1,1.0,0.33084,0.324,0.28588,0.646,0.75212,0.011,0.1528
3355,,0.925,0.26316,0.274,0.25356,0.621,0.7198,-0.039,0.08512
3356,7,0.9,0.25248,0.274,0.25324,0.611,0.69448,1.0,0.04944
3357,,0.825,0.1848,0.224,0.22092,0.586,0.66216,0.95,-0.01824
3358,8,0.818,0.19212,0.242,0.2386,0.593,0.65484,0.932,1.0
3359,,0.743,0.12444,0.192,0.20628,0.568,0.62252,0.882,0.93232
3360,,0.668,0.05676,0.142,0.17396,0.543,0.5902,0.832,0.86464
3361,,0.593,-0.01092,0.092,0.14164,0.518,0.55788,0.782,0.79696
3362,2,0.611,1.0,0.135,0.18432,0.55,0.57556,0.789,0.80428
3363,,0.536,0.93232,0.085,0.152,0.525,0.54324,0.739,0.7366
3364,,0.461,0.86464,0.035,0.11968,0.5,0.51092,0.689,0.66892
3365,,0.386,0.79696,-0.015,0.08736,0.475,0.4786,0.639,0.60124
3366,3,0.396,0.82228,1.0,0.12304,0.5,0.48928,0.639,0.60156
3367,,0.321,0.7546,0.95,0.09072,0.475,0.45696,0.589,0.53388
3368,,0.246,0.68692,0.9,0.0584,0.45,0.42464,0.539,0.4662
3369,,0.171,0.61924,0.85,0.02608,0.425,0.39232,0.489,0.39852
3370,,0.096,0.55156,0.8,-0.00624,0.4,0.36,0.439,0.33084
3371,4,0.089,0.55888,0.818,1.0,0.407,0.35268,0.421,0.31316
3372,,0.014,0.4912,0.768,0.96768,0.382,0.32036,0.371,0.24548
3373,,-0.061,0.42352,0.718,0.93536,0.357,0.28804,0.321,0.1778
3374,1,1.0,0.44884,0.753,0.97104,0.382,0.29872,0.321,0.17812
3375,,0.925,0.38116,0.703,0.93872,0.357,0.2664,0.271,0.11044
3376,,0.85,0.31348,0.653,0.9064,0.332,0.23408,0.221,0.04276
3377,,0.775,0.2458,0.603,0.87408,0.307,0.20176,0.171,-0.02492
3378,8,0.768,0.25312,0.621,0.89176,0.314,0.19444,0.153,1.0
3379,,0.693,0.18544,0.571,0.85944,0.289,0.16212,0.103,0.93232
3380,,0.618,0.11776,0.521,0.82712,0.264,0.1298,0.053,0.86464
3381,,0.543,0.05008,0.471,0.7948,0.239,0.09748,0.003,0.79696
3382,,0.468,-0.0176,0.421,0.76248,0.214,0.06516,-0.047,0.72928
3383,7,0.443,-0.02828,0.421,0.76216,0.204,0.03984,1.0,0.6936
3384,2,0.461,1.0,0.464,0.80484,0.236,0.05752,1.0,0.70092
3385,,0.386,0.93232,0.414,0.77252,0.211,0.0252,0.95,0.63324
3386,,0.311,0.86464,0.364,0.7402,0.186,-0.00712,0.9,0.56556
3387,6,0.279,0.84696,0.357,0.73288,0.168,1.0,0.857,0.52288
3388,,0.204,0.77928,0.307,0.70056,0.143,0.96768,0.807,0.4552
3389,,0.129,0.7116,0.257,0.66824,0.118,0.93536,0.757,0.38752
3390,,0.054,0.64392,0.207,0.63592,0.093,0.90304,0.707,0.31984
3391,,-0.021,0.57624,0.157,0.6036,0.068,0.87072,0.657,0.25216
3392,1,1.0,0.60156,0.192,0.63928,0.093,0.8814,0.657,0.25248
3393,,0.925,0.53388,0.142,0.60696,0.068,0.84908,0.607,0.1848
3394,,0.85,0.4662,0.092,0.57464,0.043,0.81676,0.557,0.11712
3395,,0.775,0.39852,0.042,0.54232,0.018,0.78444,0.507,0.04944
3396,,0.7,0.33084,-0.008,0.51,-0.007,0.75212,0.457,-0.01824
3397,8,0.693,0.33816,0.01,0.52768,0.0,0.7448,0.439,1.0
3398,,0.618,0.27048,-0.04,0.49536,-0.025,0.71248,0.389,0.93232
3399,3,0.628,0.2958,1.0,0.53104,0.0,0.72316,0.389,0.93264
3400,,0.553,0.22812,0.95,0.49872,-0.025,0.69084,0.339,0.86496
3401,5,0.528,0.21744,0.95,0.4984,1.0,0.50852,0.304,0.82928
3402,,0.453,0.14976,0.9,0.46608,0.975,0.4762,0.254,0.7616
3403,,0.378,0.08208,0.85,0.43376,0.95,0.44388,0.204,0.69392
3404,,0.303,0.0144,0.8,0.40144,0.925,0.41156,0.154,0.62624
3405,,0.228,-0.05328,0.75,0.36912,0.9,0.37924,0.104,0.55856
3406,2,0.246,1.0,0.793,0.4118,0.932,0.39692,0.111,0.56588
3407,,0.171,0.93232,0.743,0.37948,0.907,0.3646,0.061,0.4982
3408,,0.096,0.86464,0.693,0.34716,0.882,0.33228,0.011,0.43052
3409,,0.021,0.79696,0.643,0.31484,0.857,0.29996,-0.039,0.36284
3410,7,-0.004,0.78628,0.643,0.31452,0.847,0.27464,1.0,0.32716
3411,1,1.0,0.8116,0.678,0.3502,0.872,0.28532,1.0,0.32748
3412,,0.925,0.74392,0.628,0.31788,0.847,0.253,0.95,0.2598
3413,,0.85,0.67624,0.578,0.28556,0.822,0.22068,0.9,0.19212
3414,,0.775,0.60856,0.528,0.25324,0.797,0.18836,0.85,0.12444
3415,,0.7,0.54088,0.478,0.22092,0.772,0.15604,0.8,0.05676
3416,,0.625,0.4732,0.428,0.1886,0.747,0.12372,0.75,-0.01092
3417,8,0.618,0.48052,0.446,0.20628,0.754,0.1164,0.732,1.0
3418,,0.543,0.41284,0.396,0.17396,0.729,0.08408,0.682,0.93232
3419,,0.468,0.34516,0.346,0.14164,0.704,0.05176,0.632,0.86464
3420,,0.393,0.27748,0.296,0.10932,0.679,0.01944,0.582,0.79696
3421,,0.318,0.2098,0.246,0.077,0.654,-0.01288,0.532,0.72928
3422,6,0.286,0.19212,0.239,0.06968,0.636,1.0,0.489,0.6866
3423,,0.211,0.12444,0.189,0.03736,0.611,0.96768,0.439,0.61892
3424,,0.136,0.05676,0.139,0.00504,0.586,0.93536,0.389,0.55124
3425,,0.061,-0.01092,0.089,-0.02728,0.561,0.90304,0.339,0.48356
3426,4,0.054,-0.0036,0.107,1.0,0.568,0.89572,0.321,0.46588
3427,2,0.072,1.0,0.15,1.0,0.6,0.9134,0.328,0.4732
3428,,-0.003,0.93232,0.1,0.96768,0.575,0.88108,0.278,0.40552
3429,1,1.0,0.95764,0.135,1.0,0.6,0.89176,0.278,0.40584
3430,,0.925,0.88996,0.085,0.96768,0.575,0.85944,0.228,0.33816
3431,,0.85,0.82228,0.035,0.93536,0.55,0.82712,0.178,0.27048
3432,,0.775,0.7546,-0.015,0.90304,0.525,0.7948,0.128,0.2028
3433,3,0.785,0.77992,1.0,0.93872,0.55,0.80548,0.128,0.20312
3434,,0.71,0.71224,0.95,0.9064,0.525,0.77316,0.078,0.13544
3435,,0.635,0.64456,0.9,0.87408,0.5,0.74084,0.028,0.06776
3436,,0.56,0.57688,0.85,0.84176,0.475,0.70852,-0.022,8e-05
3437,7,0.535,0.5662,0.85,0.84144,0.465,0.6832,1.0,-0.0356
3438,8,0.528,0.57352,0.868,0.85912,0.472,0.67588,0.982,1.0
3439,,0.453,0.50584,0.818,0.8268,0.447,0.64356,0.932,0.93232
3440,,0.378,0.43816,0.768,0.79448,0.422,0.61124,0.882,0.86464
3441,,0.303,0.37048,0.718,0.76216,0.397,0.57892,0.832,0.79696
3442,,0.228,0.3028,0.668,0.72984,0.372,0.5466,0.782,0.72928
3443,,0.153,0.23512,0.618,0.69752,0.347,0.51428,0.732,0.6616
3444,,0.078,0.16744,0.568,0.6652,0.322,0.48196,0.682,0.59392
3445,,0.003,0.09976,0.518,0.63288,0.297,0.44964,0.632,0.52624
3446,,-0.072,0.03208,0.468,0.60056,0.272,0.41732,0.582,0.45856
3447,1,1.0,0.0574,0.503,0.63624,0.297,0.428,0.582,0.45888
3448,,0.925,-0.01028,0.453,0.60392,0.272,0.39568,0.532,0.3912
3449,2,0.943,1.0,0.496,0.6466,0.304,0.41336,0.539,0.39852
3450,,0.868,0.93232,0.446,0.61428,0.279,0.38104,0.489,0.33084
3451,,0.793,0.86464,0.396,0.58196,0.254,0.34872,0.439,0.26316
3452,,0.718,0.79696,0.346,0.54964,0.229,0.3164,0.389,0.19548
3453,,0.643,0.72928,0.296,0.51732,0.204,0.28408,0.339,0.1278
3454,,0.568,0.6616,0.246,0.485,0.179,0.25176,0.289,0.06012
3455,,0.493,0.59392,0.196,0.45268,0.154,0.21944,0.239,-0.00756
3456,8,0.486,0.60124,0.214,0.47036,0.161,0.21212,0.221,1.0
3457,,0.411,0.53356,0.164,0.43804,0.136,0.1798,0.171,0.93232
3458,,0.336,0.46588,0.114,0.40572,0.111,0.14748,0.121,0.86464
3459,,0.261,0.3982,0.064,0.3734,0.086,0.11516,0.071,0.79696
3460,,0.186,0.33052,0.014,0.34108,0.061,0.08284,0.021,0.72928
3461,,0.111,0.26284,-0.036,0.30876,0.036,0.05052,-0.029,0.6616
3462,3,0.121,0.28816,1.0,0.34444,0.061,0.0612,-0.029,0.66192
3463,7,0.096,0.27748,1.0,0.34412,0.051,0.03588,1.0,0.62624
3464,,0.021,0.2098,0.95,0.3118,0.026,0.00356,0.95,0.55856
3465,,-0.054,0.14212,0.9,0.27948,0.001,-0.02876,0.9,0.49088
3466,1,1.0,0.16744,0.935,0.31516,0.026,-0.01808,0.9,0.4912
3467,6,0.968,0.14976,0.928,0.30784,0.008,1.0,0.857,0.44852
3468,,0.893,0.08208,0.878,0.27552,-0.017,0.96768,0.807,0.38084
3469,5,0.868,0.0714,0.878,0.2752,1.0,0.78536,0.772,0.34516
3470,,0.793,0.00372,0.828,0.24288,0.975,0.75304,0.722,0.27748
3471,,0.718,-0.06396,0.778,0.21056,0.95,0.72072,0.672,0.2098
3472,2,0.736,1.0,0.821,0.25324,0.982,0.7384,0.679,0.21712
3473,,0.661,0.93232,0.771,0.22092,0.957,0.70608,0.629,0.14944
3474,,0.586,0.86464,0.721,0.1886,0.932,0.67376,0.579,0.08176
3475,,0.511,0.79696,0.671,0.15628,0.907,0.64144,0.529,0.01408
3476,,0.436,0.72928,0.621,0.12396,0.882,0.60912,0.479,-0.0536
3477,8,0.429,0.7366,0.639,0.14164,0.889,0.6018,0.461,1.0
3478,,0.354,0.66892,0.589,0.10932,0.864,0.56948,0.411,0.93232
3479,,0.279,0.60124,0.539,0.077,0.839,0.53716,0.361,0.86464
3480,,0.204,0.53356,0.489,0.04468,0.814,0.50484,0.311,0.79696
3481,,0.129,0.46588,0.439,0.01236,0.789,0.47252,0.261,0.72928
3482,,0.054,0.3982,0.389,-0.01996,0.764,0.4402,0.211,0.6616
3483,4,0.047,0.40552,0.407,1.0,0.771,0.43288,0.193,0.64392
3484,,-0.028,0.33784,0.357,0.96768,0.746,0.40056,0.143,0.57624
3485,1,1.0,0.36316,0.392,1.0,0.771,0.41124,0.143,0.57656
3486,,0.925,0.29548,0.342,0.96768,0.746,0.37892,0.093,0.50888
3487,,0.85,0.2278,0.292,0.93536,0.721,0.3466,0.043,0.4412
3488,,0.775,0.16012,0.242,0.90304,0.696,0.31428,-0.007,0.37352
3489,7,0.75,0.14944,0.242,0.90272,0.686,0.28896,1.0,0.33784
3490,,0.675,0.08176,0.192,0.8704,0.661,0.25664,0.95,0.27016
3491,,0.6,0.01408,0.142,0.83808,0.636,0.22432,0.9,0.20248
3492,,0.525,-0.0536,0.092,0.80576,0.611,0.192,0.85,0.1348
3493,2,0.543,1.0,0.135,0.84844,0.643,0.20968,0.857,0.14212
3494,,0.468,0.93232,0.085,0.81612,0.618,0.17736,0.807,0.07444
3495,,0.393,0.86464,0.035,0.7838,0.593,0.14504,0.757,0.00676
3496,,0.318,0.79696,-0.015,0.75148,0.568,0.11272,0.707,-0.06092
3497,8,0.311,0.80428,0.003,0.76916,0.575,0.1054,0.689,1.0
3498,,0.236,0.7366,-0.047,0.73684,0.55,0.07308,0.639,0.93232
3499,3,0.246,0.76192,1.0,0.77252,0.575,0.08376,0.639,0.93264
3500,,0.171,0.69424,0.95,0.7402,0.55,0.05144,0.589,0.86496
3501,,0.096,0.62656,0.9,0.70788,0.525,0.01912,0.539,0.79728
3502,,0.021,0.55888,0.85,0.67556,0.5,-0.0132,0.489,0.7296
3503,6,-0.011,0.5412,0.843,0.66824,0.482,1.0,0.446,0.68692
3504,1,1.0,0.56652,0.878,0.70392,0.507,1.0,0.446,0.68724
3505,,0.925,0.49884,0.828,0.6716,0.482,0.96768,0.396,0.61956
3506,,0.85,0.43116,0.778,0.63928,0.457,0.93536,0.346,0.55188
3507,,0.775,0.36348,0.728,0.60696,0.432,0.90304,0.296,0.4842
3508,,0.7,0.2958,0.678,0.57464,0.407,0.87072,0.246,0.41652
3509,,0.625,0.22812,0.628,0.54232,0.382,0.8384,0.196,0.34884
3510,,0.55,0.16044,0.578,0.51,0.357,0.80608,0.146,0.28116
3511,,0.475,0.09276,0.528,0.47768,0.332,0.77376,0.096,0.21348
3512,,0.4,0.02508,0.478,0.44536,0.307,0.74144,0.046,0.1458
3513,,0.325,-0.0426,0.428,0.41304,0.282,0.70912,-0.004,0.07812
3514,2,0.343,1.0,0.471,0.45572,0.314,0.7268,0.003,0.08544
3515,,0.268,0.93232,0.421,0.4234,0.289,0.69448,-0.047,0.01776
3516,7,0.243,0.92164,0.421,0.42308,0.279,0.66916,1.0,-0.01792
3517,8,0.236,0.92896,0.439,0.44076,0.286,0.66184,0.982,1.0
3518,,0.161,0.86128,0.389,0.40844,0.261,0.62952,0.932,0.93232
3519,,0.086,0.7936,0.339,0.37612,0.236,0.5972,0.882,0.86464
3520,,0.011,0.72592,0.289,0.3438,0.211,0.56488,0.832,0.79696
3521,,-0.064,0.65824,0.239,0.31148,0.186,0.53256,0.782,0.72928
3522,1,1.0,0.68356,0.274,0.34716,0.211,0.54324,0.782,0.7296
3523,,0.925,0.61588,0.224,0.31484,0.186,0.51092,0.732,0.66192
3524,,0.85,0.5482,0.174,0.28252,0.161,0.4786,0.682,0.59424
3525,,0.775,0.48052,0.124,0.2502,0.136,0.44628,0.632,0.52656
3526,,0.7,0.41284,0.074,0.21788,0.111,0.41396,0.582,0.45888
3527,,0.625,0.34516,0.024,0.18556,0.086,0.38164,0.532,0.3912
3528,,0.55,0.27748,-0.026,0.15324,0.061,0.34932,0.482,0.32352
3529,3,0.56,0.3028,1.0,0.18892,0.086,0.36,0.482,0.32384
3530,,0.485,0.23512,0.95,0.1566,0.061,0.32768,0.432,0.25616
3531,,0.41,0.16744,0.9,0.12428,0.036,0.29536,0.382,0.18848
3532,,0.335,0.09976,0.85,0.09196,0.011,0.26304,0.332,0.1208
3533,,0.26,0.03208,0.8,0.05964,-0.014,0.23072,0.282,0.05312
3534,5,0.235,0.0214,0.8,0.05932,1.0,0.0484,0.247,0.01744
3535,,0.16,-0.04628,0.75,0.027,0.975,0.01608,0.197,-0.05024
3536,8,0.153,-0.03896,0.768,0.04468,0.982,0.00876,0.179,1.0
3537,2,0.171,1.0,0.811,0.08736,1.0,0.02644,0.186,1.0
3538,,0.096,0.93232,0.761,0.05504,0.975,-0.00588,0.136,0.93232
3539,6,0.064,0.91464,0.754,0.04772,0.957,1.0,0.093,0.88964
3540,,-0.011,0.84696,0.704,0.0154,0.932,0.96768,0.043,0.82196
3541,1,1.0,0.87228,0.739,0.05108,0.957,0.97836,0.043,0.82228
3542,,0.925,0.8046,0.689,0.01876,0.932,0.94604,-0.007,0.7546
3543,7,0.9,0.79392,0.689,0.01844,0.922,0.92072,1.0,0.71892
3544,,0.825,0.72624,0.639,-0.01388,0.897,0.8884,0.95,0.65124
3545,4,0.818,0.73356,0.657,1.0,0.904,0.88108,0.932,0.63356
3546,,0.743,0.66588,0.607,0.96768,0.879,0.84876,0.882,0.56588
3547,,0.668,0.5982,0.557,0.93536,0.854,0.81644,0.832,0.4982
3548,,0.593,0.53052,0.507,0.90304,0.829,0.78412,0.782,0.43052
3549,,0.518,0.46284,0.457,0.87072,0.804,0.7518,0.732,0.36284
3550,,0.443,0.39516,0.407,0.8384,0.779,0.71948,0.682,0.29516
3551,,0.368,0.32748,0.357,0.80608,0.754,0.68716,0.632,0.22748
3552,,0.293,0.2598,0.307,0.77376,0.729,0.65484,0.582,0.1598
3553,,0.218,0.19212,0.257,0.74144,0.704,0.62252,0.532,0.09212
3554,,0.143,0.12444,0.207,0.70912,0.679,0.5902,0.482,0.02444
3555,,0.068,0.05676,0.157,0.6768,0.654,0.55788,0.432,-0.04324
3556,8,0.061,0.06408,0.175,0.69448,0.661,0.55056,0.414,1.0
3557,,-0.014,-0.0036,0.125,0.66216,0.636,0.51824,0.364,0.93232
3558,1,1.0,0.02172,0.16,0.69784,0.661,0.52892,0.364,0.93264
3559,,0.925,-0.04596,0.11,0.66552,0.636,0.4966,0.314,0.86496
3560,2,0.943,1.0,0.153,0.7082,0.668,0.51428,0.321,0.87228
3561,,0.868,0.93232,0.103,0.67588,0.643,0.48196,0.271,0.8046
3562,,0.793,0.86464,0.053,0.64356,0.618,0.44964,0.221,0.73692
3563,,0.718,0.79696,0.003,0.61124,0.593,0.41732,0.171,0.66924
3564,,0.643,0.72928,-0.047,0.57892,0.568,0.385,0.121,0.60156
3565,3,0.653,0.7546,1.0,0.6146,0.593,0.39568,0.121,0.60188
3566,,0.578,0.68692,0.95,0.58228,0.568,0.36336,0.071,0.5342
3567,,0.503,0.61924,0.9,0.54996,0.543,0.33104,0.021,0.46652
3568,,0.428,0.55156,0.85,0.51764,0.518,0.29872,-0.029,0.39884
3569,7,0.403,0.54088,0.85,0.51732,0.508,0.2734,1.0,0.36316
3570,,0.328,0.4732,0.8,0.485,0.483,0.24108,0.95,0.29548
3571,,0.253,0.40552,0.75,0.45268,0.458,0.20876,0.9,0.2278
3572,,0.178,0.33784,0.7,0.42036,0.433,0.17644,0.85,0.16012
3573,,0.103,0.27016,0.65,0.38804,0.408,0.14412,0.8,0.09244
3574,,0.028,0.20248,0.6,0.35572,0.383,0.1118,0.75,0.02476
3575,,-0.047,0.1348,0.55,0.3234,0.358,0.07948,0.7,-0.04292
3576,1,1.0,0.16012,0.585,0.35908,0.383,0.09016,0.7,-0.0426
3577,8,0.993,0.16744,0.603,0.37676,0.39,0.08284,0.682,1.0
3578,,0.918,0.09976,0.553,0.34444,0.365,0.05052,0.632,0.93232
3579,,0.843,0.03208,0.503,0.31212,0.34,0.0182,0.582,0.86464
3580,,0.768,-0.0356,0.453,0.2798,0.315,-0.01412,0.532,0.79696
3581,2,0.786,1.0,0.496,0.32248,0.347,0.00356,0.539,0.80428
3582,,0.711,0.93232,0.446,0.29016,0.322,-0.02876,0.489,0.7366
3583,6,0.679,0.91464,0.439,0.28284,0.304,1.0,0.446,0.69392
3584,,0.604,0.84696,0.389,0.25052,0.279,0.96768,0.396,0.62624
3585,,0.529,0.77928,0.339,0.2182,0.254,0.93536,0.346,0.55856
3586,,0.454,0.7116,0.289,0.18588,0.229,0.90304,0.296,0.49088
3587,,0.379,0.64392,0.239,0.15356,0.204,0.87072,0.246,0.4232
3588,,0.304,0.57624,0.189,0.12124,0.179,0.8384,0.196,0.35552
3589,,0.229,0.50856,0.139,0.08892,0.154,0.80608,0.146,0.28784
3590,,0.154,0.44088,0.089,0.0566,0.129,0.77376,0.096,0.22016
3591,,0.079,0.3732,0.039,0.02428,0.104,0.74144,0.046,0.15248
3592,,0.004,0.30552,-0.011,-0.00804,0.079,0.70912,-0.004,0.0848
3593,3,0.014,0.33084,1.0,0.02764,0.104,0.7198,-0.004,0.08512
3594,7,-0.011,0.32016,1.0,0.02732,0.094,0.69448,1.0,0.04944
3595,1,1.0,0.34548,1.0,0.063,0.119,0.70516,1.0,0.04976
3596,,0.925,0.2778,0.95,0.03068,0.094,0.67284,0.95,-0.01792
3597,8,0.918,0.28512,0.968,0.04836,0.101,0.66552,0.932,1.0
3598,,0.843,0.21744,0.918,0.01604,0.076,0.6332,0.882,0.93232
3599,,0.768,0.14976,0.868,-0.01628,0.051,0.60088,0.832,0.86464
3600,4,0.761,0.15708,0.886,1.0,0.058,0.59356,0.814,0.84696
3601,,0.686,0.0894,0.836,0.96768,0.033,0.56124,0.764,0.77928
3602,,0.611,0.02172,0.786,0.93536,0.008,0.52892,0.714,0.7116
3603,,0.536,-0.04596,0.736,0.90304,-0.017,0.4966,0.664,0.64392
3604,2,0.554,1.0,0.779,0.94572,0.015,0.51428,0.671,0.65124
3605,,0.479,0.93232,0.729,0.9134,-0.01,0.48196,0.621,0.58356
3606,5,0.454,0.92164,0.729,0.91308,1.0,0.29964,0.586,0.54788
3607,,0.379,0.85396,0.679,0.88076,0.975,0.26732,0.536,0.4802
3608,,0.304,0.78628,0.629,0.84844,0.95,0.235,0.486,0.41252
3609,,0.229,0.7186,0.579,0.81612,0.925,0.20268,0.436,0.34484
3610,,0.154,0.65092,0.529,0.7838,0.9,0.17036,0.386,0.27716
3611,,0.079,0.58324,0.479,0.75148,0.875,0.13804,0.336,0.20948
3612,,0.004,0.51556,0.429,0.71916,0.85,0.10572,0.286,0.1418
3613,,-0.071,0.44788,0.379,0.68684,0.825,0.0734,0.236,0.07412
3614,1,1.0,0.4732,0.414,0.72252,0.85,0.08408,0.236,0.07444
3615,,0.925,0.40552,0.364,0.6902,0.825,0.05176,0.186,0.00676
3616,,0.85,0.33784,0.314,0.65788,0.8,0.01944,0.136,-0.06092
3617,8,0.843,0.34516,0.332,0.67556,0.807,0.01212,0.118,1.0
3618,,0.768,0.27748,0.282,0.64324,0.782,-0.0202,0.068,0.93232
3619,6,0.736,0.2598,0.275,0.63592,0.764,1.0,0.025,0.88964
3620,,0.661,0.19212,0.225,0.6036,0.739,0.96768,-0.025,0.82196
3621,7,0.636,0.18144,0.225,0.60328,0.729,0.94236,1.0,0.78628
