step,active_motive,motive_1,motive_2,motive_3,motive_4,motive_5,motive_6,motive_7,motive_8
0,,0.54671,0.18485,0.96958,0.77513,0.9395,0.89483,0.5979,0.92187
1,,0.49671,0.13485,0.91958,0.72513,0.8895,0.84483,0.5479,0.87187
2,,0.44671,0.08485,0.86958,0.67513,0.8395,0.79483,0.4979,0.82187
3,,0.39671,0.03485,0.81958,0.62513,0.7895,0.74483,0.4479,0.77187
4,,0.34671,-0.01515,0.76958,0.57513,0.7395,0.69483,0.3979,0.72187
5,2,0.80871,0.98485,1.0,0.82513,0.7775,0.64483,0.4359,0.97187
6,2,1.0,1.0,1.0,1.0,0.8155,0.59483,0.4739,1.0
7,,0.95,0.95,0.95,0.95,0.7655,0.54483,0.4239,0.95
8,,0.9,0.9,0.9,0.9,0.7155,0.49483,0.3739,0.9
9,,0.85,0.85,0.85,0.85,0.6655,0.44483,0.3239,0.85
10,,0.8,0.8,0.8,0.8,0.6155,0.39483,0.2739,0.8
11,,0.75,0.75,0.75,0.75,0.5655,0.34483,0.2239,0.75
12,,0.7,0.7,0.7,0.7,0.5155,0.29483,0.1739,0.7
13,,0.65,0.65,0.65,0.65,0.4655,0.24483,0.1239,0.65
14,,0.6,0.6,0.6,0.6,0.4155,0.19483,0.0739,0.6
15,,0.55,0.55,0.55,0.55,0.3655,0.14483,0.0239,0.55
16,,0.5,0.5,0.5,0.5,0.3155,0.09483,-0.0261,0.5
17,7,0.75,0.538,0.45,0.538,0.5655,0.55683,0.9739,0.962
18,7,1.0,0.576,0.4,0.576,0.8155,1.0,1.0,1.0
19,,0.95,0.526,0.35,0.526,0.7655,0.95,0.95,0.95
20,,0.9,0.476,0.3,0.476,0.7155,0.9,0.9,0.9
21,,0.85,0.426,0.25,0.426,0.6655,0.85,0.85,0.85
22,,0.8,0.376,0.2,0.376,0.6155,0.8,0.8,0.8
23,,0.75,0.326,0.15,0.326,0.5655,0.75,0.75,0.75
24,,0.7,0.276,0.1,0.276,0.5155,0.7,0.7,0.7
25,,0.65,0.226,0.05,0.226,0.4655,0.65,0.65,0.65
26,,0.6,0.176,0.0,0.176,0.4155,0.6,0.6,0.6
27,,0.55,0.126,-0.05,0.126,0.3655,0.55,0.55,0.55
28,3,0.8,0.588,0.95,0.588,0.6155,0.588,0.5,0.588
29,3,1.0,1.0,1.0,1.0,0.8655,0.626,0.45,0.626
30,,0.95,0.95,0.95,0.95,0.8155,0.576,0.4,0.576
31,,0.9,0.9,0.9,0.9,0.7655,0.526,0.35,0.526
32,,0.85,0.85,0.85,0.85,0.7155,0.476,0.3,0.476
33,,0.8,0.8,0.8,0.8,0.6655,0.426,0.25,0.426
34,,0.75,0.75,0.75,0.75,0.6155,0.376,0.2,0.376
35,,0.7,0.7,0.7,0.7,0.5655,0.326,0.15,0.326
36,,0.65,0.65,0.65,0.65,0.5155,0.276,0.1,0.276
37,,0.6,0.6,0.6,0.6,0.4655,0.226,0.05,0.226
38,,0.55,0.55,0.55,0.55,0.4155,0.176,0.0,0.176
39,,0.5,0.5,0.5,0.5,0.3655,0.126,-0.05,0.126
40,7,0.75,0.538,0.45,0.538,0.6155,0.588,0.95,0.588
41,7,1.0,0.576,0.4,0.576,0.8655,1.0,1.0,1.0
42,,0.95,0.526,0.35,0.526,0.8155,0.95,0.95,0.95
43,,0.9,0.476,0.3,0.476,0.7655,0.9,0.9,0.9
44,,0.85,0.426,0.25,0.426,0.7155,0.85,0.85,0.85
45,,0.8,0.376,0.2,0.376,0.6655,0.8,0.8,0.8
46,,0.75,0.326,0.15,0.326,0.6155,0.75,0.75,0.75
47,,0.7,0.276,0.1,0.276,0.5655,0.7,0.7,0.7
48,,0.65,0.226,0.05,0.226,0.5155,0.65,0.65,0.65
49,,0.6,0.176,0.0,0.176,0.4655,0.6,0.6,0.6
50,,0.55,0.126,-0.05,0.126,0.4155,0.55,0.55,0.55
51,3,0.8,0.588,0.95,0.588,0.6655,0.588,0.5,0.588
52,3,1.0,1.0,1.0,1.0,0.9155,0.626,0.45,0.626
53,,0.95,0.95,0.95,0.95,0.8655,0.576,0.4,0.576
54,,0.9,0.9,0.9,0.9,0.8155,0.526,0.35,0.526
55,,0.85,0.85,0.85,0.85,0.7655,0.476,0.3,0.476
56,,0.8,0.8,0.8,0.8,0.7155,0.426,0.25,0.426
57,,0.75,0.75,0.75,0.75,0.6655,0.376,0.2,0.376
58,,0.7,0.7,0.7,0.7,0.6155,0.326,0.15,0.326
59,,0.65,0.65,0.65,0.65,0.5655,0.276,0.1,0.276
60,,0.6,0.6,0.6,0.6,0.5155,0.226,0.05,0.226
61,,0.55,0.55,0.55,0.55,0.4655,0.176,0.0,0.176
62,,0.5,0.5,0.5,0.5,0.4155,0.126,-0.05,0.126
63,7,0.75,0.538,0.45,0.538,0.6655,0.588,0.95,0.588
64,7,1.0,0.576,0.4,0.576,0.9155,1.0,1.0,1.0
65,,0.95,0.526,0.35,0.526,0.8655,0.95,0.95,0.95
66,,0.9,0.476,0.3,0.476,0.8155,0.9,0.9,0.9
67,,0.85,0.426,0.25,0.426,0.7655,0.85,0.85,0.85
68,,0.8,0.376,0.2,0.376,0.7155,0.8,0.8,0.8
69,,0.75,0.326,0.15,0.326,0.6655,0.75,0.75,0.75
70,,0.7,0.276,0.1,0.276,0.6155,0.7,0.7,0.7
71,,0.65,0.226,0.05,0.226,0.5655,0.65,0.65,0.65
72,,0.6,0.176,0.0,0.176,0.5155,0.6,0.6,0.6
73,,0.55,0.126,-0.05,0.126,0.4655,0.55,0.55,0.55
74,3,0.8,0.588,0.95,0.588,0.7155,0.588,0.5,0.588
75,3,1.0,1.0,1.0,1.0,0.9655,0.626,0.45,0.626
76,,0.95,0.95,0.95,0.95,0.9155,0.576,0.4,0.576
77,,0.9,0.9,0.9,0.9,0.8655,0.526,0.35,0.526
78,,0.85,0.85,0.85,0.85,0.8155,0.476,0.3,0.476
79,,0.8,0.8,0.8,0.8,0.7655,0.426,0.25,0.426
80,,0.75,0.75,0.75,0.75,0.7155,0.376,0.2,0.376
81,,0.7,0.7,0.7,0.7,0.6655,0.326,0.15,0.326
82,,0.65,0.65,0.65,0.65,0.6155,0.276,0.1,0.276
83,,0.6,0.6,0.6,0.6,0.5655,0.226,0.05,0.226
84,,0.55,0.55,0.55,0.55,0.5155,0.176,0.0,0.176
85,,0.5,0.5,0.5,0.5,0.4655,0.126,-0.05,0.126
86,7,0.75,0.538,0.45,0.538,0.7155,0.588,0.95,0.588
87,7,1.0,0.576,0.4,0.576,0.9655,1.0,1.0,1.0
88,,0.95,0.526,0.35,0.526,0.9155,0.95,0.95,0.95
89,,0.9,0.476,0.3,0.476,0.8655,0.9,0.9,0.9
90,,0.85,0.426,0.25,0.426,0.8155,0.85,0.85,0.85
91,,0.8,0.376,0.2,0.376,0.7655,0.8,0.8,0.8
92,,0.75,0.326,0.15,0.326,0.7155,0.75,0.75,0.75
93,,0.7,0.276,0.1,0.276,0.6655,0.7,0.7,0.7
94,,0.65,0.226,0.05,0.226,0.6155,0.65,0.65,0.65
95,,0.6,0.176,0.0,0.176,0.5655,0.6,0.6,0.6
96,,0.55,0.126,-0.05,0.126,0.5155,0.55,0.55,0.55
97,3,0.8,0.588,0.95,0.588,0.7655,0.588,0.5,0.588
98,3,1.0,1.0,1.0,1.0,1.0,0.626,0.45,0.626
99,,0.95,0.95,0.95,0.95,0.95,0.576,0.4,0.576
100,,0.9,0.9,0.9,0.9,0.9,0.526,0.35,0.526
101,,0.85,0.85,0.85,0.85,0.85,0.476,0.3,0.476
102,,0.8,0.8,0.8,0.8,0.8,0.426,0.25,0.426
103,,0.75,0.75,0.75,0.75,0.75,0.376,0.2,0.376
104,,0.7,0.7,0.7,0.7,0.7,0.326,0.15,0.326
105,,0.65,0.65,0.65,0.65,0.65,0.276,0.1,0.276
106,,0.6,0.6,0.6,0.6,0.6,0.226,0.05,0.226
107,,0.55,0.55,0.55,0.55,0.55,0.176,0.0,0.176
108,,0.5,0.5,0.5,0.5,0.5,0.126,-0.05,0.126
109,7,0.75,0.538,0.45,0.538,0.75,0.588,0.95,0.588
110,7,1.0,0.576,0.4,0.576,1.0,1.0,1.0,1.0
111,,0.95,0.526,0.35,0.526,0.95,0.95,0.95,0.95
112,,0.9,0.476,0.3,0.476,0.9,0.9,0.9,0.9
113,,0.85,0.426,0.25,0.426,0.85,0.85,0.85,0.85
114,,0.8,0.376,0.2,0.376,0.8,0.8,0.8,0.8
115,,0.75,0.326,0.15,0.326,0.75,0.75,0.75,0.75
116,,0.7,0.276,0.1,0.276,0.7,0.7,0.7,0.7
117,,0.65,0.226,0.05,0.226,0.65,0.65,0.65,0.65
118,,0.6,0.176,0.0,0.176,0.6,0.6,0.6,0.6
119,,0.55,0.126,-0.05,0.126,0.55,0.55,0.55,0.55
120,3,0.8,0.588,0.95,0.588,0.8,0.588,0.5,0.588
121,3,1.0,1.0,1.0,1.0,1.0,0.626,0.45,0.626
122,,0.95,0.95,0.95,0.95,0.95,0.576,0.4,0.576
123,,0.9,0.9,0.9,0.9,0.9,0.526,0.35,0.526
124,,0.85,0.85,0.85,0.85,0.85,0.476,0.3,0.476
125,,0.8,0.8,0.8,0.8,0.8,0.426,0.25,0.426
126,,0.75,0.75,0.75,0.75,0.75,0.376,0.2,0.376
127,,0.7,0.7,0.7,0.7,0.7,0.326,0.15,0.326
128,,0.65,0.65,0.65,0.65,0.65,0.276,0.1,0.276
129,,0.6,0.6,0.6,0.6,0.6,0.226,0.05,0.226
130,,0.55,0.55,0.55,0.55,0.55,0.176,0.0,0.176
131,,0.5,0.5,0.5,0.5,0.5,0.126,-0.05,0.126
132,7,0.75,0.538,0.45,0.538,0.75,0.588,0.95,0.588
133,7,1.0,0.576,0.4,0.576,1.0,1.0,1.0,1.0
134,,0.95,0.526,0.35,0.526,0.95,0.95,0.95,0.95
135,,0.9,0.476,0.3,0.476,0.9,0.9,0.9,0.9
136,,0.85,0.426,0.25,0.426,0.85,0.85,0.85,0.85
137,,0.8,0.376,0.2,0.376,0.8,0.8,0.8,0.8
138,,0.75,0.326,0.15,0.326,0.75,0.75,0.75,0.75
139,,0.7,0.276,0.1,0.276,0.7,0.7,0.7,0.7
140,,0.65,0.226,0.05,0.226,0.65,0.65,0.65,0.65
141,,0.6,0.176,0.0,0.176,0.6,0.6,0.6,0.6
142,,0.55,0.126,-0.05,0.126,0.55,0.55,0.55,0.55
143,3,0.8,0.588,0.95,0.588,0.8,0.588,0.5,0.588
144,3,1.0,1.0,1.0,1.0,1.0,0.626,0.45,0.626
145,,0.95,0.95,0.95,0.95,0.95,0.576,0.4,0.576
146,,0.9,0.9,0.9,0.9,0.9,0.526,0.35,0.526
147,,0.85,0.85,0.85,0.85,0.85,0.476,0.3,0.476
148,,0.8,0.8,0.8,0.8,0.8,0.426,0.25,0.426
149,,0.75,0.75,0.75,0.75,0.75,0.376,0.2,0.376
150,,0.7,0.7,0.7,0.7,0.7,0.326,0.15,0.326
151,,0.65,0.65,0.65,0.65,0.65,0.276,0.1,0.276
152,,0.6,0.6,0.6,0.6,0.6,0.226,0.05,0.226
153,,0.55,0.55,0.55,0.55,0.55,0.176,0.0,0.176
154,,0.5,0.5,0.5,0.5,0.5,0.126,-0.05,0.126
155,7,0.75,0.538,0.45,0.538,0.75,0.588,0.95,0.588
156,7,1.0,0.576,0.4,0.576,1.0,1.0,1.0,1.0
157,,0.95,0.526,0.35,0.526,0.95,0.95,0.95,0.95
158,,0.9,0.476,0.3,0.476,0.9,0.9,0.9,0.9
159,,0.85,0.426,0.25,0.426,0.85,0.85,0.85,0.85
160,,0.8,0.376,0.2,0.376,0.8,0.8,0.8,0.8
161,,0.75,0.326,0.15,0.326,0.75,0.75,0.75,0.75
162,,0.7,0.276,0.1,0.276,0.7,0.7,0.7,0.7
163,,0.65,0.226,0.05,0.226,0.65,0.65,0.65,0.65
164,,0.6,0.176,0.0,0.176,0.6,0.6,0.6,0.6
165,,0.55,0.126,-0.05,0.126,0.55,0.55,0.55,0.55
166,3,0.8,0.588,0.95,0.588,0.8,0.588,0.5,0.588
167,3,1.0,1.0,1.0,1.0,1.0,0.626,0.45,0.626
168,,0.95,0.95,0.95,0.95,0.95,0.576,0.4,0.576
169,,0.9,0.9,0.9,0.9,0.9,0.526,0.35,0.526
170,,0.85,0.85,0.85,0.85,0.85,0.476,0.3,0.476
171,,0.8,0.8,0.8,0.8,0.8,0.426,0.25,0.426
172,,0.75,0.75,0.75,0.75,0.75,0.376,0.2,0.376
173,,0.7,0.7,0.7,0.7,0.7,0.326,0.15,0.326
174,,0.65,0.65,0.65,0.65,0.65,0.276,0.1,0.276
175,,0.6,0.6,0.6,0.6,0.6,0.226,0.05,0.226
176,,0.55,0.55,0.55,0.55,0.55,0.176,0.0,0.176
177,,0.5,0.5,0.5,0.5,0.5,0.126,-0.05,0.126
178,7,0.75,0.538,0.45,0.538,0.75,0.588,0.95,0.588
179,7,1.0,0.576,0.4,0.576,1.0,1.0,1.0,1.0
180,,0.95,0.526,0.35,0.526,0.95,0.95,0.95,0.95
181,,0.9,0.476,0.3,0.476,0.9,0.9,0.9,0.9
182,,0.85,0.426,0.25,0.426,0.85,0.85,0.85,0.85
183,,0.8,0.376,0.2,0.376,0.8,0.8,0.8,0.8
184,,0.75,0.326,0.15,0.326,0.75,0.75,0.75,0.75
185,,0.7,0.276,0.1,0.276,0.7,0.7,0.7,0.7
186,,0.65,0.226,0.05,0.226,0.65,0.65,0.65,0.65
187,,0.6,0.176,0.0,0.176,0.6,0.6,0.6,0.6
188,,0.55,0.126,-0.05,0.126,0.55,0.55,0.55,0.55
189,3,0.8,0.588,0.95,0.588,0.8,0.588,0.5,0.588
190,3,1.0,1.0,1.0,1.0,1.0,0.626,0.45,0.626
191,,0.95,0.95,0.95,0.95,0.95,0.576,0.4,0.576
192,,0.9,0.9,0.9,0.9,0.9,0.526,0.35,0.526
193,,0.85,0.85,0.85,0.85,0.85,0.476,0.3,0.476
194,,0.8,0.8,0.8,0.8,0.8,0.426,0.25,0.426
195,,0.75,0.75,0.75,0.75,0.75,0.376,0.2,0.376
196,,0.7,0.7,0.7,0.7,0.7,0.326,0.15,0.326
197,,0.65,0.65,0.65,0.65,0.65,0.276,0.1,0.276
198,,0.6,0.6,0.6,0.6,0.6,0.226,0.05,0.226
199,,0.55,0.55,0.55,0.55,0.55,0.176,0.0,0.176
200,,0.5,0.5,0.5,0.5,0.5,0.126,-0.05,0.126
201,7,0.75,0.538,0.45,0.538,0.75,0.588,0.95,0.588
202,7,1.0,0.576,0.4,0.576,1.0,1.0,1.0,1.0
203,,0.95,0.526,0.35,0.526,0.95,0.95,0.95,0.95
204,,0.9,0.476,0.3,0.476,0.9,0.9,0.9,0.9
205,,0.85,0.426,0.25,0.426,0.85,0.85,0.85,0.85
206,,0.8,0.376,0.2,0.376,0.8,0.8,0.8,0.8
207,,0.75,0.326,0.15,0.326,0.75,0.75,0.75,0.75
208,,0.7,0.276,0.1,0.276,0.7,0.7,0.7,0.7
209,,0.65,0.226,0.05,0.226,0.65,0.65,0.65,0.65
210,,0.6,0.176,0.0,0.176,0.6,0.6,0.6,0.6
211,,0.55,0.126,-0.05,0.126,0.55,0.55,0.55,0.55
212,3,0.8,0.588,0.95,0.588,0.8,0.588,0.5,0.588
213,3,1.0,1.0,1.0,1.0,1.0,0.626,0.45,0.626
214,,0.95,0.95,0.95,0.95,0.95,0.576,0.4,0.576
215,,0.9,0.9,0.9,0.9,0.9,0.526,0.35,0.526
216,,0.85,0.85,0.85,0.85,0.85,0.476,0.3,0.476
217,,0.8,0.8,0.8,0.8,0.8,0.426,0.25,0.426
218,,0.75,0.75,0.75,0.75,0.75,0.376,0.2,0.376
219,,0.7,0.7,0.7,0.7,0.7,0.326,0.15,0.326
220,,0.65,0.65,0.65,0.65,0.65,0.276,0.1,0.276
221,,0.6,0.6,0.6,0.6,0.6,0.226,0.05,0.226
222,,0.55,0.55,0.55,0.55,0.55,0.176,0.0,0.176
223,,0.5,0.5,0.5,0.5,0.5,0.126,-0.05,0.126
224,7,0.75,0.538,0.45,0.538,0.75,0.588,0.95,0.588
225,7,1.0,0.576,0.4,0.576,1.0,1.0,1.0,1.0
226,,0.95,0.526,0.35,0.526,0.95,0.95,0.95,0.95
227,,0.9,0.476,0.3,0.476,0.9,0.9,0.9,0.9
228,,0.85,0.426,0.25,0.426,0.85,0.85,0.85,0.85
229,,0.8,0.376,0.2,0.376,0.8,0.8,0.8,0.8
230,,0.75,0.326,0.15,0.326,0.75,0.75,0.75,0.75
231,,0.7,0.276,0.1,0.276,0.7,0.7,0.7,0.7
232,,0.65,0.226,0.05,0.226,0.65,0.65,0.65,0.65
233,,0.6,0.176,0.0,0.176,0.6,0.6,0.6,0.6
234,,0.55,0.126,-0.05,0.126,0.55,0.55,0.55,0.55
235,3,0.8,0.588,0.95,0.588,0.8,0.588,0.5,0.588
236,3,1.0,1.0,1.0,1.0,1.0,0.626,0.45,0.626
237,,0.95,0.95,0.95,0.95,0.95,0.576,0.4,0.576
238,,0.9,0.9,0.9,0.9,0.9,0.526,0.35,0.526
239,,0.85,0.85,0.85,0.85,0.85,0.476,0.3,0.476
240,,0.8,0.8,0.8,0.8,0.8,0.426,0.25,0.426
241,,0.75,0.75,0.75,0.75,0.75,0.376,0.2,0.376
242,,0.7,0.7,0.7,0.7,0.7,0.326,0.15,0.326
243,,0.65,0.65,0.65,0.65,0.65,0.276,0.1,0.276
244,,0.6,0.6,0.6,0.6,0.6,0.226,0.05,0.226
245,,0.55,0.55,0.55,0.55,0.55,0.176,0.0,0.176
246,,0.5,0.5,0.5,0.5,0.5,0.126,-0.05,0.126
247,7,0.75,0.538,0.45,0.538,0.75,0.588,0.95,0.588
248,7,1.0,0.576,0.4,0.576,1.0,1.0,1.0,1.0
249,,0.95,0.526,0.35,0.526,0.95,0.95,0.95,0.95
250,,0.9,0.476,0.3,0.476,0.9,0.9,0.9,0.9
251,,0.85,0.426,0.25,0.426,0.85,0.85,0.85,0.85
252,,0.8,0.376,0.2,0.376,0.8,0.8,0.8,0.8
253,,0.75,0.326,0.15,0.326,0.75,0.75,0.75,0.75
254,,0.7,0.276,0.1,0.276,0.7,0.7,0.7,0.7
255,,0.65,0.226,0.05,0.226,0.65,0.65,0.65,0.65
256,,0.6,0.176,0.0,0.176,0.6,0.6,0.6,0.6
257,,0.55,0.126,-0.05,0.126,0.55,0.55,0.55,0.55
258,3,0.8,0.588,0.95,0.588,0.8,0.588,0.5,0.588
259,3,1.0,1.0,1.0,1.0,1.0,0.626,0.45,0.626
260,,0.95,0.95,0.95,0.95,0.95,0.576,0.4,0.576
261,,0.9,0.9,0.9,0.9,0.9,0.526,0.35,0.526
262,,0.85,0.85,0.85,0.85,0.85,0.476,0.3,0.476
263,,0.8,0.8,0.8,0.8,0.8,0.426,0.25,0.426
264,,0.75,0.75,0.75,0.75,0.75,0.376,0.2,0.376
265,,0.7,0.7,0.7,0.7,0.7,0.326,0.15,0.326
266,,0.65,0.65,0.65,0.65,0.65,0.276,0.1,0.276
267,,0.6,0.6,0.6,0.6,0.6,0.226,0.05,0.226
268,,0.55,0.55,0.55,0.55,0.55,0.176,0.0,0.176
269,,0.5,0.5,0.5,0.5,0.5,0.126,-0.05,0.126
270,7,0.75,0.538,0.45,0.538,0.75,0.588,0.95,0.588
271,7,1.0,0.576,0.4,0.576,1.0,1.0,1.0,1.0
272,,0.95,0.526,0.35,0.526,0.95,0.95,0.95,0.95
273,,0.9,0.476,0.3,0.476,0.9,0.9,0.9,0.9
274,,0.85,0.426,0.25,0.426,0.85,0.85,0.85,0.85
275,,0.8,0.376,0.2,0.376,0.8,0.8,0.8,0.8
276,,0.75,0.326,0.15,0.326,0.75,0.75,0.75,0.75
277,,0.7,0.276,0.1,0.276,0.7,0.7,0.7,0.7
278,,0.65,0.226,0.05,0.226,0.65,0.65,0.65,0.65
279,,0.6,0.176,0.0,0.176,0.6,0.6,0.6,0.6
280,,0.55,0.126,-0.05,0.126,0.55,0.55,0.55,0.55
281,3,0.8,0.588,0.95,0.588,0.8,0.588,0.5,0.588
282,3,1.0,1.0,1.0,1.0,1.0,0.626,0.45,0.626
283,,0.95,0.95,0.95,0.95,0.95,0.576,0.4,0.576
284,,0.9,0.9,0.9,0.9,0.9,0.526,0.35,0.526
285,,0.85,0.85,0.85,0.85,0.85,0.476,0.3,0.476
286,,0.8,0.8,0.8,0.8,0.8,0.426,0.25,0.426
287,,0.75,0.75,0.75,0.75,0.75,0.376,0.2,0.376
288,,0.7,0.7,0.7,0.7,0.7,0.326,0.15,0.326
289,,0.65,0.65,0.65,0.65,0.65,0.276,0.1,0.276
290,,0.6,0.6,0.6,0.6,0.6,0.226,0.05,0.226
291,,0.55,0.55,0.55,0.55,0.55,0.176,0.0,0.176
292,,0.5,0.5,0.5,0.5,0.5,0.126,-0.05,0.126
293,7,0.75,0.538,0.45,0.538,0.75,0.588,0.95,0.588
294,7,1.0,0.576,0.4,0.576,1.0,1.0,1.0,1.0
295,,0.95,0.526,0.35,0.526,0.95,0.95,0.95,0.95
296,,0.9,0.476,0.3,0.476,0.9,0.9,0.9,0.9
297,,0.85,0.426,0.25,0.426,0.85,0.85,0.85,0.85
298,,0.8,0.376,0.2,0.376,0.8,0.8,0.8,0.8
299,,0.75,0.326,0.15,0.326,0.75,0.75,0.75,0.75
300,,0.7,0.276,0.1,0.276,0.7,0.7,0.7,0.7
301,,0.65,0.226,0.05,0.226,0.65,0.65,0.65,0.65
302,,0.6,0.176,0.0,0.176,0.6,0.6,0.6,0.6
303,,0.55,0.126,-0.05,0.126,0.55,0.55,0.55,0.55
304,3,0.8,0.588,0.95,0.588,0.8,0.588,0.5,0.588
305,3,1.0,1.0,1.0,1.0,1.0,0.626,0.45,0.626
306,,0.95,0.95,0.95,0.95,0.95,0.576,0.4,0.576
307,,0.9,0.9,0.9,0.9,0.9,0.526,0.35,0.526
308,,0.85,0.85,0.85,0.85,0.85,0.476,0.3,0.476
309,,0.8,0.8,0.8,0.8,0.8,0.426,0.25,0.426
310,,0.75,0.75,0.75,0.75,0.75,0.376,0.2,0.376
311,,0.7,0.7,0.7,0.7,0.7,0.326,0.15,0.326
312,,0.65,0.65,0.65,0.65,0.65,0.276,0.1,0.276
313,,0.6,0.6,0.6,0.6,0.6,0.226,0.05,0.226
314,,0.55,0.55,0.55,0.55,0.55,0.176,0.0,0.176
315,,0.5,0.5,0.5,0.5,0.5,0.126,-0.05,0.126
316,7,0.75,0.538,0.45,0.538,0.75,0.588,0.95,0.588
317,7,1.0,0.576,0.4,0.576,1.0,1.0,1.0,1.0
318,,0.95,0.526,0.35,0.526,0.95,0.95,0.95,0.95
319,,0.9,0.476,0.3,0.476,0.9,0.9,0.9,0.9
320,,0.85,0.426,0.25,0.426,0.85,0.85,0.85,0.85
321,,0.8,0.376,0.2,0.376,0.8,0.8,0.8,0.8
322,,0.75,0.326,0.15,0.326,0.75,0.75,0.75,0.75
323,,0.7,0.276,0.1,0.276,0.7,0.7,0.7,0.7
324,,0.65,0.226,0.05,0.226,0.65,0.65,0.65,0.65
325,,0.6,0.176,0.0,0.176,0.6,0.6,0.6,0.6
326,,0.55,0.126,-0.05,0.126,0.55,0.55,0.55,0.55
327,3,0.8,0.588,0.95,0.588,0.8,0.588,0.5,0.588
328,3,1.0,1.0,1.0,1.0,1.0,0.626,0.45,0.626
329,,0.95,0.95,0.95,0.95,0.95,0.576,0.4,0.576
330,,0.9,0.9,0.9,0.9,0.9,0.526,0.35,0.526
331,,0.85,0.85,0.85,0.85,0.85,0.476,0.3,0.476
332,,0.8,0.8,0.8,0.8,0.8,0.426,0.25,0.426
333,,0.75,0.75,0.75,0.75,0.75,0.376,0.2,0.376
334,,0.7,0.7,0.7,0.7,0.7,0.326,0.15,0.326
335,,0.65,0.65,0.65,0.65,0.65,0.276,0.1,0.276
336,,0.6,0.6,0.6,0.6,0.6,0.226,0.05,0.226
337,,0.55,0.55,0.55,0.55,0.55,0.176,0.0,0.176
338,,0.5,0.5,0.5,0.5,0.5,0.126,-0.05,0.126
339,7,0.75,0.538,0.45,0.538,0.75,0.588,0.95,0.588
340,7,1.0,0.576,0.4,0.576,1.0,1.0,1.0,1.0
341,,0.95,0.526,0.35,0.526,0.95,0.95,0.95,0.95
342,,0.9,0.476,0.3,0.476,0.9,0.9,0.9,0.9
343,,0.85,0.426,0.25,0.426,0.85,0.85,0.85,0.85
344,,0.8,0.376,0.2,0.376,0.8,0.8,0.8,0.8
345,,0.75,0.326,0.15,0.326,0.75,0.75,0.75,0.75
346,,0.7,0.276,0.1,0.276,0.7,0.7,0.7,0.7
347,,0.65,0.226,0.05,0.226,0.65,0.65,0.65,0.65
348,,0.6,0.176,0.0,0.176,0.6,0.6,0.6,0.6
349,,0.55,0.126,-0.05,0.126,0.55,0.55,0.55,0.55
350,3,0.8,0.588,0.95,0.588,0.8,0.588,0.5,0.588
351,3,1.0,1.0,1.0,1.0,1.0,0.626,0.45,0.626
352,,0.95,0.95,0.95,0.95,0.95,0.576,0.4,0.576
353,,0.9,0.9,0.9,0.9,0.9,0.526,0.35,0.526
354,,0.85,0.85,0.85,0.85,0.85,0.476,0.3,0.476
355,,0.8,0.8,0.8,0.8,0.8,0.426,0.25,0.426
356,,0.75,0.75,0.75,0.75,0.75,0.376,0.2,0.376
357,,0.7,0.7,0.7,0.7,0.7,0.326,0.15,0.326
358,,0.65,0.65,0.65,0.65,0.65,0.276,0.1,0.276
359,,0.6,0.6,0.6,0.6,0.6,0.226,0.05,0.226
360,,0.55,0.55,0.55,0.55,0.55,0.176,0.0,0.176
361,,0.5,0.5,0.5,0.5,0.5,0.126,-0.05,0.126
362,7,0.75,0.538,0.45,0.538,0.75,0.588,0.95,0.588
363,7,1.0,0.576,0.4,0.576,1.0,1.0,1.0,1.0
364,,0.95,0.526,0.35,0.526,0.95,0.95,0.95,0.95
365,,0.9,0.476,0.3,0.476,0.9,0.9,0.9,0.9
366,,0.85,0.426,0.25,0.426,0.85,0.85,0.85,0.85
367,,0.8,0.376,0.2,0.376,0.8,0.8,0.8,0.8
368,,0.75,0.326,0.15,0.326,0.75,0.75,0.75,0.75
369,,0.7,0.276,0.1,0.276,0.7,0.7,0.7,0.7
370,,0.65,0.226,0.05,0.226,0.65,0.65,0.65,0.65
371,,0.6,0.176,0.0,0.176,0.6,0.6,0.6,0.6
372,,0.55,0.126,-0.05,0.126,0.55,0.55,0.55,0.55
373,3,0.8,0.588,0.95,0.588,0.8,0.588,0.5,0.588
374,3,1.0,1.0,1.0,1.0,1.0,0.626,0.45,0.626
375,,0.95,0.95,0.95,0.95,0.95,0.576,0.4,0.576
376,,0.9,0.9,0.9,0.9,0.9,0.526,0.35,0.526
377,,0.85,0.85,0.85,0.85,0.85,0.476,0.3,0.476
378,,0.8,0.8,0.8,0.8,0.8,0.426,0.25,0.426
379,,0.75,0.75,0.75,0.75,0.75,0.376,0.2,0.376
380,,0.7,0.7,0.7,0.7,0.7,0.326,0.15,0.326
381,,0.65,0.65,0.65,0.65,0.65,0.276,0.1,0.276
382,,0.6,0.6,0.6,0.6,0.6,0.226,0.05,0.226
383,,0.55,0.55,0.55,0.55,0.55,0.176,0.0,0.176
384,,0.5,0.5,0.5,0.5,0.5,0.126,-0.05,0.126
385,7,0.75,0.538,0.45,0.538,0.75,0.588,0.95,0.588
386,7,1.0,0.576,0.4,0.576,1.0,1.0,1.0,1.0
387,,0.95,0.526,0.35,0.526,0.95,0.95,0.95,0.95
388,,0.9,0.476,0.3,0.476,0.9,0.9,0.9,0.9
389,,0.85,0.426,0.25,0.426,0.85,0.85,0.85,0.85
390,,0.8,0.376,0.2,0.376,0.8,0.8,0.8,0.8
391,,0.75,0.326,0.15,0.326,0.75,0.75,0.75,0.75
392,,0.7,0.276,0.1,0.276,0.7,0.7,0.7,0.7
393,,0.65,0.226,0.05,0.226,0.65,0.65,0.65,0.65
394,,0.6,0.176,0.0,0.176,0.6,0.6,0.6,0.6
395,,0.55,0.126,-0.05,0.126,0.55,0.55,0.55,0.55
396,3,0.8,0.588,0.95,0.588,0.8,0.588,0.5,0.588
397,3,1.0,1.0,1.0,1.0,1.0,0.626,0.45,0.626
398,,0.95,0.95,0.95,0.95,0.95,0.576,0.4,0.576
399,,0.9,0.9,0.9,0.9,0.9,0.526,0.35,0.526
400,,0.85,0.85,0.85,0.85,0.85,0.476,0.3,0.476
401,,0.8,0.8,0.8,0.8,0.8,0.426,0.25,0.426
402,,0.75,0.75,0.75,0.75,0.75,0.376,0.2,0.376
403,,0.7,0.7,0.7,0.7,0.7,0.326,0.15,0.326
404,,0.65,0.65,0.65,0.65,0.65,0.276,0.1,0.276
405,,0.6,0.6,0.6,0.6,0.6,0.226,0.05,0.226
406,,0.55,0.55,0.55,0.55,0.55,0.176,0.0,0.176
407,,0.5,0.5,0.5,0.5,0.5,0.126,-0.05,0.126
408,7,0.75,0.538,0.45,0.538,0.75,0.588,0.95,0.588
409,7,1.0,0.576,0.4,0.576,1.0,1.0,1.0,1.0
410,,0.95,0.526,0.35,0.526,0.95,0.95,0.95,0.95
411,,0.9,0.476,0.3,0.476,0.9,0.9,0.9,0.9
412,,0.85,0.426,0.25,0.426,0.85,0.85,0.85,0.85
413,,0.8,0.376,0.2,0.376,0.8,0.8,0.8,0.8
414,,0.75,0.326,0.15,0.326,0.75,0.75,0.75,0.75
415,,0.7,0.276,0.1,0.276,0.7,0.7,0.7,0.7
416,,0.65,0.226,0.05,0.226,0.65,0.65,0.65,0.65
417,,0.6,0.176,0.0,0.176,0.6,0.6,0.6,0.6
418,,0.55,0.126,-0.05,0.126,0.55,0.55,0.55,0.55
419,3,0.8,0.588,0.95,0.588,0.8,0.588,0.5,0.588
420,3,1.0,1.0,1.0,1.0,1.0,0.626,0.45,0.626
421,,0.95,0.95,0.95,0.95,0.95,0.576,0.4,0.576
422,,0.9,0.9,0.9,0.9,0.9,0.526,0.35,0.526
423,,0.85,0.85,0.85,0.85,0.85,0.476,0.3,0.476
424,,0.8,0.8,0.8,0.8,0.8,0.426,0.25,0.426
425,,0.75,0.75,0.75,0.75,0.75,0.376,0.2,0.376
426,,0.7,0.7,0.7,0.7,0.7,0.326,0.15,0.326
427,,0.65,0.65,0.65,0.65,0.65,0.276,0.1,0.276
428,,0.6,0.6,0.6,0.6,0.6,0.226,0.05,0.226
429,,0.55,0.55,0.55,0.55,0.55,0.176,0.0,0.176
430,,0.5,0.5,0.5,0.5,0.5,0.126,-0.05,0.126
431,7,0.75,0.538,0.45,0.538,0.75,0.588,0.95,0.588
432,7,1.0,0.576,0.4,0.576,1.0,1.0,1.0,1.0
433,,0.95,0.526,0.35,0.526,0.95,0.95,0.95,0.95
434,,0.9,0.476,0.3,0.476,0.9,0.9,0.9,0.9
435,,0.85,0.426,0.25,0.426,0.85,0.85,0.85,0.85
436,,0.8,0.376,0.2,0.376,0.8,0.8,0.8,0.8
437,,0.75,0.326,0.15,0.326,0.75,0.75,0.75,0.75
438,,0.7,0.276,0.1,0.276,0.7,0.7,0.7,0.7
439,,0.65,0.226,0.05,0.226,0.65,0.65,0.65,0.65
440,,0.6,0.176,0.0,0.176,0.6,0.6,0.6,0.6
441,,0.55,0.126,-0.05,0.126,0.55,0.55,0.55,0.55
442,3,0.8,0.588,0.95,0.588,0.8,0.588,0.5,0.588
443,3,1.0,1.0,1.0,1.0,1.0,0.626,0.45,0.626
444,,0.95,0.95,0.95,0.95,0.95,0.576,0.4,0.576
445,,0.9,0.9,0.9,0.9,0.9,0.526,0.35,0.526
446,,0.85,0.85,0.85,0.85,0.85,0.476,0.3,0.476
447,,0.8,0.8,0.8,0.8,0.8,0.426,0.25,0.426
448,,0.75,0.75,0.75,0.75,0.75,0.376,0.2,0.376
449,,0.7,0.7,0.7,0.7,0.7,0.326,0.15,0.326
450,,0.65,0.65,0.65,0.65,0.65,0.276,0.1,0.276
451,,0.6,0.6,0.6,0.6,0.6,0.226,0.05,0.226
452,,0.55,0.55,0.55,0.55,0.55,0.176,0.0,0.176
453,,0.5,0.5,0.5,0.5,0.5,0.126,-0.05,0.126
454,7,0.75,0.538,0.45,0.538,0.75,0.588,0.95,0.588
455,7,1.0,0.576,0.4,0.576,1.0,1.0,1.0,1.0
456,,0.95,0.526,0.35,0.526,0.95,0.95,0.95,0.95
457,,0.9,0.476,0.3,0.476,0.9,0.9,0.9,0.9
458,,0.85,0.426,0.25,0.426,0.85,0.85,0.85,0.85
459,,0.8,0.376,0.2,0.376,0.8,0.8,0.8,0.8
460,,0.75,0.326,0.15,0.326,0.75,0.75,0.75,0.75
461,,0.7,0.276,0.1,0.276,0.7,0.7,0.7,0.7
462,,0.65,0.226,0.05,0.226,0.65,0.65,0.65,0.65
463,,0.6,0.176,0.0,0.176,0.6,0.6,0.6,0.6
464,,0.55,0.126,-0.05,0.126,0.55,0.55,0.55,0.55
465,3,0.8,0.588,0.95,0.588,0.8,0.588,0.5,0.588
466,3,1.0,1.0,1.0,1.0,1.0,0.626,0.45,0.626
467,,0.95,0.95,0.95,0.95,0.95,0.576,0.4,0.576
468,,0.9,0.9,0.9,0.9,0.9,0.526,0.35,0.526
469,,0.85,0.85,0.85,0.85,0.85,0.476,0.3,0.476
470,,0.8,0.8,0.8,0.8,0.8,0.426,0.25,0.426
471,,0.75,0.75,0.75,0.75,0.75,0.376,0.2,0.376
472,,0.7,0.7,0.7,0.7,0.7,0.326,0.15,0.326
473,,0.65,0.65,0.65,0.65,0.65,0.276,0.1,0.276
474,,0.6,0.6,0.6,0.6,0.6,0.226,0.05,0.226
475,,0.55,0.55,0.55,0.55,0.55,0.176,0.0,0.176
476,,0.5,0.5,0.5,0.5,0.5,0.126,-0.05,0.126
477,7,0.75,0.538,0.45,0.538,0.75,0.588,0.95,0.588
478,7,1.0,0.576,0.4,0.576,1.0,1.0,1.0,1.0
479,,0.95,0.526,0.35,0.526,0.95,0.95,0.95,0.95
480,,0.9,0.476,0.3,0.476,0.9,0.9,0.9,0.9
481,,0.85,0.426,0.25,0.426,0.85,0.85,0.85,0.85
482,,0.8,0.376,0.2,0.376,0.8,0.8,0.8,0.8
483,,0.75,0.326,0.15,0.326,0.75,0.75,0.75,0.75
484,,0.7,0.276,0.1,0.276,0.7,0.7,0.7,0.7
485,,0.65,0.226,0.05,0.226,0.65,0.65,0.65,0.65
486,,0.6,0.176,0.0,0.176,0.6,0.6,0.6,0.6
487,,0.55,0.126,-0.05,0.126,0.55,0.55,0.55,0.55
488,3,0.8,0.588,0.95,0.588,0.8,0.588,0.5,0.588
489,3,1.0,1.0,1.0,1.0,1.0,0.626,0.45,0.626
490,,0.95,0.95,0.95,0.95,0.95,0.576,0.4,0.576
491,,0.9,0.9,0.9,0.9,0.9,0.526,0.35,0.526
492,,0.85,0.85,0.85,0.85,0.85,0.476,0.3,0.476
493,,0.8,0.8,0.8,0.8,0.8,0.426,0.25,0.426
494,,0.75,0.75,0.75,0.75,0.75,0.376,0.2,0.376
495,,0.7,0.7,0.7,0.7,0.7,0.326,0.15,0.326
496,,0.65,0.65,0.65,0.65,0.65,0.276,0.1,0.276
497,,0.6,0.6,0.6,0.6,0.6,0.226,0.05,0.226
498,,0.55,0.55,0.55,0.55,0.55,0.176,0.0,0.176
499,,0.5,0.5,0.5,0.5,0.5,0.126,-0.05,0.126
