step,active_motive,motive_1,motive_2,motive_3,motive_4,motive_5,motive_6,motive_7,motive_8
0,,0.03883,0.30327,0.53708,0.32665,0.82787,0.27154,0.96525,0.45727
1,,-0.06117,0.20327,0.43708,0.22665,0.72787,0.17154,0.86525,0.35727
2,1,0.93883,0.54427,0.63708,0.28565,0.72787,0.23054,1.0,0.69827
3,1,1.0,0.88527,0.83708,0.34465,0.72787,0.28954,1.0,1.0
4,,0.9,0.78527,0.73708,0.24465,0.62787,0.18954,0.9,0.9
5,,0.8,0.68527,0.63708,0.14465,0.52787,0.08954,0.8,0.8
6,,0.7,0.58527,0.53708,0.04465,0.42787,-0.01046,0.7,0.7
7,6,0.759,0.58527,0.59608,0.24465,0.76887,0.98954,1.0,0.9
8,6,0.818,0.58527,0.65508,0.44465,1.0,1.0,1.0,1.0
9,,0.718,0.48527,0.55508,0.34465,0.9,0.9,0.9,0.9
10,,0.618,0.38527,0.45508,0.24465,0.8,0.8,0.8,0.8
11,,0.518,0.28527,0.35508,0.14465,0.7,0.7,0.7,0.7
12,,0.418,0.18527,0.25508,0.04465,0.6,0.6,0.6,0.6
13,,0.318,0.08527,0.15508,-0.05535,0.5,0.5,0.5,0.5
14,4,0.377,0.28527,0.49608,0.94465,0.841,0.7,0.559,0.5
15,4,0.436,0.48527,0.83708,1.0,1.0,0.9,0.618,0.5
16,,0.336,0.38527,0.73708,0.9,0.9,0.8,0.518,0.4
17,,0.236,0.28527,0.63708,0.8,0.8,0.7,0.418,0.3
18,,0.136,0.18527,0.53708,0.7,0.7,0.6,0.318,0.2
19,,0.036,0.08527,0.43708,0.6,0.6,0.5,0.218,0.1
20,,-0.064,-0.01473,0.33708,0.5,0.5,0.4,0.118,0.0
21,1,0.936,0.32627,0.53708,0.559,0.5,0.459,0.318,0.341
22,1,1.0,0.66727,0.73708,0.618,0.5,0.518,0.518,0.682
23,,0.9,0.56727,0.63708,0.518,0.4,0.418,0.418,0.582
24,,0.8,0.46727,0.53708,0.418,0.3,0.318,0.318,0.482
25,,0.7,0.36727,0.43708,0.318,0.2,0.218,0.218,0.382
26,,0.6,0.26727,0.33708,0.218,0.1,0.118,0.118,0.282
27,,0.5,0.16727,0.23708,0.118,0.0,0.018,0.018,0.182
28,,0.4,0.06727,0.13708,0.018,-0.1,-0.082,-0.082,0.082
29,5,0.4,0.12627,0.33708,0.359,0.9,0.259,0.118,0.141
30,5,0.4,0.18527,0.53708,0.7,1.0,0.6,0.318,0.2
31,,0.3,0.08527,0.43708,0.6,0.9,0.5,0.218,0.1
32,,0.2,-0.01473,0.33708,0.5,0.8,0.4,0.118,0.0
33,2,0.541,0.98527,0.67808,0.7,0.859,0.4,0.177,0.2
34,2,0.882,1.0,1.0,0.9,0.918,0.4,0.236,0.4
35,,0.782,0.9,0.9,0.8,0.818,0.3,0.136,0.3
36,,0.682,0.8,0.8,0.7,0.718,0.2,0.036,0.2
37,,0.582,0.7,0.7,0.6,0.618,0.1,-0.064,0.1
38,7,0.782,0.759,0.7,0.659,0.818,0.441,0.936,0.441
39,7,0.982,0.818,0.7,0.718,1.0,0.782,1.0,0.782
40,,0.882,0.718,0.6,0.618,0.9,0.682,0.9,0.682
41,,0.782,0.618,0.5,0.518,0.8,0.582,0.8,0.582
42,,0.682,0.518,0.4,0.418,0.7,0.482,0.7,0.482
43,,0.582,0.418,0.3,0.318,0.6,0.382,0.6,0.382
44,,0.482,0.318,0.2,0.218,0.5,0.282,0.5,0.282
45,,0.382,0.218,0.1,0.118,0.4,0.182,0.4,0.182
46,,0.282,0.118,0.0,0.018,0.3,0.082,0.3,0.082
47,,0.182,0.018,-0.1,-0.082,0.2,-0.018,0.2,-0.018
48,3,0.382,0.359,0.9,0.259,0.4,0.041,0.2,0.041
49,3,0.582,0.7,1.0,0.6,0.6,0.1,0.2,0.1
50,,0.482,0.6,0.9,0.5,0.5,0.0,0.1,0.0
51,,0.382,0.5,0.8,0.4,0.4,-0.1,0.0,-0.1
52,8,0.723,0.7,0.859,0.4,0.459,0.1,0.341,0.9
53,8,1.0,0.9,0.918,0.4,0.518,0.3,0.682,1.0
54,,0.9,0.8,0.818,0.3,0.418,0.2,0.582,0.9
55,,0.8,0.7,0.718,0.2,0.318,0.1,0.482,0.8
56,,0.7,0.6,0.618,0.1,0.218,0.0,0.382,0.7
57,,0.6,0.5,0.518,0.0,0.118,-0.1,0.282,0.6
58,6,0.659,0.5,0.577,0.2,0.459,0.9,0.623,0.8
59,6,0.718,0.5,0.636,0.4,0.8,1.0,0.964,1.0
60,,0.618,0.4,0.536,0.3,0.7,0.9,0.864,0.9
61,,0.518,0.3,0.436,0.2,0.6,0.8,0.764,0.8
62,,0.418,0.2,0.336,0.1,0.5,0.7,0.664,0.7
63,,0.318,0.1,0.236,0.0,0.4,0.6,0.564,0.6
64,,0.218,0.0,0.136,-0.1,0.3,0.5,0.464,0.5
65,4,0.277,0.2,0.477,0.9,0.641,0.7,0.523,0.5
66,4,0.336,0.4,0.818,1.0,0.982,0.9,0.582,0.5
67,,0.236,0.3,0.718,0.9,0.882,0.8,0.482,0.4
68,,0.136,0.2,0.618,0.8,0.782,0.7,0.382,0.3
69,,0.036,0.1,0.518,0.7,0.682,0.6,0.282,0.2
70,,-0.064,0.0,0.418,0.6,0.582,0.5,0.182,0.1
71,1,0.936,0.341,0.618,0.659,0.582,0.559,0.382,0.441
72,1,1.0,0.682,0.818,0.718,0.582,0.618,0.582,0.782
73,,0.9,0.582,0.718,0.618,0.482,0.518,0.482,0.682
74,,0.8,0.482,0.618,0.518,0.382,0.418,0.382,0.582
75,,0.7,0.382,0.518,0.418,0.282,0.318,0.282,0.482
76,,0.6,0.282,0.418,0.318,0.182,0.218,0.182,0.382
77,,0.5,0.182,0.318,0.218,0.082,0.118,0.082,0.282
78,,0.4,0.082,0.218,0.118,-0.018,0.018,-0.018,0.182
79,5,0.4,0.141,0.418,0.459,0.982,0.359,0.182,0.241
80,5,0.4,0.2,0.618,0.8,1.0,0.7,0.382,0.3
81,,0.3,0.1,0.518,0.7,0.9,0.6,0.282,0.2
82,,0.2,0.0,0.418,0.6,0.8,0.5,0.182,0.1
83,,0.1,-0.1,0.318,0.5,0.7,0.4,0.082,0.0
84,2,0.441,0.9,0.659,0.7,0.759,0.4,0.141,0.2
85,2,0.782,1.0,1.0,0.9,0.818,0.4,0.2,0.4
86,,0.682,0.9,0.9,0.8,0.718,0.3,0.1,0.3
87,,0.582,0.8,0.8,0.7,0.618,0.2,0.0,0.2
88,,0.482,0.7,0.7,0.6,0.518,0.1,-0.1,0.1
89,7,0.682,0.759,0.7,0.659,0.718,0.441,0.9,0.441
90,7,0.882,0.818,0.7,0.718,0.918,0.782,1.0,0.782
91,,0.782,0.718,0.6,0.618,0.818,0.682,0.9,0.682
92,,0.682,0.618,0.5,0.518,0.718,0.582,0.8,0.582
93,,0.582,0.518,0.4,0.418,0.618,0.482,0.7,0.482
94,,0.482,0.418,0.3,0.318,0.518,0.382,0.6,0.382
95,,0.382,0.318,0.2,0.218,0.418,0.282,0.5,0.282
96,,0.282,0.218,0.1,0.118,0.318,0.182,0.4,0.182
97,,0.182,0.118,0.0,0.018,0.218,0.082,0.3,0.082
98,,0.082,0.018,-0.1,-0.082,0.118,-0.018,0.2,-0.018
99,3,0.282,0.359,0.9,0.259,0.318,0.041,0.2,0.041
100,3,0.482,0.7,1.0,0.6,0.518,0.1,0.2,0.1
101,,0.382,0.6,0.9,0.5,0.418,0.0,0.1,0.0
102,,0.282,0.5,0.8,0.4,0.318,-0.1,0.0,-0.1
103,8,0.623,0.7,0.859,0.4,0.377,0.1,0.341,0.9
104,8,0.964,0.9,0.918,0.4,0.436,0.3,0.682,1.0
105,,0.864,0.8,0.818,0.3,0.336,0.2,0.582,0.9
106,,0.764,0.7,0.718,0.2,0.236,0.1,0.482,0.8
107,,0.664,0.6,0.618,0.1,0.136,0.0,0.382,0.7
108,,0.564,0.5,0.518,0.0,0.036,-0.1,0.282,0.6
109,6,0.623,0.5,0.577,0.2,0.377,0.9,0.623,0.8
110,6,0.682,0.5,0.636,0.4,0.718,1.0,0.964,1.0
111,,0.582,0.4,0.536,0.3,0.618,0.9,0.864,0.9
112,,0.482,0.3,0.436,0.2,0.518,0.8,0.764,0.8
113,,0.382,0.2,0.336,0.1,0.418,0.7,0.664,0.7
114,,0.282,0.1,0.236,0.0,0.318,0.6,0.564,0.6
115,,0.182,0.0,0.136,-0.1,0.218,0.5,0.464,0.5
116,4,0.241,0.2,0.477,0.9,0.559,0.7,0.523,0.5
117,4,0.3,0.4,0.818,1.0,0.9,0.9,0.582,0.5
118,,0.2,0.3,0.718,0.9,0.8,0.8,0.482,0.4
119,,0.1,0.2,0.618,0.8,0.7,0.7,0.382,0.3
120,,0.0,0.1,0.518,0.7,0.6,0.6,0.282,0.2
121,,-0.1,0.0,0.418,0.6,0.5,0.5,0.182,0.1
122,1,0.9,0.341,0.618,0.659,0.5,0.559,0.382,0.441
123,1,1.0,0.682,0.818,0.718,0.5,0.618,0.582,0.782
124,,0.9,0.582,0.718,0.618,0.4,0.518,0.482,0.682
125,,0.8,0.482,0.618,0.518,0.3,0.418,0.382,0.582
126,,0.7,0.382,0.518,0.418,0.2,0.318,0.282,0.482
127,,0.6,0.282,0.418,0.318,0.1,0.218,0.182,0.382
128,,0.5,0.182,0.318,0.218,0.0,0.118,0.082,0.282
129,,0.4,0.082,0.218,0.118,-0.1,0.018,-0.018,0.182
130,5,0.4,0.141,0.418,0.459,0.9,0.359,0.182,0.241
131,5,0.4,0.2,0.618,0.8,1.0,0.7,0.382,0.3
132,,0.3,0.1,0.518,0.7,0.9,0.6,0.282,0.2
133,,0.2,0.0,0.418,0.6,0.8,0.5,0.182,0.1
134,,0.1,-0.1,0.318,0.5,0.7,0.4,0.082,0.0
135,2,0.441,0.9,0.659,0.7,0.759,0.4,0.141,0.2
136,2,0.782,1.0,1.0,0.9,0.818,0.4,0.2,0.4
137,,0.682,0.9,0.9,0.8,0.718,0.3,0.1,0.3
138,,0.582,0.8,0.8,0.7,0.618,0.2,0.0,0.2
139,,0.482,0.7,0.7,0.6,0.518,0.1,-0.1,0.1
140,7,0.682,0.759,0.7,0.659,0.718,0.441,0.9,0.441
141,7,0.882,0.818,0.7,0.718,0.918,0.782,1.0,0.782
142,,0.782,0.718,0.6,0.618,0.818,0.682,0.9,0.682
143,,0.682,0.618,0.5,0.518,0.718,0.582,0.8,0.582
144,,0.582,0.518,0.4,0.418,0.618,0.482,0.7,0.482
145,,0.482,0.418,0.3,0.318,0.518,0.382,0.6,0.382
146,,0.382,0.318,0.2,0.218,0.418,0.282,0.5,0.282
147,,0.282,0.218,0.1,0.118,0.318,0.182,0.4,0.182
148,,0.182,0.118,0.0,0.018,0.218,0.082,0.3,0.082
149,,0.082,0.018,-0.1,-0.082,0.118,-0.018,0.2,-0.018
150,3,0.282,0.359,0.9,0.259,0.318,0.041,0.2,0.041
151,3,0.482,0.7,1.0,0.6,0.518,0.1,0.2,0.1
152,,0.382,0.6,0.9,0.5,0.418,0.0,0.1,0.0
153,,0.282,0.5,0.8,0.4,0.318,-0.1,0.0,-0.1
154,8,0.623,0.7,0.859,0.4,0.377,0.1,0.341,0.9
155,8,0.964,0.9,0.918,0.4,0.436,0.3,0.682,1.0
156,,0.864,0.8,0.818,0.3,0.336,0.2,0.582,0.9
157,,0.764,0.7,0.718,0.2,0.236,0.1,0.482,0.8
158,,0.664,0.6,0.618,0.1,0.136,0.0,0.382,0.7
159,,0.564,0.5,0.518,0.0,0.036,-0.1,0.282,0.6
160,6,0.623,0.5,0.577,0.2,0.377,0.9,0.623,0.8
161,6,0.682,0.5,0.636,0.4,0.718,1.0,0.964,1.0
162,,0.582,0.4,0.536,0.3,0.618,0.9,0.864,0.9
163,,0.482,0.3,0.436,0.2,0.518,0.8,0.764,0.8
164,,0.382,0.2,0.336,0.1,0.418,0.7,0.664,0.7
165,,0.282,0.1,0.236,0.0,0.318,0.6,0.564,0.6
166,,0.182,0.0,0.136,-0.1,0.218,0.5,0.464,0.5
167,4,0.241,0.2,0.477,0.9,0.559,0.7,0.523,0.5
168,4,0.3,0.4,0.818,1.0,0.9,0.9,0.582,0.5
169,,0.2,0.3,0.718,0.9,0.8,0.8,0.482,0.4
170,,0.1,0.2,0.618,0.8,0.7,0.7,0.382,0.3
171,,0.0,0.1,0.518,0.7,0.6,0.6,0.282,0.2
172,,-0.1,0.0,0.418,0.6,0.5,0.5,0.182,0.1
173,1,0.9,0.341,0.618,0.659,0.5,0.559,0.382,0.441
174,1,1.0,0.682,0.818,0.718,0.5,0.618,0.582,0.782
175,,0.9,0.582,0.718,0.618,0.4,0.518,0.482,0.682
176,,0.8,0.482,0.618,0.518,0.3,0.418,0.382,0.582
177,,0.7,0.382,0.518,0.418,0.2,0.318,0.282,0.482
178,,0.6,0.282,0.418,0.318,0.1,0.218,0.182,0.382
179,,0.5,0.182,0.318,0.218,0.0,0.118,0.082,0.282
180,,0.4,0.082,0.218,0.118,-0.1,0.018,-0.018,0.182
181,5,0.4,0.141,0.418,0.459,0.9,0.359,0.182,0.241
182,5,0.4,0.2,0.618,0.8,1.0,0.7,0.382,0.3
183,,0.3,0.1,0.518,0.7,0.9,0.6,0.282,0.2
184,,0.2,0.0,0.418,0.6,0.8,0.5,0.182,0.1
185,,0.1,-0.1,0.318,0.5,0.7,0.4,0.082,0.0
186,2,0.441,0.9,0.659,0.7,0.759,0.4,0.141,0.2
187,2,0.782,1.0,1.0,0.9,0.818,0.4,0.2,0.4
188,,0.682,0.9,0.9,0.8,0.718,0.3,0.1,0.3
189,,0.582,0.8,0.8,0.7,0.618,0.2,0.0,0.2
190,,0.482,0.7,0.7,0.6,0.518,0.1,-0.1,0.1
191,7,0.682,0.759,0.7,0.659,0.718,0.441,0.9,0.441
192,7,0.882,0.818,0.7,0.718,0.918,0.782,1.0,0.782
193,,0.782,0.718,0.6,0.618,0.818,0.682,0.9,0.682
194,,0.682,0.618,0.5,0.518,0.718,0.582,0.8,0.582
195,,0.582,0.518,0.4,0.418,0.618,0.482,0.7,0.482
196,,0.482,0.418,0.3,0.318,0.518,0.382,0.6,0.382
197,,0.382,0.318,0.2,0.218,0.418,0.282,0.5,0.282
198,,0.282,0.218,0.1,0.118,0.318,0.182,0.4,0.182
199,,0.182,0.118,0.0,0.018,0.218,0.082,0.3,0.082
200,,0.082,0.018,-0.1,-0.082,0.118,-0.018,0.2,-0.018
201,3,0.282,0.359,0.9,0.259,0.318,0.041,0.2,0.041
202,3,0.482,0.7,1.0,0.6,0.518,0.1,0.2,0.1
203,,0.382,0.6,0.9,0.5,0.418,0.0,0.1,0.0
204,,0.282,0.5,0.8,0.4,0.318,-0.1,0.0,-0.1
205,8,0.623,0.7,0.859,0.4,0.377,0.1,0.341,0.9
206,8,0.964,0.9,0.918,0.4,0.436,0.3,0.682,1.0
207,,0.864,0.8,0.818,0.3,0.336,0.2,0.582,0.9
208,,0.764,0.7,0.718,0.2,0.236,0.1,0.482,0.8
209,,0.664,0.6,0.618,0.1,0.136,0.0,0.382,0.7
210,,0.564,0.5,0.518,0.0,0.036,-0.1,0.282,0.6
211,6,0.623,0.5,0.577,0.2,0.377,0.9,0.623,0.8
212,6,0.682,0.5,0.636,0.4,0.718,1.0,0.964,1.0
213,,0.582,0.4,0.536,0.3,0.618,0.9,0.864,0.9
214,,0.482,0.3,0.436,0.2,0.518,0.8,0.764,0.8
215,,0.382,0.2,0.336,0.1,0.418,0.7,0.664,0.7
216,,0.282,0.1,0.236,0.0,0.318,0.6,0.564,0.6
217,,0.182,0.0,0.136,-0.1,0.218,0.5,0.464,0.5
218,4,0.241,0.2,0.477,0.9,0.559,0.7,0.523,0.5
219,4,0.3,0.4,0.818,1.0,0.9,0.9,0.582,0.5
220,,0.2,0.3,0.718,0.9,0.8,0.8,0.482,0.4
221,,0.1,0.2,0.618,0.8,0.7,0.7,0.382,0.3
222,,0.0,0.1,0.518,0.7,0.6,0.6,0.282,0.2
223,,-0.1,0.0,0.418,0.6,0.5,0.5,0.182,0.1
224,1,0.9,0.341,0.618,0.659,0.5,0.559,0.382,0.441
225,1,1.0,0.682,0.818,0.718,0.5,0.618,0.582,0.782
226,,0.9,0.582,0.718,0.618,0.4,0.518,0.482,0.682
227,,0.8,0.482,0.618,0.518,0.3,0.418,0.382,0.582
228,,0.7,0.382,0.518,0.418,0.2,0.318,0.282,0.482
229,,0.6,0.282,0.418,0.318,0.1,0.218,0.182,0.382
230,,0.5,0.182,0.318,0.218,0.0,0.118,0.082,0.282
231,,0.4,0.082,0.218,0.118,-0.1,0.018,-0.018,0.182
232,5,0.4,0.141,0.418,0.459,0.9,0.359,0.182,0.241
233,5,0.4,0.2,0.618,0.8,1.0,0.7,0.382,0.3
234,,0.3,0.1,0.518,0.7,0.9,0.6,0.282,0.2
235,,0.2,0.0,0.418,0.6,0.8,0.5,0.182,0.1
236,,0.1,-0.1,0.318,0.5,0.7,0.4,0.082,0.0
237,2,0.441,0.9,0.659,0.7,0.759,0.4,0.141,0.2
238,2,0.782,1.0,1.0,0.9,0.818,0.4,0.2,0.4
239,,0.682,0.9,0.9,0.8,0.718,0.3,0.1,0.3
240,,0.582,0.8,0.8,0.7,0.618,0.2,0.0,0.2
241,,0.482,0.7,0.7,0.6,0.518,0.1,-0.1,0.1
242,7,0.682,0.759,0.7,0.659,0.718,0.441,0.9,0.441
243,7,0.882,0.818,0.7,0.718,0.918,0.782,1.0,0.782
244,,0.782,0.718,0.6,0.618,0.818,0.682,0.9,0.682
245,,0.682,0.618,0.5,0.518,0.718,0.582,0.8,0.582
246,,0.582,0.518,0.4,0.418,0.618,0.482,0.7,0.482
247,,0.482,0.418,0.3,0.318,0.518,0.382,0.6,0.382
248,,0.382,0.318,0.2,0.218,0.418,0.282,0.5,0.282
249,,0.282,0.218,0.1,0.118,0.318,0.182,0.4,0.182
250,,0.182,0.118,0.0,0.018,0.218,0.082,0.3,0.082
251,,0.082,0.018,-0.1,-0.082,0.118,-0.018,0.2,-0.018
252,3,0.282,0.359,0.9,0.259,0.318,0.041,0.2,0.041
253,3,0.482,0.7,1.0,0.6,0.518,0.1,0.2,0.1
254,,0.382,0.6,0.9,0.5,0.418,0.0,0.1,0.0
255,,0.282,0.5,0.8,0.4,0.318,-0.1,0.0,-0.1
256,6,0.341,0.5,0.859,0.6,0.659,0.9,0.341,0.1
257,6,0.4,0.5,0.918,0.8,1.0,1.0,0.682,0.3
258,,0.3,0.4,0.818,0.7,0.9,0.9,0.582,0.2
259,,0.2,0.3,0.718,0.6,0.8,0.8,0.482,0.1
260,,0.1,0.2,0.618,0.5,0.7,0.7,0.382,0.0
261,,0.0,0.1,0.518,0.4,0.6,0.6,0.282,-0.1
262,8,0.341,0.3,0.577,0.4,0.659,0.8,0.623,0.9
263,8,0.682,0.5,0.636,0.4,0.718,1.0,0.964,1.0
264,,0.582,0.4,0.536,0.3,0.618,0.9,0.864,0.9
265,,0.482,0.3,0.436,0.2,0.518,0.8,0.764,0.8
266,,0.382,0.2,0.336,0.1,0.418,0.7,0.664,0.7
267,,0.282,0.1,0.236,0.0,0.318,0.6,0.564,0.6
268,,0.182,0.0,0.136,-0.1,0.218,0.5,0.464,0.5
269,4,0.241,0.2,0.477,0.9,0.559,0.7,0.523,0.5
270,4,0.3,0.4,0.818,1.0,0.9,0.9,0.582,0.5
271,,0.2,0.3,0.718,0.9,0.8,0.8,0.482,0.4
272,,0.1,0.2,0.618,0.8,0.7,0.7,0.382,0.3
273,,0.0,0.1,0.518,0.7,0.6,0.6,0.282,0.2
274,,-0.1,0.0,0.418,0.6,0.5,0.5,0.182,0.1
275,1,0.9,0.341,0.618,0.659,0.5,0.559,0.382,0.441
276,1,1.0,0.682,0.818,0.718,0.5,0.618,0.582,0.782
277,,0.9,0.582,0.718,0.618,0.4,0.518,0.482,0.682
278,,0.8,0.482,0.618,0.518,0.3,0.418,0.382,0.582
279,,0.7,0.382,0.518,0.418,0.2,0.318,0.282,0.482
280,,0.6,0.282,0.418,0.318,0.1,0.218,0.182,0.382
281,,0.5,0.182,0.318,0.218,0.0,0.118,0.082,0.282
282,,0.4,0.082,0.218,0.118,-0.1,0.018,-0.018,0.182
283,5,0.4,0.141,0.418,0.459,0.9,0.359,0.182,0.241
284,5,0.4,0.2,0.618,0.8,1.0,0.7,0.382,0.3
285,,0.3,0.1,0.518,0.7,0.9,0.6,0.282,0.2
286,,0.2,0.0,0.418,0.6,0.8,0.5,0.182,0.1
287,,0.1,-0.1,0.318,0.5,0.7,0.4,0.082,0.0
288,2,0.441,0.9,0.659,0.7,0.759,0.4,0.141,0.2
289,2,0.782,1.0,1.0,0.9,0.818,0.4,0.2,0.4
290,,0.682,0.9,0.9,0.8,0.718,0.3,0.1,0.3
291,,0.582,0.8,0.8,0.7,0.618,0.2,0.0,0.2
292,,0.482,0.7,0.7,0.6,0.518,0.1,-0.1,0.1
293,7,0.682,0.759,0.7,0.659,0.718,0.441,0.9,0.441
294,7,0.882,0.818,0.7,0.718,0.918,0.782,1.0,0.782
295,,0.782,0.718,0.6,0.618,0.818,0.682,0.9,0.682
296,,0.682,0.618,0.5,0.518,0.718,0.582,0.8,0.582
297,,0.582,0.518,0.4,0.418,0.618,0.482,0.7,0.482
298,,0.482,0.418,0.3,0.318,0.518,0.382,0.6,0.382
299,,0.382,0.318,0.2,0.218,0.418,0.282,0.5,0.282
300,,0.282,0.218,0.1,0.118,0.318,0.182,0.4,0.182
301,,0.182,0.118,0.0,0.018,0.218,0.082,0.3,0.082
302,,0.082,0.018,-0.1,-0.082,0.118,-0.018,0.2,-0.018
303,3,0.282,0.359,0.9,0.259,0.318,0.041,0.2,0.041
304,3,0.482,0.7,1.0,0.6,0.518,0.1,0.2,0.1
305,,0.382,0.6,0.9,0.5,0.418,0.0,0.1,0.0
306,,0.282,0.5,0.8,0.4,0.318,-0.1,0.0,-0.1
307,6,0.341,0.5,0.859,0.6,0.659,0.9,0.341,0.1
308,6,0.4,0.5,0.918,0.8,1.0,1.0,0.682,0.3
309,,0.3,0.4,0.818,0.7,0.9,0.9,0.582,0.2
310,,0.2,0.3,0.718,0.6,0.8,0.8,0.482,0.1
311,,0.1,0.2,0.618,0.5,0.7,0.7,0.382,0.0
312,,0.0,0.1,0.518,0.4,0.6,0.6,0.282,-0.1
313,8,0.341,0.3,0.577,0.4,0.659,0.8,0.623,0.9
314,8,0.682,0.5,0.636,0.4,0.718,1.0,0.964,1.0
315,,0.582,0.4,0.536,0.3,0.618,0.9,0.864,0.9
316,,0.482,0.3,0.436,0.2,0.518,0.8,0.764,0.8
317,,0.382,0.2,0.336,0.1,0.418,0.7,0.664,0.7
318,,0.282,0.1,0.236,0.0,0.318,0.6,0.564,0.6
319,,0.182,0.0,0.136,-0.1,0.218,0.5,0.464,0.5
320,4,0.241,0.2,0.477,0.9,0.559,0.7,0.523,0.5
321,4,0.3,0.4,0.818,1.0,0.9,0.9,0.582,0.5
322,,0.2,0.3,0.718,0.9,0.8,0.8,0.482,0.4
323,,0.1,0.2,0.618,0.8,0.7,0.7,0.382,0.3
324,,0.0,0.1,0.518,0.7,0.6,0.6,0.282,0.2
325,,-0.1,0.0,0.418,0.6,0.5,0.5,0.182,0.1
326,1,0.9,0.341,0.618,0.659,0.5,0.559,0.382,0.441
327,1,1.0,0.682,0.818,0.718,0.5,0.618,0.582,0.782
328,,0.9,0.582,0.718,0.618,0.4,0.518,0.482,0.682
329,,0.8,0.482,0.618,0.518,0.3,0.418,0.382,0.582
330,,0.7,0.382,0.518,0.418,0.2,0.318,0.282,0.482
331,,0.6,0.282,0.418,0.318,0.1,0.218,0.182,0.382
332,,0.5,0.182,0.318,0.218,0.0,0.118,0.082,0.282
333,,0.4,0.082,0.218,0.118,-0.1,0.018,-0.018,0.182
334,5,0.4,0.141,0.418,0.459,0.9,0.359,0.182,0.241
335,5,0.4,0.2,0.618,0.8,1.0,0.7,0.382,0.3
336,,0.3,0.1,0.518,0.7,0.9,0.6,0.282,0.2
337,,0.2,0.0,0.418,0.6,0.8,0.5,0.182,0.1
338,,0.1,-0.1,0.318,0.5,0.7,0.4,0.082,0.0
339,2,0.441,0.9,0.659,0.7,0.759,0.4,0.141,0.2
340,2,0.782,1.0,1.0,0.9,0.818,0.4,0.2,0.4
341,,0.682,0.9,0.9,0.8,0.718,0.3,0.1,0.3
342,,0.582,0.8,0.8,0.7,0.618,0.2,0.0,0.2
343,,0.482,0.7,0.7,0.6,0.518,0.1,-0.1,0.1
344,7,0.682,0.759,0.7,0.659,0.718,0.441,0.9,0.441
345,7,0.882,0.818,0.7,0.718,0.918,0.782,1.0,0.782
346,,0.782,0.718,0.6,0.618,0.818,0.682,0.9,0.682
347,,0.682,0.618,0.5,0.518,0.718,0.582,0.8,0.582
348,,0.582,0.518,0.4,0.418,0.618,0.482,0.7,0.482
349,,0.482,0.418,0.3,0.318,0.518,0.382,0.6,0.382
350,,0.382,0.318,0.2,0.218,0.418,0.282,0.5,0.282
351,,0.282,0.218,0.1,0.118,0.318,0.182,0.4,0.182
352,,0.182,0.118,0.0,0.018,0.218,0.082,0.3,0.082
353,,0.082,0.018,-0.1,-0.082,0.118,-0.018,0.2,-0.018
354,3,0.282,0.359,0.9,0.259,0.318,0.041,0.2,0.041
355,3,0.482,0.7,1.0,0.6,0.518,0.1,0.2,0.1
356,,0.382,0.6,0.9,0.5,0.418,0.0,0.1,0.0
357,,0.282,0.5,0.8,0.4,0.318,-0.1,0.0,-0.1
358,6,0.341,0.5,0.859,0.6,0.659,0.9,0.341,0.1
359,6,0.4,0.5,0.918,0.8,1.0,1.0,0.682,0.3
360,,0.3,0.4,0.818,0.7,0.9,0.9,0.582,0.2
361,,0.2,0.3,0.718,0.6,0.8,0.8,0.482,0.1
362,,0.1,0.2,0.618,0.5,0.7,0.7,0.382,0.0
363,,0.0,0.1,0.518,0.4,0.6,0.6,0.282,-0.1
364,8,0.341,0.3,0.577,0.4,0.659,0.8,0.623,0.9
365,8,0.682,0.5,0.636,0.4,0.718,1.0,0.964,1.0
366,,0.582,0.4,0.536,0.3,0.618,0.9,0.864,0.9
367,,0.482,0.3,0.436,0.2,0.518,0.8,0.764,0.8
368,,0.382,0.2,0.336,0.1,0.418,0.7,0.664,0.7
369,,0.282,0.1,0.236,0.0,0.318,0.6,0.564,0.6
370,,0.182,0.0,0.136,-0.1,0.218,0.5,0.464,0.5
371,4,0.241,0.2,0.477,0.9,0.559,0.7,0.523,0.5
372,4,0.3,0.4,0.818,1.0,0.9,0.9,0.582,0.5
373,,0.2,0.3,0.718,0.9,0.8,0.8,0.482,0.4
374,,0.1,0.2,0.618,0.8,0.7,0.7,0.382,0.3
375,,0.0,0.1,0.518,0.7,0.6,0.6,0.282,0.2
376,,-0.1,0.0,0.418,0.6,0.5,0.5,0.182,0.1
377,1,0.9,0.341,0.618,0.659,0.5,0.559,0.382,0.441
378,1,1.0,0.682,0.818,0.718,0.5,0.618,0.582,0.782
379,,0.9,0.582,0.718,0.618,0.4,0.518,0.482,0.682
380,,0.8,0.482,0.618,0.518,0.3,0.418,0.382,0.582
381,,0.7,0.382,0.518,0.418,0.2,0.318,0.282,0.482
382,,0.6,0.282,0.418,0.318,0.1,0.218,0.182,0.382
383,,0.5,0.182,0.318,0.218,0.0,0.118,0.082,0.282
384,,0.4,0.082,0.218,0.118,-0.1,0.018,-0.018,0.182
385,5,0.4,0.141,0.418,0.459,0.9,0.359,0.182,0.241
386,5,0.4,0.2,0.618,0.8,1.0,0.7,0.382,0.3
387,,0.3,0.1,0.518,0.7,0.9,0.6,0.282,0.2
388,,0.2,0.0,0.418,0.6,0.8,0.5,0.182,0.1
389,,0.1,-0.1,0.318,0.5,0.7,0.4,0.082,0.0
390,2,0.441,0.9,0.659,0.7,0.759,0.4,0.141,0.2
391,2,0.782,1.0,1.0,0.9,0.818,0.4,0.2,0.4
392,,0.682,0.9,0.9,0.8,0.718,0.3,0.1,0.3
393,,0.582,0.8,0.8,0.7,0.618,0.2,0.0,0.2
394,,0.482,0.7,0.7,0.6,0.518,0.1,-0.1,0.1
395,7,0.682,0.759,0.7,0.659,0.718,0.441,0.9,0.441
396,7,0.882,0.818,0.7,0.718,0.918,0.782,1.0,0.782
397,,0.782,0.718,0.6,0.618,0.818,0.682,0.9,0.682
398,,0.682,0.618,0.5,0.518,0.718,0.582,0.8,0.582
399,,0.582,0.518,0.4,0.418,0.618,0.482,0.7,0.482
400,,0.482,0.418,0.3,0.318,0.518,0.382,0.6,0.382
401,,0.382,0.318,0.2,0.218,0.418,0.282,0.5,0.282
402,,0.282,0.218,0.1,0.118,0.318,0.182,0.4,0.182
403,,0.182,0.118,0.0,0.018,0.218,0.082,0.3,0.082
404,,0.082,0.018,-0.1,-0.082,0.118,-0.018,0.2,-0.018
405,3,0.282,0.359,0.9,0.259,0.318,0.041,0.2,0.041
406,3,0.482,0.7,1.0,0.6,0.518,0.1,0.2,0.1
407,,0.382,0.6,0.9,0.5,0.418,0.0,0.1,0.0
408,,0.282,0.5,0.8,0.4,0.318,-0.1,0.0,-0.1
409,8,0.623,0.7,0.859,0.4,0.377,0.1,0.341,0.9
410,8,0.964,0.9,0.918,0.4,0.436,0.3,0.682,1.0
411,,0.864,0.8,0.818,0.3,0.336,0.2,0.582,0.9
412,,0.764,0.7,0.718,0.2,0.236,0.1,0.482,0.8
413,,0.664,0.6,0.618,0.1,0.136,0.0,0.382,0.7
414,,0.564,0.5,0.518,0.0,0.036,-0.1,0.282,0.6
415,6,0.623,0.5,0.577,0.2,0.377,0.9,0.623,0.8
416,6,0.682,0.5,0.636,0.4,0.718,1.0,0.964,1.0
417,,0.582,0.4,0.536,0.3,0.618,0.9,0.864,0.9
418,,0.482,0.3,0.436,0.2,0.518,0.8,0.764,0.8
419,,0.382,0.2,0.336,0.1,0.418,0.7,0.664,0.7
420,,0.282,0.1,0.236,0.0,0.318,0.6,0.564,0.6
421,,0.182,0.0,0.136,-0.1,0.218,0.5,0.464,0.5
422,4,0.241,0.2,0.477,0.9,0.559,0.7,0.523,0.5
423,4,0.3,0.4,0.818,1.0,0.9,0.9,0.582,0.5
424,,0.2,0.3,0.718,0.9,0.8,0.8,0.482,0.4
425,,0.1,0.2,0.618,0.8,0.7,0.7,0.382,0.3
426,,0.0,0.1,0.518,0.7,0.6,0.6,0.282,0.2
427,,-0.1,0.0,0.418,0.6,0.5,0.5,0.182,0.1
428,1,0.9,0.341,0.618,0.659,0.5,0.559,0.382,0.441
429,1,1.0,0.682,0.818,0.718,0.5,0.618,0.582,0.782
430,,0.9,0.582,0.718,0.618,0.4,0.518,0.482,0.682
431,,0.8,0.482,0.618,0.518,0.3,0.418,0.382,0.582
432,,0.7,0.382,0.518,0.418,0.2,0.318,0.282,0.482
433,,0.6,0.282,0.418,0.318,0.1,0.218,0.182,0.382
434,,0.5,0.182,0.318,0.218,0.0,0.118,0.082,0.282
435,,0.4,0.082,0.218,0.118,-0.1,0.018,-0.018,0.182
436,5,0.4,0.141,0.418,0.459,0.9,0.359,0.182,0.241
437,5,0.4,0.2,0.618,0.8,1.0,0.7,0.382,0.3
438,,0.3,0.1,0.518,0.7,0.9,0.6,0.282,0.2
439,,0.2,0.0,0.418,0.6,0.8,0.5,0.182,0.1
440,,0.1,-0.1,0.318,0.5,0.7,0.4,0.082,0.0
441,2,0.441,0.9,0.659,0.7,0.759,0.4,0.141,0.2
442,2,0.782,1.0,1.0,0.9,0.818,0.4,0.2,0.4
443,,0.682,0.9,0.9,0.8,0.718,0.3,0.1,0.3
444,,0.582,0.8,0.8,0.7,0.618,0.2,0.0,0.2
445,,0.482,0.7,0.7,0.6,0.518,0.1,-0.1,0.1
446,7,0.682,0.759,0.7,0.659,0.718,0.441,0.9,0.441
447,7,0.882,0.818,0.7,0.718,0.918,0.782,1.0,0.782
448,,0.782,0.718,0.6,0.618,0.818,0.682,0.9,0.682
449,,0.682,0.618,0.5,0.518,0.718,0.582,0.8,0.582
450,,0.582,0.518,0.4,0.418,0.618,0.482,0.7,0.482
451,,0.482,0.418,0.3,0.318,0.518,0.382,0.6,0.382
452,,0.382,0.318,0.2,0.218,0.418,0.282,0.5,0.282
453,,0.282,0.218,0.1,0.118,0.318,0.182,0.4,0.182
454,,0.182,0.118,0.0,0.018,0.218,0.082,0.3,0.082
455,,0.082,0.018,-0.1,-0.082,0.118,-0.018,0.2,-0.018
456,3,0.282,0.359,0.9,0.259,0.318,0.041,0.2,0.041
457,3,0.482,0.7,1.0,0.6,0.518,0.1,0.2,0.1
458,,0.382,0.6,0.9,0.5,0.418,0.0,0.1,0.0
459,,0.282,0.5,0.8,0.4,0.318,-0.1,0.0,-0.1
460,8,0.623,0.7,0.859,0.4,0.377,0.1,0.341,0.9
461,8,0.964,0.9,0.918,0.4,0.436,0.3,0.682,1.0
462,,0.864,0.8,0.818,0.3,0.336,0.2,0.582,0.9
463,,0.764,0.7,0.718,0.2,0.236,0.1,0.482,0.8
464,,0.664,0.6,0.618,0.1,0.136,0.0,0.382,0.7
465,,0.564,0.5,0.518,0.0,0.036,-0.1,0.282,0.6
466,6,0.623,0.5,0.577,0.2,0.377,0.9,0.623,0.8
467,6,0.682,0.5,0.636,0.4,0.718,1.0,0.964,1.0
468,,0.582,0.4,0.536,0.3,0.618,0.9,0.864,0.9
469,,0.482,0.3,0.436,0.2,0.518,0.8,0.764,0.8
470,,0.382,0.2,0.336,0.1,0.418,0.7,0.664,0.7
471,,0.282,0.1,0.236,0.0,0.318,0.6,0.564,0.6
472,,0.182,0.0,0.136,-0.1,0.218,0.5,0.464,0.5
473,4,0.241,0.2,0.477,0.9,0.559,0.7,0.523,0.5
474,4,0.3,0.4,0.818,1.0,0.9,0.9,0.582,0.5
475,,0.2,0.3,0.718,0.9,0.8,0.8,0.482,0.4
476,,0.1,0.2,0.618,0.8,0.7,0.7,0.382,0.3
477,,0.0,0.1,0.518,0.7,0.6,0.6,0.282,0.2
478,,-0.1,0.0,0.418,0.6,0.5,0.5,0.182,0.1
479,1,0.9,0.341,0.618,0.659,0.5,0.559,0.382,0.441
480,1,1.0,0.682,0.818,0.718,0.5,0.618,0.582,0.782
481,,0.9,0.582,0.718,0.618,0.4,0.518,0.482,0.682
482,,0.8,0.482,0.618,0.518,0.3,0.418,0.382,0.582
483,,0.7,0.382,0.518,0.418,0.2,0.318,0.282,0.482
484,,0.6,0.282,0.418,0.318,0.1,0.218,0.182,0.382
485,,0.5,0.182,0.318,0.218,0.0,0.118,0.082,0.282
486,,0.4,0.082,0.218,0.118,-0.1,0.018,-0.018,0.182
487,5,0.4,0.141,0.418,0.459,0.9,0.359,0.182,0.241
488,5,0.4,0.2,0.618,0.8,1.0,0.7,0.382,0.3
489,,0.3,0.1,0.518,0.7,0.9,0.6,0.282,0.2
490,,0.2,0.0,0.418,0.6,0.8,0.5,0.182,0.1
491,,0.1,-0.1,0.318,0.5,0.7,0.4,0.082,0.0
492,2,0.441,0.9,0.659,0.7,0.759,0.4,0.141,0.2
493,2,0.782,1.0,1.0,0.9,0.818,0.4,0.2,0.4
494,,0.682,0.9,0.9,0.8,0.718,0.3,0.1,0.3
495,,0.582,0.8,0.8,0.7,0.618,0.2,0.0,0.2
496,,0.482,0.7,0.7,0.6,0.518,0.1,-0.1,0.1
497,7,0.682,0.759,0.7,0.659,0.718,0.441,0.9,0.441
498,7,0.882,0.818,0.7,0.718,0.918,0.782,1.0,0.782
499,,0.782,0.718,0.6,0.618,0.818,0.682,0.9,0.682
