step,active_motive,motive_1,motive_2,motive_3,motive_4,motive_5,motive_6,motive_7,motive_8
0,,0.26396,0.94784,0.36713,0.90768,0.30464,0.54322,0.02048,0.52188
1,,-0.23604,0.44784,-0.13287,0.40768,-0.19536,0.04322,-0.47952,0.02188
2,7,-0.73604,-0.12316,-0.73287,-0.16332,-0.69536,-0.38578,0.52048,-0.40712
3,7,-1.0,-0.69416,-1.0,-0.73432,-1.0,-0.81478,1.0,-0.83612
4,1,0.0,-1.0,-1.0,-1.0,-1.0,-1.0,0.5,-1.0
5,1,1.0,-1.0,-1.0,-1.0,-1.0,-1.0,0.0,-1.0
6,3,0.5,-1.0,0.0,-1.0,-1.0,-1.0,-0.6,-1.0
7,3,0.0,-1.0,1.0,-1.0,-1.0,-1.0,-1.0,-1.0
8,5,-0.6,-1.0,0.5,-1.0,0.0,-1.0,-1.0,-1.0
9,5,-1.0,-1.0,0.0,-1.0,1.0,-1.0,-1.0,-1.0
10,4,-1.0,-1.0,-0.429,0.0,0.571,-1.0,-1.0,-1.0
11,4,-1.0,-1.0,-0.858,1.0,0.142,-1.0,-1.0,-1.0
12,7,-1.0,-1.0,-1.0,0.429,-0.358,-1.0,0.0,-1.0
13,7,-1.0,-1.0,-1.0,-0.142,-0.858,-1.0,1.0,-1.0
14,2,-1.0,0.0,-1.0,-0.642,-1.0,-1.0,0.429,-1.0
15,2,-1.0,1.0,-1.0,-1.0,-1.0,-1.0,-0.142,-1.0
16,1,0.0,0.571,-1.0,-1.0,-1.0,-1.0,-0.642,-1.0
17,1,1.0,0.142,-1.0,-1.0,-1.0,-1.0,-1.0,-1.0
18,3,0.5,-0.287,0.0,-1.0,-1.0,-1.0,-1.0,-1.0
19,3,0.0,-0.716,1.0,-1.0,-1.0,-1.0,-1.0,-1.0
20,7,-0.5,-1.0,0.4,-1.0,-1.0,-1.0,0.0,-1.0
21,7,-1.0,-1.0,-0.2,-1.0,-1.0,-1.0,1.0,-1.0
22,5,-1.0,-1.0,-0.7,-1.0,0.0,-1.0,0.5,-1.0
23,5,-1.0,-1.0,-1.0,-1.0,1.0,-1.0,0.0,-1.0
24,1,0.0,-1.0,-1.0,-1.0,0.4,-1.0,-0.5,-1.0
25,1,1.0,-1.0,-1.0,-1.0,-0.2,-1.0,-1.0,-1.0
26,2,0.571,0.0,-1.0,-1.0,-0.771,-1.0,-1.0,-1.0
27,2,0.142,1.0,-1.0,-1.0,-1.0,-1.0,-1.0,-1.0
28,4,-0.429,0.5,-1.0,0.0,-1.0,-1.0,-1.0,-1.0
29,4,-1.0,0.0,-1.0,1.0,-1.0,-1.0,-1.0,-1.0
30,6,-1.0,-0.6,-1.0,0.5,-1.0,0.0,-1.0,-1.0
31,6,-1.0,-1.0,-1.0,0.0,-1.0,1.0,-1.0,-1.0
32,2,-1.0,0.0,-1.0,-0.5,-1.0,0.4,-1.0,-1.0
33,2,-1.0,1.0,-1.0,-1.0,-1.0,-0.2,-1.0,-1.0
34,8,-1.0,0.5,-1.0,-1.0,-1.0,-0.7,-1.0,0.0
35,8,-1.0,0.0,-1.0,-1.0,-1.0,-1.0,-1.0,1.0
36,1,0.0,-0.429,-1.0,-1.0,-1.0,-1.0,-1.0,0.571
37,1,1.0,-0.858,-1.0,-1.0,-1.0,-1.0,-1.0,0.142
38,7,0.5,-1.0,-1.0,-1.0,-1.0,-1.0,0.0,-0.287
39,7,0.0,-1.0,-1.0,-1.0,-1.0,-1.0,1.0,-0.716
40,6,-0.571,-1.0,-1.0,-1.0,-1.0,0.0,0.571,-1.0
41,6,-1.0,-1.0,-1.0,-1.0,-1.0,1.0,0.142,-1.0
42,8,-1.0,-1.0,-1.0,-1.0,-1.0,0.5,-0.287,0.0
43,8,-1.0,-1.0,-1.0,-1.0,-1.0,0.0,-0.716,1.0
44,1,0.0,-1.0,-1.0,-1.0,-1.0,-0.571,-1.0,0.571
45,1,1.0,-1.0,-1.0,-1.0,-1.0,-1.0,-1.0,0.142
46,5,0.4,-1.0,-1.0,-1.0,0.0,-1.0,-1.0,-0.429
47,5,-0.2,-1.0,-1.0,-1.0,1.0,-1.0,-1.0,-1.0
48,7,-0.7,-1.0,-1.0,-1.0,0.5,-1.0,0.0,-1.0
49,7,-1.0,-1.0,-1.0,-1.0,0.0,-1.0,1.0,-1.0
50,4,-1.0,-1.0,-1.0,0.0,-0.429,-1.0,0.429,-1.0
51,4,-1.0,-1.0,-1.0,1.0,-0.858,-1.0,-0.142,-1.0
52,8,-1.0,-1.0,-1.0,0.4,-1.0,-1.0,-0.571,0.0
53,8,-1.0,-1.0,-1.0,-0.2,-1.0,-1.0,-1.0,1.0
54,5,-1.0,-1.0,-1.0,-0.629,0.0,-1.0,-1.0,0.429
55,5,-1.0,-1.0,-1.0,-1.0,1.0,-1.0,-1.0,-0.142
56,6,-1.0,-1.0,-1.0,-1.0,0.571,0.0,-1.0,-0.642
57,6,-1.0,-1.0,-1.0,-1.0,0.142,1.0,-1.0,-1.0
58,4,-1.0,-1.0,-1.0,0.0,-0.287,0.5,-1.0,-1.0
59,4,-1.0,-1.0,-1.0,1.0,-0.716,0.0,-1.0,-1.0
60,2,-1.0,0.0,-1.0,0.5,-1.0,-0.6,-1.0,-1.0
61,2,-1.0,1.0,-1.0,0.0,-1.0,-1.0,-1.0,-1.0
62,6,-1.0,0.4,-1.0,-0.5,-1.0,0.0,-1.0,-1.0
63,6,-1.0,-0.2,-1.0,-1.0,-1.0,1.0,-1.0,-1.0
64,3,-1.0,-0.629,0.0,-1.0,-1.0,0.429,-1.0,-1.0
65,3,-1.0,-1.0,1.0,-1.0,-1.0,-0.142,-1.0,-1.0
66,2,-1.0,0.0,0.571,-1.0,-1.0,-0.742,-1.0,-1.0
67,2,-1.0,1.0,0.142,-1.0,-1.0,-1.0,-1.0,-1.0
68,1,0.0,0.571,-0.358,-1.0,-1.0,-1.0,-1.0,-1.0
69,1,1.0,0.142,-0.858,-1.0,-1.0,-1.0,-1.0,-1.0
70,5,0.4,-0.429,-1.0,-1.0,0.0,-1.0,-1.0,-1.0
71,5,-0.2,-1.0,-1.0,-1.0,1.0,-1.0,-1.0,-1.0
72,4,-0.771,-1.0,-1.0,0.0,0.571,-1.0,-1.0,-1.0
73,4,-1.0,-1.0,-1.0,1.0,0.142,-1.0,-1.0,-1.0
74,2,-1.0,0.0,-1.0,0.5,-0.429,-1.0,-1.0,-1.0
75,2,-1.0,1.0,-1.0,0.0,-1.0,-1.0,-1.0,-1.0
76,6,-1.0,0.4,-1.0,-0.5,-1.0,0.0,-1.0,-1.0
77,6,-1.0,-0.2,-1.0,-1.0,-1.0,1.0,-1.0,-1.0
78,3,-1.0,-0.629,0.0,-1.0,-1.0,0.429,-1.0,-1.0
79,3,-1.0,-1.0,1.0,-1.0,-1.0,-0.142,-1.0,-1.0
80,5,-1.0,-1.0,0.5,-1.0,0.0,-0.571,-1.0,-1.0
81,5,-1.0,-1.0,0.0,-1.0,1.0,-1.0,-1.0,-1.0
82,6,-1.0,-1.0,-0.571,-1.0,0.571,0.0,-1.0,-1.0
83,6,-1.0,-1.0,-1.0,-1.0,0.142,1.0,-1.0,-1.0
84,3,-1.0,-1.0,0.0,-1.0,-0.358,0.429,-1.0,-1.0
85,3,-1.0,-1.0,1.0,-1.0,-0.858,-0.142,-1.0,-1.0
86,2,-1.0,0.0,0.571,-1.0,-1.0,-0.742,-1.0,-1.0
87,2,-1.0,1.0,0.142,-1.0,-1.0,-1.0,-1.0,-1.0
88,4,-1.0,0.5,-0.287,0.0,-1.0,-1.0,-1.0,-1.0
89,4,-1.0,0.0,-0.716,1.0,-1.0,-1.0,-1.0,-1.0
90,8,-1.0,-0.5,-1.0,0.4,-1.0,-1.0,-1.0,0.0
91,8,-1.0,-1.0,-1.0,-0.2,-1.0,-1.0,-1.0,1.0
92,6,-1.0,-1.0,-1.0,-0.7,-1.0,0.0,-1.0,0.5
93,6,-1.0,-1.0,-1.0,-1.0,-1.0,1.0,-1.0,0.0
94,1,0.0,-1.0,-1.0,-1.0,-1.0,0.429,-1.0,-0.429
95,1,1.0,-1.0,-1.0,-1.0,-1.0,-0.142,-1.0,-0.858
96,5,0.4,-1.0,-1.0,-1.0,0.0,-0.571,-1.0,-1.0
97,5,-0.2,-1.0,-1.0,-1.0,1.0,-1.0,-1.0,-1.0
98,4,-0.771,-1.0,-1.0,0.0,0.571,-1.0,-1.0,-1.0
99,4,-1.0,-1.0,-1.0,1.0,0.142,-1.0,-1.0,-1.0
100,7,-1.0,-1.0,-1.0,0.429,-0.358,-1.0,0.0,-1.0
101,7,-1.0,-1.0,-1.0,-0.142,-0.858,-1.0,1.0,-1.0
102,2,-1.0,0.0,-1.0,-0.642,-1.0,-1.0,0.429,-1.0
103,2,-1.0,1.0,-1.0,-1.0,-1.0,-1.0,-0.142,-1.0
104,1,0.0,0.571,-1.0,-1.0,-1.0,-1.0,-0.642,-1.0
105,1,1.0,0.142,-1.0,-1.0,-1.0,-1.0,-1.0,-1.0
106,5,0.4,-0.429,-1.0,-1.0,0.0,-1.0,-1.0,-1.0
107,5,-0.2,-1.0,-1.0,-1.0,1.0,-1.0,-1.0,-1.0
108,8,-0.629,-1.0,-1.0,-1.0,0.429,-1.0,-1.0,0.0
109,8,-1.0,-1.0,-1.0,-1.0,-0.142,-1.0,-1.0,1.0
110,2,-1.0,0.0,-1.0,-1.0,-0.713,-1.0,-1.0,0.5
111,2,-1.0,1.0,-1.0,-1.0,-1.0,-1.0,-1.0,0.0
112,3,-1.0,0.571,0.0,-1.0,-1.0,-1.0,-1.0,-0.571
113,3,-1.0,0.142,1.0,-1.0,-1.0,-1.0,-1.0,-1.0
114,8,-1.0,-0.358,0.429,-1.0,-1.0,-1.0,-1.0,0.0
115,8,-1.0,-0.858,-0.142,-1.0,-1.0,-1.0,-1.0,1.0
116,6,-1.0,-1.0,-0.713,-1.0,-1.0,0.0,-1.0,0.5
117,6,-1.0,-1.0,-1.0,-1.0,-1.0,1.0,-1.0,0.0
118,4,-1.0,-1.0,-1.0,0.0,-1.0,0.5,-1.0,-0.6
119,4,-1.0,-1.0,-1.0,1.0,-1.0,0.0,-1.0,-1.0
120,7,-1.0,-1.0,-1.0,0.429,-1.0,-0.429,0.0,-1.0
121,7,-1.0,-1.0,-1.0,-0.142,-1.0,-0.858,1.0,-1.0
122,8,-1.0,-1.0,-1.0,-0.742,-1.0,-1.0,0.571,0.0
123,8,-1.0,-1.0,-1.0,-1.0,-1.0,-1.0,0.142,1.0
124,2,-1.0,0.0,-1.0,-1.0,-1.0,-1.0,-0.429,0.5
125,2,-1.0,1.0,-1.0,-1.0,-1.0,-1.0,-1.0,0.0
126,3,-1.0,0.571,0.0,-1.0,-1.0,-1.0,-1.0,-0.571
127,3,-1.0,0.142,1.0,-1.0,-1.0,-1.0,-1.0,-1.0
128,7,-1.0,-0.429,0.4,-1.0,-1.0,-1.0,0.0,-1.0
129,7,-1.0,-1.0,-0.2,-1.0,-1.0,-1.0,1.0,-1.0
130,8,-1.0,-1.0,-0.771,-1.0,-1.0,-1.0,0.571,0.0
131,8,-1.0,-1.0,-1.0,-1.0,-1.0,-1.0,0.142,1.0
132,5,-1.0,-1.0,-1.0,-1.0,0.0,-1.0,-0.358,0.429
133,5,-1.0,-1.0,-1.0,-1.0,1.0,-1.0,-0.858,-0.142
134,2,-1.0,0.0,-1.0,-1.0,0.429,-1.0,-1.0,-0.642
135,2,-1.0,1.0,-1.0,-1.0,-0.142,-1.0,-1.0,-1.0
136,4,-1.0,0.5,-1.0,0.0,-0.571,-1.0,-1.0,-1.0
137,4,-1.0,0.0,-1.0,1.0,-1.0,-1.0,-1.0,-1.0
138,3,-1.0,-0.429,0.0,0.571,-1.0,-1.0,-1.0,-1.0
139,3,-1.0,-0.858,1.0,0.142,-1.0,-1.0,-1.0,-1.0
140,6,-1.0,-1.0,0.429,-0.358,-1.0,0.0,-1.0,-1.0
141,6,-1.0,-1.0,-0.142,-0.858,-1.0,1.0,-1.0,-1.0
142,5,-1.0,-1.0,-0.642,-1.0,0.0,0.571,-1.0,-1.0
143,5,-1.0,-1.0,-1.0,-1.0,1.0,0.142,-1.0,-1.0
144,2,-1.0,0.0,-1.0,-1.0,0.429,-0.458,-1.0,-1.0
145,2,-1.0,1.0,-1.0,-1.0,-0.142,-1.0,-1.0,-1.0
146,1,0.0,0.571,-1.0,-1.0,-0.742,-1.0,-1.0,-1.0
147,1,1.0,0.142,-1.0,-1.0,-1.0,-1.0,-1.0,-1.0
148,7,0.5,-0.429,-1.0,-1.0,-1.0,-1.0,0.0,-1.0
149,7,0.0,-1.0,-1.0,-1.0,-1.0,-1.0,1.0,-1.0
150,5,-0.6,-1.0,-1.0,-1.0,0.0,-1.0,0.5,-1.0
151,5,-1.0,-1.0,-1.0,-1.0,1.0,-1.0,0.0,-1.0
152,2,-1.0,0.0,-1.0,-1.0,0.429,-1.0,-0.571,-1.0
153,2,-1.0,1.0,-1.0,-1.0,-0.142,-1.0,-1.0,-1.0
154,4,-1.0,0.5,-1.0,0.0,-0.571,-1.0,-1.0,-1.0
155,4,-1.0,0.0,-1.0,1.0,-1.0,-1.0,-1.0,-1.0
156,3,-1.0,-0.429,0.0,0.571,-1.0,-1.0,-1.0,-1.0
157,3,-1.0,-0.858,1.0,0.142,-1.0,-1.0,-1.0,-1.0
158,8,-1.0,-1.0,0.429,-0.458,-1.0,-1.0,-1.0,0.0
159,8,-1.0,-1.0,-0.142,-1.0,-1.0,-1.0,-1.0,1.0
160,7,-1.0,-1.0,-0.742,-1.0,-1.0,-1.0,0.0,0.571
161,7,-1.0,-1.0,-1.0,-1.0,-1.0,-1.0,1.0,0.142
162,3,-1.0,-1.0,0.0,-1.0,-1.0,-1.0,0.4,-0.429
163,3,-1.0,-1.0,1.0,-1.0,-1.0,-1.0,-0.2,-1.0
164,5,-1.0,-1.0,0.5,-1.0,0.0,-1.0,-0.7,-1.0
165,5,-1.0,-1.0,0.0,-1.0,1.0,-1.0,-1.0,-1.0
166,6,-1.0,-1.0,-0.571,-1.0,0.571,0.0,-1.0,-1.0
167,6,-1.0,-1.0,-1.0,-1.0,0.142,1.0,-1.0,-1.0
168,4,-1.0,-1.0,-1.0,0.0,-0.287,0.5,-1.0,-1.0
169,4,-1.0,-1.0,-1.0,1.0,-0.716,0.0,-1.0,-1.0
170,1,0.0,-1.0,-1.0,0.429,-1.0,-0.571,-1.0,-1.0
171,1,1.0,-1.0,-1.0,-0.142,-1.0,-1.0,-1.0,-1.0
172,5,0.4,-1.0,-1.0,-0.571,0.0,-1.0,-1.0,-1.0
173,5,-0.2,-1.0,-1.0,-1.0,1.0,-1.0,-1.0,-1.0
174,8,-0.629,-1.0,-1.0,-1.0,0.429,-1.0,-1.0,0.0
175,8,-1.0,-1.0,-1.0,-1.0,-0.142,-1.0,-1.0,1.0
176,3,-1.0,-1.0,0.0,-1.0,-0.642,-1.0,-1.0,0.429
177,3,-1.0,-1.0,1.0,-1.0,-1.0,-1.0,-1.0,-0.142
178,7,-1.0,-1.0,0.4,-1.0,-1.0,-1.0,0.0,-0.571
179,7,-1.0,-1.0,-0.2,-1.0,-1.0,-1.0,1.0,-1.0
180,8,-1.0,-1.0,-0.771,-1.0,-1.0,-1.0,0.571,0.0
181,8,-1.0,-1.0,-1.0,-1.0,-1.0,-1.0,0.142,1.0
182,1,0.0,-1.0,-1.0,-1.0,-1.0,-1.0,-0.358,0.571
183,1,1.0,-1.0,-1.0,-1.0,-1.0,-1.0,-0.858,0.142
184,4,0.429,-1.0,-1.0,0.0,-1.0,-1.0,-1.0,-0.458
185,4,-0.142,-1.0,-1.0,1.0,-1.0,-1.0,-1.0,-1.0
186,8,-0.571,-1.0,-1.0,0.4,-1.0,-1.0,-1.0,0.0
187,8,-1.0,-1.0,-1.0,-0.2,-1.0,-1.0,-1.0,1.0
188,1,0.0,-1.0,-1.0,-0.771,-1.0,-1.0,-1.0,0.571
189,1,1.0,-1.0,-1.0,-1.0,-1.0,-1.0,-1.0,0.142
190,3,0.5,-1.0,0.0,-1.0,-1.0,-1.0,-1.0,-0.429
191,3,0.0,-1.0,1.0,-1.0,-1.0,-1.0,-1.0,-1.0
192,7,-0.5,-1.0,0.4,-1.0,-1.0,-1.0,0.0,-1.0
193,7,-1.0,-1.0,-0.2,-1.0,-1.0,-1.0,1.0,-1.0
194,8,-1.0,-1.0,-0.771,-1.0,-1.0,-1.0,0.571,0.0
195,8,-1.0,-1.0,-1.0,-1.0,-1.0,-1.0,0.142,1.0
196,4,-1.0,-1.0,-1.0,0.0,-1.0,-1.0,-0.429,0.4
197,4,-1.0,-1.0,-1.0,1.0,-1.0,-1.0,-1.0,-0.2
198,1,0.0,-1.0,-1.0,0.429,-1.0,-1.0,-1.0,-0.629
199,1,1.0,-1.0,-1.0,-0.142,-1.0,-1.0,-1.0,-1.0
200,2,0.571,0.0,-1.0,-0.642,-1.0,-1.0,-1.0,-1.0
201,2,0.142,1.0,-1.0,-1.0,-1.0,-1.0,-1.0,-1.0
202,8,-0.287,0.5,-1.0,-1.0,-1.0,-1.0,-1.0,0.0
203,8,-0.716,0.0,-1.0,-1.0,-1.0,-1.0,-1.0,1.0
204,3,-1.0,-0.429,0.0,-1.0,-1.0,-1.0,-1.0,0.429
205,3,-1.0,-0.858,1.0,-1.0,-1.0,-1.0,-1.0,-0.142
206,4,-1.0,-1.0,0.571,0.0,-1.0,-1.0,-1.0,-0.742
207,4,-1.0,-1.0,0.142,1.0,-1.0,-1.0,-1.0,-1.0
208,1,0.0,-1.0,-0.358,0.429,-1.0,-1.0,-1.0,-1.0
209,1,1.0,-1.0,-0.858,-0.142,-1.0,-1.0,-1.0,-1.0
210,8,0.571,-1.0,-1.0,-0.742,-1.0,-1.0,-1.0,0.0
211,8,0.142,-1.0,-1.0,-1.0,-1.0,-1.0,-1.0,1.0
212,6,-0.429,-1.0,-1.0,-1.0,-1.0,0.0,-1.0,0.5
213,6,-1.0,-1.0,-1.0,-1.0,-1.0,1.0,-1.0,0.0
214,4,-1.0,-1.0,-1.0,0.0,-1.0,0.5,-1.0,-0.6
215,4,-1.0,-1.0,-1.0,1.0,-1.0,0.0,-1.0,-1.0
216,2,-1.0,0.0,-1.0,0.5,-1.0,-0.6,-1.0,-1.0
217,2,-1.0,1.0,-1.0,0.0,-1.0,-1.0,-1.0,-1.0
218,7,-1.0,0.429,-1.0,-0.571,-1.0,-1.0,0.0,-1.0
219,7,-1.0,-0.142,-1.0,-1.0,-1.0,-1.0,1.0,-1.0
220,8,-1.0,-0.642,-1.0,-1.0,-1.0,-1.0,0.571,0.0
221,8,-1.0,-1.0,-1.0,-1.0,-1.0,-1.0,0.142,1.0
222,3,-1.0,-1.0,0.0,-1.0,-1.0,-1.0,-0.458,0.429
223,3,-1.0,-1.0,1.0,-1.0,-1.0,-1.0,-1.0,-0.142
224,4,-1.0,-1.0,0.571,0.0,-1.0,-1.0,-1.0,-0.742
225,4,-1.0,-1.0,0.142,1.0,-1.0,-1.0,-1.0,-1.0
226,5,-1.0,-1.0,-0.358,0.571,0.0,-1.0,-1.0,-1.0
227,5,-1.0,-1.0,-0.858,0.142,1.0,-1.0,-1.0,-1.0
228,1,0.0,-1.0,-1.0,-0.429,0.4,-1.0,-1.0,-1.0
229,1,1.0,-1.0,-1.0,-1.0,-0.2,-1.0,-1.0,-1.0
230,8,0.571,-1.0,-1.0,-1.0,-0.771,-1.0,-1.0,0.0
231,8,0.142,-1.0,-1.0,-1.0,-1.0,-1.0,-1.0,1.0
232,2,-0.287,0.0,-1.0,-1.0,-1.0,-1.0,-1.0,0.5
233,2,-0.716,1.0,-1.0,-1.0,-1.0,-1.0,-1.0,0.0
234,5,-1.0,0.429,-1.0,-1.0,0.0,-1.0,-1.0,-0.571
235,5,-1.0,-0.142,-1.0,-1.0,1.0,-1.0,-1.0,-1.0
236,6,-1.0,-0.742,-1.0,-1.0,0.571,0.0,-1.0,-1.0
237,6,-1.0,-1.0,-1.0,-1.0,0.142,1.0,-1.0,-1.0
238,4,-1.0,-1.0,-1.0,0.0,-0.287,0.5,-1.0,-1.0
239,4,-1.0,-1.0,-1.0,1.0,-0.716,0.0,-1.0,-1.0
240,1,0.0,-1.0,-1.0,0.429,-1.0,-0.571,-1.0,-1.0
241,1,1.0,-1.0,-1.0,-0.142,-1.0,-1.0,-1.0,-1.0
242,5,0.4,-1.0,-1.0,-0.571,0.0,-1.0,-1.0,-1.0
243,5,-0.2,-1.0,-1.0,-1.0,1.0,-1.0,-1.0,-1.0
244,8,-0.629,-1.0,-1.0,-1.0,0.429,-1.0,-1.0,0.0
245,8,-1.0,-1.0,-1.0,-1.0,-0.142,-1.0,-1.0,1.0
246,4,-1.0,-1.0,-1.0,0.0,-0.571,-1.0,-1.0,0.4
247,4,-1.0,-1.0,-1.0,1.0,-1.0,-1.0,-1.0,-0.2
248,1,0.0,-1.0,-1.0,0.429,-1.0,-1.0,-1.0,-0.629
249,1,1.0,-1.0,-1.0,-0.142,-1.0,-1.0,-1.0,-1.0
250,8,0.571,-1.0,-1.0,-0.742,-1.0,-1.0,-1.0,0.0
251,8,0.142,-1.0,-1.0,-1.0,-1.0,-1.0,-1.0,1.0
252,4,-0.429,-1.0,-1.0,0.0,-1.0,-1.0,-1.0,0.4
253,4,-1.0,-1.0,-1.0,1.0,-1.0,-1.0,-1.0,-0.2
254,2,-1.0,0.0,-1.0,0.5,-1.0,-1.0,-1.0,-0.7
255,2,-1.0,1.0,-1.0,0.0,-1.0,-1.0,-1.0,-1.0
256,5,-1.0,0.429,-1.0,-0.429,0.0,-1.0,-1.0,-1.0
257,5,-1.0,-0.142,-1.0,-0.858,1.0,-1.0,-1.0,-1.0
258,6,-1.0,-0.742,-1.0,-1.0,0.571,0.0,-1.0,-1.0
259,6,-1.0,-1.0,-1.0,-1.0,0.142,1.0,-1.0,-1.0
260,8,-1.0,-1.0,-1.0,-1.0,-0.429,0.5,-1.0,0.0
261,8,-1.0,-1.0,-1.0,-1.0,-1.0,0.0,-1.0,1.0
262,7,-1.0,-1.0,-1.0,-1.0,-1.0,-0.429,0.0,0.571
263,7,-1.0,-1.0,-1.0,-1.0,-1.0,-0.858,1.0,0.142
264,5,-1.0,-1.0,-1.0,-1.0,0.0,-1.0,0.5,-0.429
265,5,-1.0,-1.0,-1.0,-1.0,1.0,-1.0,0.0,-1.0
266,6,-1.0,-1.0,-1.0,-1.0,0.571,0.0,-0.429,-1.0
267,6,-1.0,-1.0,-1.0,-1.0,0.142,1.0,-0.858,-1.0
268,2,-1.0,0.0,-1.0,-1.0,-0.429,0.4,-1.0,-1.0
269,2,-1.0,1.0,-1.0,-1.0,-1.0,-0.2,-1.0,-1.0
270,3,-1.0,0.571,0.0,-1.0,-1.0,-0.771,-1.0,-1.0
271,3,-1.0,0.142,1.0,-1.0,-1.0,-1.0,-1.0,-1.0
272,5,-1.0,-0.429,0.5,-1.0,0.0,-1.0,-1.0,-1.0
273,5,-1.0,-1.0,0.0,-1.0,1.0,-1.0,-1.0,-1.0
274,6,-1.0,-1.0,-0.571,-1.0,0.571,0.0,-1.0,-1.0
275,6,-1.0,-1.0,-1.0,-1.0,0.142,1.0,-1.0,-1.0
276,2,-1.0,0.0,-1.0,-1.0,-0.429,0.4,-1.0,-1.0
277,2,-1.0,1.0,-1.0,-1.0,-1.0,-0.2,-1.0,-1.0
278,4,-1.0,0.5,-1.0,0.0,-1.0,-0.7,-1.0,-1.0
279,4,-1.0,0.0,-1.0,1.0,-1.0,-1.0,-1.0,-1.0
280,1,0.0,-0.429,-1.0,0.429,-1.0,-1.0,-1.0,-1.0
281,1,1.0,-0.858,-1.0,-0.142,-1.0,-1.0,-1.0,-1.0
282,8,0.571,-1.0,-1.0,-0.742,-1.0,-1.0,-1.0,0.0
283,8,0.142,-1.0,-1.0,-1.0,-1.0,-1.0,-1.0,1.0
284,5,-0.458,-1.0,-1.0,-1.0,0.0,-1.0,-1.0,0.429
285,5,-1.0,-1.0,-1.0,-1.0,1.0,-1.0,-1.0,-0.142
286,3,-1.0,-1.0,0.0,-1.0,0.5,-1.0,-1.0,-0.713
287,3,-1.0,-1.0,1.0,-1.0,0.0,-1.0,-1.0,-1.0
288,8,-1.0,-1.0,0.429,-1.0,-0.571,-1.0,-1.0,0.0
289,8,-1.0,-1.0,-0.142,-1.0,-1.0,-1.0,-1.0,1.0
290,1,0.0,-1.0,-0.642,-1.0,-1.0,-1.0,-1.0,0.571
291,1,1.0,-1.0,-1.0,-1.0,-1.0,-1.0,-1.0,0.142
292,6,0.429,-1.0,-1.0,-1.0,-1.0,0.0,-1.0,-0.358
293,6,-0.142,-1.0,-1.0,-1.0,-1.0,1.0,-1.0,-0.858
294,2,-0.571,0.0,-1.0,-1.0,-1.0,0.4,-1.0,-1.0
295,2,-1.0,1.0,-1.0,-1.0,-1.0,-0.2,-1.0,-1.0
296,4,-1.0,0.5,-1.0,0.0,-1.0,-0.7,-1.0,-1.0
297,4,-1.0,0.0,-1.0,1.0,-1.0,-1.0,-1.0,-1.0
298,3,-1.0,-0.429,0.0,0.571,-1.0,-1.0,-1.0,-1.0
299,3,-1.0,-0.858,1.0,0.142,-1.0,-1.0,-1.0,-1.0
300,8,-1.0,-1.0,0.429,-0.458,-1.0,-1.0,-1.0,0.0
301,8,-1.0,-1.0,-0.142,-1.0,-1.0,-1.0,-1.0,1.0
302,1,0.0,-1.0,-0.642,-1.0,-1.0,-1.0,-1.0,0.571
303,1,1.0,-1.0,-1.0,-1.0,-1.0,-1.0,-1.0,0.142
304,3,0.5,-1.0,0.0,-1.0,-1.0,-1.0,-1.0,-0.429
305,3,0.0,-1.0,1.0,-1.0,-1.0,-1.0,-1.0,-1.0
306,6,-0.571,-1.0,0.429,-1.0,-1.0,0.0,-1.0,-1.0
307,6,-1.0,-1.0,-0.142,-1.0,-1.0,1.0,-1.0,-1.0
308,4,-1.0,-1.0,-0.571,0.0,-1.0,0.5,-1.0,-1.0
309,4,-1.0,-1.0,-1.0,1.0,-1.0,0.0,-1.0,-1.0
310,3,-1.0,-1.0,0.0,0.571,-1.0,-0.571,-1.0,-1.0
311,3,-1.0,-1.0,1.0,0.142,-1.0,-1.0,-1.0,-1.0
312,7,-1.0,-1.0,0.4,-0.429,-1.0,-1.0,0.0,-1.0
313,7,-1.0,-1.0,-0.2,-1.0,-1.0,-1.0,1.0,-1.0
314,1,0.0,-1.0,-0.7,-1.0,-1.0,-1.0,0.5,-1.0
315,1,1.0,-1.0,-1.0,-1.0,-1.0,-1.0,0.0,-1.0
316,5,0.4,-1.0,-1.0,-1.0,0.0,-1.0,-0.5,-1.0
317,5,-0.2,-1.0,-1.0,-1.0,1.0,-1.0,-1.0,-1.0
318,8,-0.629,-1.0,-1.0,-1.0,0.429,-1.0,-1.0,0.0
319,8,-1.0,-1.0,-1.0,-1.0,-0.142,-1.0,-1.0,1.0
320,6,-1.0,-1.0,-1.0,-1.0,-0.571,0.0,-1.0,0.5
321,6,-1.0,-1.0,-1.0,-1.0,-1.0,1.0,-1.0,0.0
322,7,-1.0,-1.0,-1.0,-1.0,-1.0,0.571,0.0,-0.429
323,7,-1.0,-1.0,-1.0,-1.0,-1.0,0.142,1.0,-0.858
324,5,-1.0,-1.0,-1.0,-1.0,0.0,-0.287,0.5,-1.0
325,5,-1.0,-1.0,-1.0,-1.0,1.0,-0.716,0.0,-1.0
326,1,0.0,-1.0,-1.0,-1.0,0.4,-1.0,-0.5,-1.0
327,1,1.0,-1.0,-1.0,-1.0,-0.2,-1.0,-1.0,-1.0
328,6,0.429,-1.0,-1.0,-1.0,-0.629,0.0,-1.0,-1.0
329,6,-0.142,-1.0,-1.0,-1.0,-1.0,1.0,-1.0,-1.0
330,2,-0.571,0.0,-1.0,-1.0,-1.0,0.4,-1.0,-1.0
331,2,-1.0,1.0,-1.0,-1.0,-1.0,-0.2,-1.0,-1.0
332,4,-1.0,0.5,-1.0,0.0,-1.0,-0.7,-1.0,-1.0
333,4,-1.0,0.0,-1.0,1.0,-1.0,-1.0,-1.0,-1.0
334,8,-1.0,-0.5,-1.0,0.4,-1.0,-1.0,-1.0,0.0
335,8,-1.0,-1.0,-1.0,-0.2,-1.0,-1.0,-1.0,1.0
336,2,-1.0,0.0,-1.0,-0.7,-1.0,-1.0,-1.0,0.5
337,2,-1.0,1.0,-1.0,-1.0,-1.0,-1.0,-1.0,0.0
338,4,-1.0,0.5,-1.0,0.0,-1.0,-1.0,-1.0,-0.6
339,4,-1.0,0.0,-1.0,1.0,-1.0,-1.0,-1.0,-1.0
340,5,-1.0,-0.571,-1.0,0.571,0.0,-1.0,-1.0,-1.0
341,5,-1.0,-1.0,-1.0,0.142,1.0,-1.0,-1.0,-1.0
342,8,-1.0,-1.0,-1.0,-0.458,0.429,-1.0,-1.0,0.0
343,8,-1.0,-1.0,-1.0,-1.0,-0.142,-1.0,-1.0,1.0
344,6,-1.0,-1.0,-1.0,-1.0,-0.571,0.0,-1.0,0.5
345,6,-1.0,-1.0,-1.0,-1.0,-1.0,1.0,-1.0,0.0
346,3,-1.0,-1.0,0.0,-1.0,-1.0,0.429,-1.0,-0.571
347,3,-1.0,-1.0,1.0,-1.0,-1.0,-0.142,-1.0,-1.0
348,5,-1.0,-1.0,0.5,-1.0,0.0,-0.571,-1.0,-1.0
349,5,-1.0,-1.0,0.0,-1.0,1.0,-1.0,-1.0,-1.0
350,4,-1.0,-1.0,-0.429,0.0,0.571,-1.0,-1.0,-1.0
351,4,-1.0,-1.0,-0.858,1.0,0.142,-1.0,-1.0,-1.0
352,7,-1.0,-1.0,-1.0,0.429,-0.358,-1.0,0.0,-1.0
353,7,-1.0,-1.0,-1.0,-0.142,-0.858,-1.0,1.0,-1.0
354,1,0.0,-1.0,-1.0,-0.713,-1.0,-1.0,0.5,-1.0
355,1,1.0,-1.0,-1.0,-1.0,-1.0,-1.0,0.0,-1.0
356,6,0.429,-1.0,-1.0,-1.0,-1.0,0.0,-0.429,-1.0
357,6,-0.142,-1.0,-1.0,-1.0,-1.0,1.0,-0.858,-1.0
358,5,-0.742,-1.0,-1.0,-1.0,0.0,0.571,-1.0,-1.0
359,5,-1.0,-1.0,-1.0,-1.0,1.0,0.142,-1.0,-1.0
360,3,-1.0,-1.0,0.0,-1.0,0.5,-0.429,-1.0,-1.0
361,3,-1.0,-1.0,1.0,-1.0,0.0,-1.0,-1.0,-1.0
362,7,-1.0,-1.0,0.4,-1.0,-0.5,-1.0,0.0,-1.0
363,7,-1.0,-1.0,-0.2,-1.0,-1.0,-1.0,1.0,-1.0
364,6,-1.0,-1.0,-0.771,-1.0,-1.0,0.0,0.571,-1.0
365,6,-1.0,-1.0,-1.0,-1.0,-1.0,1.0,0.142,-1.0
366,4,-1.0,-1.0,-1.0,0.0,-1.0,0.5,-0.429,-1.0
367,4,-1.0,-1.0,-1.0,1.0,-1.0,0.0,-1.0,-1.0
368,5,-1.0,-1.0,-1.0,0.571,0.0,-0.429,-1.0,-1.0
369,5,-1.0,-1.0,-1.0,0.142,1.0,-0.858,-1.0,-1.0
370,2,-1.0,0.0,-1.0,-0.358,0.429,-1.0,-1.0,-1.0
371,2,-1.0,1.0,-1.0,-0.858,-0.142,-1.0,-1.0,-1.0
372,3,-1.0,0.571,0.0,-1.0,-0.642,-1.0,-1.0,-1.0
373,3,-1.0,0.142,1.0,-1.0,-1.0,-1.0,-1.0,-1.0
374,7,-1.0,-0.429,0.4,-1.0,-1.0,-1.0,0.0,-1.0
375,7,-1.0,-1.0,-0.2,-1.0,-1.0,-1.0,1.0,-1.0
376,8,-1.0,-1.0,-0.771,-1.0,-1.0,-1.0,0.571,0.0
377,8,-1.0,-1.0,-1.0,-1.0,-1.0,-1.0,0.142,1.0
378,6,-1.0,-1.0,-1.0,-1.0,-1.0,0.0,-0.287,0.5
379,6,-1.0,-1.0,-1.0,-1.0,-1.0,1.0,-0.716,0.0
380,2,-1.0,0.0,-1.0,-1.0,-1.0,0.4,-1.0,-0.5
381,2,-1.0,1.0,-1.0,-1.0,-1.0,-0.2,-1.0,-1.0
382,4,-1.0,0.5,-1.0,0.0,-1.0,-0.7,-1.0,-1.0
383,4,-1.0,0.0,-1.0,1.0,-1.0,-1.0,-1.0,-1.0
384,1,0.0,-0.429,-1.0,0.429,-1.0,-1.0,-1.0,-1.0
385,1,1.0,-0.858,-1.0,-0.142,-1.0,-1.0,-1.0,-1.0
386,8,0.571,-1.0,-1.0,-0.742,-1.0,-1.0,-1.0,0.0
387,8,0.142,-1.0,-1.0,-1.0,-1.0,-1.0,-1.0,1.0
388,2,-0.287,0.0,-1.0,-1.0,-1.0,-1.0,-1.0,0.5
389,2,-0.716,1.0,-1.0,-1.0,-1.0,-1.0,-1.0,0.0
390,4,-1.0,0.5,-1.0,0.0,-1.0,-1.0,-1.0,-0.6
391,4,-1.0,0.0,-1.0,1.0,-1.0,-1.0,-1.0,-1.0
392,6,-1.0,-0.6,-1.0,0.5,-1.0,0.0,-1.0,-1.0
393,6,-1.0,-1.0,-1.0,0.0,-1.0,1.0,-1.0,-1.0
394,7,-1.0,-1.0,-1.0,-0.571,-1.0,0.571,0.0,-1.0
395,7,-1.0,-1.0,-1.0,-1.0,-1.0,0.142,1.0,-1.0
396,2,-1.0,0.0,-1.0,-1.0,-1.0,-0.458,0.429,-1.0
397,2,-1.0,1.0,-1.0,-1.0,-1.0,-1.0,-0.142,-1.0
398,4,-1.0,0.5,-1.0,0.0,-1.0,-1.0,-0.713,-1.0
399,4,-1.0,0.0,-1.0,1.0,-1.0,-1.0,-1.0,-1.0
400,7,-1.0,-0.571,-1.0,0.429,-1.0,-1.0,0.0,-1.0
401,7,-1.0,-1.0,-1.0,-0.142,-1.0,-1.0,1.0,-1.0
402,6,-1.0,-1.0,-1.0,-0.642,-1.0,0.0,0.571,-1.0
403,6,-1.0,-1.0,-1.0,-1.0,-1.0,1.0,0.142,-1.0
404,8,-1.0,-1.0,-1.0,-1.0,-1.0,0.5,-0.287,0.0
405,8,-1.0,-1.0,-1.0,-1.0,-1.0,0.0,-0.716,1.0
406,4,-1.0,-1.0,-1.0,0.0,-1.0,-0.5,-1.0,0.4
407,4,-1.0,-1.0,-1.0,1.0,-1.0,-1.0,-1.0,-0.2
408,6,-1.0,-1.0,-1.0,0.5,-1.0,0.0,-1.0,-0.7
409,6,-1.0,-1.0,-1.0,0.0,-1.0,1.0,-1.0,-1.0
410,5,-1.0,-1.0,-1.0,-0.429,0.0,0.571,-1.0,-1.0
411,5,-1.0,-1.0,-1.0,-0.858,1.0,0.142,-1.0,-1.0
412,2,-1.0,0.0,-1.0,-1.0,0.429,-0.458,-1.0,-1.0
413,2,-1.0,1.0,-1.0,-1.0,-0.142,-1.0,-1.0,-1.0
414,4,-1.0,0.5,-1.0,0.0,-0.571,-1.0,-1.0,-1.0
415,4,-1.0,0.0,-1.0,1.0,-1.0,-1.0,-1.0,-1.0
416,5,-1.0,-0.571,-1.0,0.571,0.0,-1.0,-1.0,-1.0
417,5,-1.0,-1.0,-1.0,0.142,1.0,-1.0,-1.0,-1.0
418,7,-1.0,-1.0,-1.0,-0.429,0.5,-1.0,0.0,-1.0
419,7,-1.0,-1.0,-1.0,-1.0,0.0,-1.0,1.0,-1.0
420,6,-1.0,-1.0,-1.0,-1.0,-0.429,0.0,0.571,-1.0
421,6,-1.0,-1.0,-1.0,-1.0,-0.858,1.0,0.142,-1.0
422,2,-1.0,0.0,-1.0,-1.0,-1.0,0.4,-0.429,-1.0
423,2,-1.0,1.0,-1.0,-1.0,-1.0,-0.2,-1.0,-1.0
424,8,-1.0,0.5,-1.0,-1.0,-1.0,-0.7,-1.0,0.0
425,8,-1.0,0.0,-1.0,-1.0,-1.0,-1.0,-1.0,1.0
426,7,-1.0,-0.571,-1.0,-1.0,-1.0,-1.0,0.0,0.571
427,7,-1.0,-1.0,-1.0,-1.0,-1.0,-1.0,1.0,0.142
428,6,-1.0,-1.0,-1.0,-1.0,-1.0,0.0,0.571,-0.358
429,6,-1.0,-1.0,-1.0,-1.0,-1.0,1.0,0.142,-0.858
430,4,-1.0,-1.0,-1.0,0.0,-1.0,0.5,-0.429,-1.0
431,4,-1.0,-1.0,-1.0,1.0,-1.0,0.0,-1.0,-1.0
432,8,-1.0,-1.0,-1.0,0.4,-1.0,-0.5,-1.0,0.0
433,8,-1.0,-1.0,-1.0,-0.2,-1.0,-1.0,-1.0,1.0
434,3,-1.0,-1.0,0.0,-0.629,-1.0,-1.0,-1.0,0.429
435,3,-1.0,-1.0,1.0,-1.0,-1.0,-1.0,-1.0,-0.142
436,5,-1.0,-1.0,0.5,-1.0,0.0,-1.0,-1.0,-0.713
437,5,-1.0,-1.0,0.0,-1.0,1.0,-1.0,-1.0,-1.0
438,2,-1.0,0.0,-0.429,-1.0,0.429,-1.0,-1.0,-1.0
439,2,-1.0,1.0,-0.858,-1.0,-0.142,-1.0,-1.0,-1.0
440,6,-1.0,0.4,-1.0,-1.0,-0.571,0.0,-1.0,-1.0
441,6,-1.0,-0.2,-1.0,-1.0,-1.0,1.0,-1.0,-1.0
442,4,-1.0,-0.7,-1.0,0.0,-1.0,0.5,-1.0,-1.0
443,4,-1.0,-1.0,-1.0,1.0,-1.0,0.0,-1.0,-1.0
444,1,0.0,-1.0,-1.0,0.429,-1.0,-0.571,-1.0,-1.0
445,1,1.0,-1.0,-1.0,-0.142,-1.0,-1.0,-1.0,-1.0
446,3,0.5,-1.0,0.0,-0.571,-1.0,-1.0,-1.0,-1.0
447,3,0.0,-1.0,1.0,-1.0,-1.0,-1.0,-1.0,-1.0
448,4,-0.571,-1.0,0.571,0.0,-1.0,-1.0,-1.0,-1.0
449,4,-1.0,-1.0,0.142,1.0,-1.0,-1.0,-1.0,-1.0
450,1,0.0,-1.0,-0.358,0.429,-1.0,-1.0,-1.0,-1.0
451,1,1.0,-1.0,-0.858,-0.142,-1.0,-1.0,-1.0,-1.0
452,7,0.5,-1.0,-1.0,-0.713,-1.0,-1.0,0.0,-1.0
453,7,0.0,-1.0,-1.0,-1.0,-1.0,-1.0,1.0,-1.0
454,8,-0.429,-1.0,-1.0,-1.0,-1.0,-1.0,0.571,0.0
455,8,-0.858,-1.0,-1.0,-1.0,-1.0,-1.0,0.142,1.0
456,2,-1.0,0.0,-1.0,-1.0,-1.0,-1.0,-0.429,0.5
457,2,-1.0,1.0,-1.0,-1.0,-1.0,-1.0,-1.0,0.0
458,3,-1.0,0.571,0.0,-1.0,-1.0,-1.0,-1.0,-0.571
459,3,-1.0,0.142,1.0,-1.0,-1.0,-1.0,-1.0,-1.0
460,6,-1.0,-0.458,0.429,-1.0,-1.0,0.0,-1.0,-1.0
461,6,-1.0,-1.0,-0.142,-1.0,-1.0,1.0,-1.0,-1.0
462,4,-1.0,-1.0,-0.571,0.0,-1.0,0.5,-1.0,-1.0
463,4,-1.0,-1.0,-1.0,1.0,-1.0,0.0,-1.0,-1.0
464,8,-1.0,-1.0,-1.0,0.4,-1.0,-0.5,-1.0,0.0
465,8,-1.0,-1.0,-1.0,-0.2,-1.0,-1.0,-1.0,1.0
466,1,0.0,-1.0,-1.0,-0.771,-1.0,-1.0,-1.0,0.571
467,1,1.0,-1.0,-1.0,-1.0,-1.0,-1.0,-1.0,0.142
468,5,0.4,-1.0,-1.0,-1.0,0.0,-1.0,-1.0,-0.429
469,5,-0.2,-1.0,-1.0,-1.0,1.0,-1.0,-1.0,-1.0
470,6,-0.771,-1.0,-1.0,-1.0,0.571,0.0,-1.0,-1.0
471,6,-1.0,-1.0,-1.0,-1.0,0.142,1.0,-1.0,-1.0
472,4,-1.0,-1.0,-1.0,0.0,-0.287,0.5,-1.0,-1.0
473,4,-1.0,-1.0,-1.0,1.0,-0.716,0.0,-1.0,-1.0
474,1,0.0,-1.0,-1.0,0.429,-1.0,-0.571,-1.0,-1.0
475,1,1.0,-1.0,-1.0,-0.142,-1.0,-1.0,-1.0,-1.0
476,5,0.4,-1.0,-1.0,-0.571,0.0,-1.0,-1.0,-1.0
477,5,-0.2,-1.0,-1.0,-1.0,1.0,-1.0,-1.0,-1.0
478,8,-0.629,-1.0,-1.0,-1.0,0.429,-1.0,-1.0,0.0
479,8,-1.0,-1.0,-1.0,-1.0,-0.142,-1.0,-1.0,1.0
480,4,-1.0,-1.0,-1.0,0.0,-0.571,-1.0,-1.0,0.4
481,4,-1.0,-1.0,-1.0,1.0,-1.0,-1.0,-1.0,-0.2
482,1,0.0,-1.0,-1.0,0.429,-1.0,-1.0,-1.0,-0.629
483,1,1.0,-1.0,-1.0,-0.142,-1.0,-1.0,-1.0,-1.0
484,3,0.5,-1.0,0.0,-0.571,-1.0,-1.0,-1.0,-1.0
485,3,0.0,-1.0,1.0,-1.0,-1.0,-1.0,-1.0,-1.0
486,2,-0.429,0.0,0.571,-1.0,-1.0,-1.0,-1.0,-1.0
487,2,-0.858,1.0,0.142,-1.0,-1.0,-1.0,-1.0,-1.0
488,4,-1.0,0.5,-0.287,0.0,-1.0,-1.0,-1.0,-1.0
489,4,-1.0,0.0,-0.716,1.0,-1.0,-1.0,-1.0,-1.0
490,1,0.0,-0.429,-1.0,0.429,-1.0,-1.0,-1.0,-1.0
491,1,1.0,-0.858,-1.0,-0.142,-1.0,-1.0,-1.0,-1.0
492,7,0.5,-1.0,-1.0,-0.713,-1.0,-1.0,0.0,-1.0
493,7,0.0,-1.0,-1.0,-1.0,-1.0,-1.0,1.0,-1.0
494,2,-0.429,0.0,-1.0,-1.0,-1.0,-1.0,0.429,-1.0
495,2,-0.858,1.0,-1.0,-1.0,-1.0,-1.0,-0.142,-1.0
496,4,-1.0,0.5,-1.0,0.0,-1.0,-1.0,-0.713,-1.0
497,4,-1.0,0.0,-1.0,1.0,-1.0,-1.0,-1.0,-1.0
498,6,-1.0,-0.6,-1.0,0.5,-1.0,0.0,-1.0,-1.0
499,6,-1.0,-1.0,-1.0,0.0,-1.0,1.0,-1.0,-1.0
500,2,-1.0,0.0,-1.0,-0.5,-1.0,0.4,-1.0,-1.0
501,2,-1.0,1.0,-1.0,-1.0,-1.0,-0.2,-1.0,-1.0
502,7,-1.0,0.429,-1.0,-1.0,-1.0,-0.629,0.0,-1.0
503,7,-1.0,-0.142,-1.0,-1.0,-1.0,-1.0,1.0,-1.0
504,1,0.0,-0.571,-1.0,-1.0,-1.0,-1.0,0.5,-1.0
505,1,1.0,-1.0,-1.0,-1.0,-1.0,-1.0,0.0,-1.0
506,8,0.571,-1.0,-1.0,-1.0,-1.0,-1.0,-0.429,0.0
507,8,0.142,-1.0,-1.0,-1.0,-1.0,-1.0,-0.858,1.0
508,5,-0.458,-1.0,-1.0,-1.0,0.0,-1.0,-1.0,0.429
509,5,-1.0,-1.0,-1.0,-1.0,1.0,-1.0,-1.0,-0.142
510,7,-1.0,-1.0,-1.0,-1.0,0.5,-1.0,0.0,-0.571
511,7,-1.0,-1.0,-1.0,-1.0,0.0,-1.0,1.0,-1.0
512,4,-1.0,-1.0,-1.0,0.0,-0.429,-1.0,0.429,-1.0
513,4,-1.0,-1.0,-1.0,1.0,-0.858,-1.0,-0.142,-1.0
514,1,0.0,-1.0,-1.0,0.429,-1.0,-1.0,-0.642,-1.0
515,1,1.0,-1.0,-1.0,-0.142,-1.0,-1.0,-1.0,-1.0
516,5,0.4,-1.0,-1.0,-0.571,0.0,-1.0,-1.0,-1.0
517,5,-0.2,-1.0,-1.0,-1.0,1.0,-1.0,-1.0,-1.0
518,4,-0.771,-1.0,-1.0,0.0,0.571,-1.0,-1.0,-1.0
519,4,-1.0,-1.0,-1.0,1.0,0.142,-1.0,-1.0,-1.0
520,2,-1.0,0.0,-1.0,0.5,-0.429,-1.0,-1.0,-1.0
521,2,-1.0,1.0,-1.0,0.0,-1.0,-1.0,-1.0,-1.0
522,1,0.0,0.571,-1.0,-0.571,-1.0,-1.0,-1.0,-1.0
523,1,1.0,0.142,-1.0,-1.0,-1.0,-1.0,-1.0,-1.0
524,8,0.571,-0.358,-1.0,-1.0,-1.0,-1.0,-1.0,0.0
525,8,0.142,-0.858,-1.0,-1.0,-1.0,-1.0,-1.0,1.0
526,3,-0.358,-1.0,0.0,-1.0,-1.0,-1.0,-1.0,0.429
527,3,-0.858,-1.0,1.0,-1.0,-1.0,-1.0,-1.0,-0.142
528,7,-1.0,-1.0,0.4,-1.0,-1.0,-1.0,0.0,-0.571
529,7,-1.0,-1.0,-0.2,-1.0,-1.0,-1.0,1.0,-1.0
530,4,-1.0,-1.0,-0.629,0.0,-1.0,-1.0,0.429,-1.0
531,4,-1.0,-1.0,-1.0,1.0,-1.0,-1.0,-0.142,-1.0
532,8,-1.0,-1.0,-1.0,0.4,-1.0,-1.0,-0.571,0.0
533,8,-1.0,-1.0,-1.0,-0.2,-1.0,-1.0,-1.0,1.0
534,3,-1.0,-1.0,0.0,-0.629,-1.0,-1.0,-1.0,0.429
535,3,-1.0,-1.0,1.0,-1.0,-1.0,-1.0,-1.0,-0.142
536,1,0.0,-1.0,0.5,-1.0,-1.0,-1.0,-1.0,-0.571
537,1,1.0,-1.0,0.0,-1.0,-1.0,-1.0,-1.0,-1.0
538,8,0.571,-1.0,-0.571,-1.0,-1.0,-1.0,-1.0,0.0
539,8,0.142,-1.0,-1.0,-1.0,-1.0,-1.0,-1.0,1.0
540,3,-0.358,-1.0,0.0,-1.0,-1.0,-1.0,-1.0,0.429
541,3,-0.858,-1.0,1.0,-1.0,-1.0,-1.0,-1.0,-0.142
542,2,-1.0,0.0,0.571,-1.0,-1.0,-1.0,-1.0,-0.642
543,2,-1.0,1.0,0.142,-1.0,-1.0,-1.0,-1.0,-1.0
544,4,-1.0,0.5,-0.287,0.0,-1.0,-1.0,-1.0,-1.0
545,4,-1.0,0.0,-0.716,1.0,-1.0,-1.0,-1.0,-1.0
546,6,-1.0,-0.6,-1.0,0.5,-1.0,0.0,-1.0,-1.0
547,6,-1.0,-1.0,-1.0,0.0,-1.0,1.0,-1.0,-1.0
548,7,-1.0,-1.0,-1.0,-0.571,-1.0,0.571,0.0,-1.0
549,7,-1.0,-1.0,-1.0,-1.0,-1.0,0.142,1.0,-1.0
550,4,-1.0,-1.0,-1.0,0.0,-1.0,-0.358,0.429,-1.0
551,4,-1.0,-1.0,-1.0,1.0,-1.0,-0.858,-0.142,-1.0
552,3,-1.0,-1.0,0.0,0.571,-1.0,-1.0,-0.742,-1.0
553,3,-1.0,-1.0,1.0,0.142,-1.0,-1.0,-1.0,-1.0
554,2,-1.0,0.0,0.571,-0.358,-1.0,-1.0,-1.0,-1.0
555,2,-1.0,1.0,0.142,-0.858,-1.0,-1.0,-1.0,-1.0
556,1,0.0,0.571,-0.358,-1.0,-1.0,-1.0,-1.0,-1.0
557,1,1.0,0.142,-0.858,-1.0,-1.0,-1.0,-1.0,-1.0
558,6,0.429,-0.458,-1.0,-1.0,-1.0,0.0,-1.0,-1.0
559,6,-0.142,-1.0,-1.0,-1.0,-1.0,1.0,-1.0,-1.0
560,7,-0.642,-1.0,-1.0,-1.0,-1.0,0.571,0.0,-1.0
561,7,-1.0,-1.0,-1.0,-1.0,-1.0,0.142,1.0,-1.0
562,8,-1.0,-1.0,-1.0,-1.0,-1.0,-0.358,0.571,0.0
563,8,-1.0,-1.0,-1.0,-1.0,-1.0,-0.858,0.142,1.0
564,2,-1.0,0.0,-1.0,-1.0,-1.0,-1.0,-0.429,0.5
565,2,-1.0,1.0,-1.0,-1.0,-1.0,-1.0,-1.0,0.0
566,7,-1.0,0.429,-1.0,-1.0,-1.0,-1.0,0.0,-0.429
567,7,-1.0,-0.142,-1.0,-1.0,-1.0,-1.0,1.0,-0.858
568,1,0.0,-0.571,-1.0,-1.0,-1.0,-1.0,0.5,-1.0
569,1,1.0,-1.0,-1.0,-1.0,-1.0,-1.0,0.0,-1.0
570,5,0.4,-1.0,-1.0,-1.0,0.0,-1.0,-0.5,-1.0
571,5,-0.2,-1.0,-1.0,-1.0,1.0,-1.0,-1.0,-1.0
572,3,-0.7,-1.0,0.0,-1.0,0.5,-1.0,-1.0,-1.0
573,3,-1.0,-1.0,1.0,-1.0,0.0,-1.0,-1.0,-1.0
574,1,0.0,-1.0,0.5,-1.0,-0.6,-1.0,-1.0,-1.0
575,1,1.0,-1.0,0.0,-1.0,-1.0,-1.0,-1.0,-1.0
576,6,0.429,-1.0,-0.571,-1.0,-1.0,0.0,-1.0,-1.0
577,6,-0.142,-1.0,-1.0,-1.0,-1.0,1.0,-1.0,-1.0
578,2,-0.571,0.0,-1.0,-1.0,-1.0,0.4,-1.0,-1.0
579,2,-1.0,1.0,-1.0,-1.0,-1.0,-0.2,-1.0,-1.0
580,5,-1.0,0.429,-1.0,-1.0,0.0,-0.629,-1.0,-1.0
581,5,-1.0,-0.142,-1.0,-1.0,1.0,-1.0,-1.0,-1.0
582,6,-1.0,-0.742,-1.0,-1.0,0.571,0.0,-1.0,-1.0
583,6,-1.0,-1.0,-1.0,-1.0,0.142,1.0,-1.0,-1.0
584,4,-1.0,-1.0,-1.0,0.0,-0.287,0.5,-1.0,-1.0
585,4,-1.0,-1.0,-1.0,1.0,-0.716,0.0,-1.0,-1.0
586,1,0.0,-1.0,-1.0,0.429,-1.0,-0.571,-1.0,-1.0
587,1,1.0,-1.0,-1.0,-0.142,-1.0,-1.0,-1.0,-1.0
588,8,0.571,-1.0,-1.0,-0.742,-1.0,-1.0,-1.0,0.0
589,8,0.142,-1.0,-1.0,-1.0,-1.0,-1.0,-1.0,1.0
590,5,-0.458,-1.0,-1.0,-1.0,0.0,-1.0,-1.0,0.429
591,5,-1.0,-1.0,-1.0,-1.0,1.0,-1.0,-1.0,-0.142
592,7,-1.0,-1.0,-1.0,-1.0,0.5,-1.0,0.0,-0.571
593,7,-1.0,-1.0,-1.0,-1.0,0.0,-1.0,1.0,-1.0
594,2,-1.0,0.0,-1.0,-1.0,-0.571,-1.0,0.429,-1.0
595,2,-1.0,1.0,-1.0,-1.0,-1.0,-1.0,-0.142,-1.0
596,6,-1.0,0.4,-1.0,-1.0,-1.0,0.0,-0.571,-1.0
597,6,-1.0,-0.2,-1.0,-1.0,-1.0,1.0,-1.0,-1.0
598,8,-1.0,-0.7,-1.0,-1.0,-1.0,0.5,-1.0,0.0
599,8,-1.0,-1.0,-1.0,-1.0,-1.0,0.0,-1.0,1.0
600,5,-1.0,-1.0,-1.0,-1.0,0.0,-0.429,-1.0,0.429
601,5,-1.0,-1.0,-1.0,-1.0,1.0,-0.858,-1.0,-0.142
602,4,-1.0,-1.0,-1.0,0.0,0.571,-1.0,-1.0,-0.742
603,4,-1.0,-1.0,-1.0,1.0,0.142,-1.0,-1.0,-1.0
604,7,-1.0,-1.0,-1.0,0.429,-0.358,-1.0,0.0,-1.0
605,7,-1.0,-1.0,-1.0,-0.142,-0.858,-1.0,1.0,-1.0
606,8,-1.0,-1.0,-1.0,-0.742,-1.0,-1.0,0.571,0.0
607,8,-1.0,-1.0,-1.0,-1.0,-1.0,-1.0,0.142,1.0
608,4,-1.0,-1.0,-1.0,0.0,-1.0,-1.0,-0.429,0.4
609,4,-1.0,-1.0,-1.0,1.0,-1.0,-1.0,-1.0,-0.2
610,7,-1.0,-1.0,-1.0,0.429,-1.0,-1.0,0.0,-0.629
611,7,-1.0,-1.0,-1.0,-0.142,-1.0,-1.0,1.0,-1.0
612,5,-1.0,-1.0,-1.0,-0.571,0.0,-1.0,0.5,-1.0
613,5,-1.0,-1.0,-1.0,-1.0,1.0,-1.0,0.0,-1.0
614,2,-1.0,0.0,-1.0,-1.0,0.429,-1.0,-0.571,-1.0
615,2,-1.0,1.0,-1.0,-1.0,-0.142,-1.0,-1.0,-1.0
616,4,-1.0,0.5,-1.0,0.0,-0.571,-1.0,-1.0,-1.0
617,4,-1.0,0.0,-1.0,1.0,-1.0,-1.0,-1.0,-1.0
618,1,0.0,-0.429,-1.0,0.429,-1.0,-1.0,-1.0,-1.0
619,1,1.0,-0.858,-1.0,-0.142,-1.0,-1.0,-1.0,-1.0
620,7,0.5,-1.0,-1.0,-0.713,-1.0,-1.0,0.0,-1.0
621,7,0.0,-1.0,-1.0,-1.0,-1.0,-1.0,1.0,-1.0
622,5,-0.6,-1.0,-1.0,-1.0,0.0,-1.0,0.5,-1.0
623,5,-1.0,-1.0,-1.0,-1.0,1.0,-1.0,0.0,-1.0
624,6,-1.0,-1.0,-1.0,-1.0,0.571,0.0,-0.429,-1.0
625,6,-1.0,-1.0,-1.0,-1.0,0.142,1.0,-0.858,-1.0
626,2,-1.0,0.0,-1.0,-1.0,-0.429,0.4,-1.0,-1.0
627,2,-1.0,1.0,-1.0,-1.0,-1.0,-0.2,-1.0,-1.0
628,7,-1.0,0.429,-1.0,-1.0,-1.0,-0.629,0.0,-1.0
629,7,-1.0,-0.142,-1.0,-1.0,-1.0,-1.0,1.0,-1.0
630,8,-1.0,-0.642,-1.0,-1.0,-1.0,-1.0,0.571,0.0
631,8,-1.0,-1.0,-1.0,-1.0,-1.0,-1.0,0.142,1.0
632,4,-1.0,-1.0,-1.0,0.0,-1.0,-1.0,-0.429,0.4
633,4,-1.0,-1.0,-1.0,1.0,-1.0,-1.0,-1.0,-0.2
634,5,-1.0,-1.0,-1.0,0.571,0.0,-1.0,-1.0,-0.771
635,5,-1.0,-1.0,-1.0,0.142,1.0,-1.0,-1.0,-1.0
636,7,-1.0,-1.0,-1.0,-0.429,0.5,-1.0,0.0,-1.0
637,7,-1.0,-1.0,-1.0,-1.0,0.0,-1.0,1.0,-1.0
638,4,-1.0,-1.0,-1.0,0.0,-0.429,-1.0,0.429,-1.0
639,4,-1.0,-1.0,-1.0,1.0,-0.858,-1.0,-0.142,-1.0
640,3,-1.0,-1.0,0.0,0.571,-1.0,-1.0,-0.742,-1.0
641,3,-1.0,-1.0,1.0,0.142,-1.0,-1.0,-1.0,-1.0
642,1,0.0,-1.0,0.5,-0.429,-1.0,-1.0,-1.0,-1.0
643,1,1.0,-1.0,0.0,-1.0,-1.0,-1.0,-1.0,-1.0
644,2,0.571,0.0,-0.429,-1.0,-1.0,-1.0,-1.0,-1.0
645,2,0.142,1.0,-0.858,-1.0,-1.0,-1.0,-1.0,-1.0
646,4,-0.429,0.5,-1.0,0.0,-1.0,-1.0,-1.0,-1.0
647,4,-1.0,0.0,-1.0,1.0,-1.0,-1.0,-1.0,-1.0
648,5,-1.0,-0.571,-1.0,0.571,0.0,-1.0,-1.0,-1.0
649,5,-1.0,-1.0,-1.0,0.142,1.0,-1.0,-1.0,-1.0
650,6,-1.0,-1.0,-1.0,-0.358,0.571,0.0,-1.0,-1.0
651,6,-1.0,-1.0,-1.0,-0.858,0.142,1.0,-1.0,-1.0
652,8,-1.0,-1.0,-1.0,-1.0,-0.429,0.5,-1.0,0.0
653,8,-1.0,-1.0,-1.0,-1.0,-1.0,0.0,-1.0,1.0
654,2,-1.0,0.0,-1.0,-1.0,-1.0,-0.6,-1.0,0.5
655,2,-1.0,1.0,-1.0,-1.0,-1.0,-1.0,-1.0,0.0
656,5,-1.0,0.429,-1.0,-1.0,0.0,-1.0,-1.0,-0.571
657,5,-1.0,-0.142,-1.0,-1.0,1.0,-1.0,-1.0,-1.0
658,4,-1.0,-0.642,-1.0,0.0,0.571,-1.0,-1.0,-1.0
659,4,-1.0,-1.0,-1.0,1.0,0.142,-1.0,-1.0,-1.0
660,8,-1.0,-1.0,-1.0,0.4,-0.429,-1.0,-1.0,0.0
661,8,-1.0,-1.0,-1.0,-0.2,-1.0,-1.0,-1.0,1.0
662,3,-1.0,-1.0,0.0,-0.629,-1.0,-1.0,-1.0,0.429
663,3,-1.0,-1.0,1.0,-1.0,-1.0,-1.0,-1.0,-0.142
664,1,0.0,-1.0,0.5,-1.0,-1.0,-1.0,-1.0,-0.571
665,1,1.0,-1.0,0.0,-1.0,-1.0,-1.0,-1.0,-1.0
666,6,0.429,-1.0,-0.571,-1.0,-1.0,0.0,-1.0,-1.0
667,6,-0.142,-1.0,-1.0,-1.0,-1.0,1.0,-1.0,-1.0
668,2,-0.571,0.0,-1.0,-1.0,-1.0,0.4,-1.0,-1.0
669,2,-1.0,1.0,-1.0,-1.0,-1.0,-0.2,-1.0,-1.0
670,3,-1.0,0.571,0.0,-1.0,-1.0,-0.771,-1.0,-1.0
671,3,-1.0,0.142,1.0,-1.0,-1.0,-1.0,-1.0,-1.0
672,8,-1.0,-0.358,0.429,-1.0,-1.0,-1.0,-1.0,0.0
673,8,-1.0,-0.858,-0.142,-1.0,-1.0,-1.0,-1.0,1.0
674,1,0.0,-1.0,-0.642,-1.0,-1.0,-1.0,-1.0,0.571
675,1,1.0,-1.0,-1.0,-1.0,-1.0,-1.0,-1.0,0.142
676,3,0.5,-1.0,0.0,-1.0,-1.0,-1.0,-1.0,-0.429
677,3,0.0,-1.0,1.0,-1.0,-1.0,-1.0,-1.0,-1.0
678,5,-0.6,-1.0,0.5,-1.0,0.0,-1.0,-1.0,-1.0
679,5,-1.0,-1.0,0.0,-1.0,1.0,-1.0,-1.0,-1.0
680,1,0.0,-1.0,-0.5,-1.0,0.4,-1.0,-1.0,-1.0
681,1,1.0,-1.0,-1.0,-1.0,-0.2,-1.0,-1.0,-1.0
682,2,0.571,0.0,-1.0,-1.0,-0.771,-1.0,-1.0,-1.0
683,2,0.142,1.0,-1.0,-1.0,-1.0,-1.0,-1.0,-1.0
684,7,-0.358,0.429,-1.0,-1.0,-1.0,-1.0,0.0,-1.0
685,7,-0.858,-0.142,-1.0,-1.0,-1.0,-1.0,1.0,-1.0
686,5,-1.0,-0.713,-1.0,-1.0,0.0,-1.0,0.5,-1.0
687,5,-1.0,-1.0,-1.0,-1.0,1.0,-1.0,0.0,-1.0
688,6,-1.0,-1.0,-1.0,-1.0,0.571,0.0,-0.429,-1.0
689,6,-1.0,-1.0,-1.0,-1.0,0.142,1.0,-0.858,-1.0
690,2,-1.0,0.0,-1.0,-1.0,-0.429,0.4,-1.0,-1.0
691,2,-1.0,1.0,-1.0,-1.0,-1.0,-0.2,-1.0,-1.0
692,3,-1.0,0.571,0.0,-1.0,-1.0,-0.771,-1.0,-1.0
693,3,-1.0,0.142,1.0,-1.0,-1.0,-1.0,-1.0,-1.0
694,5,-1.0,-0.429,0.5,-1.0,0.0,-1.0,-1.0,-1.0
695,5,-1.0,-1.0,0.0,-1.0,1.0,-1.0,-1.0,-1.0
696,8,-1.0,-1.0,-0.571,-1.0,0.429,-1.0,-1.0,0.0
697,8,-1.0,-1.0,-1.0,-1.0,-0.142,-1.0,-1.0,1.0
698,2,-1.0,0.0,-1.0,-1.0,-0.713,-1.0,-1.0,0.5
699,2,-1.0,1.0,-1.0,-1.0,-1.0,-1.0,-1.0,0.0
700,4,-1.0,0.5,-1.0,0.0,-1.0,-1.0,-1.0,-0.6
701,4,-1.0,0.0,-1.0,1.0,-1.0,-1.0,-1.0,-1.0
702,3,-1.0,-0.429,0.0,0.571,-1.0,-1.0,-1.0,-1.0
703,3,-1.0,-0.858,1.0,0.142,-1.0,-1.0,-1.0,-1.0
704,7,-1.0,-1.0,0.4,-0.429,-1.0,-1.0,0.0,-1.0
705,7,-1.0,-1.0,-0.2,-1.0,-1.0,-1.0,1.0,-1.0
706,1,0.0,-1.0,-0.7,-1.0,-1.0,-1.0,0.5,-1.0
707,1,1.0,-1.0,-1.0,-1.0,-1.0,-1.0,0.0,-1.0
708,8,0.571,-1.0,-1.0,-1.0,-1.0,-1.0,-0.429,0.0
709,8,0.142,-1.0,-1.0,-1.0,-1.0,-1.0,-0.858,1.0
710,5,-0.458,-1.0,-1.0,-1.0,0.0,-1.0,-1.0,0.429
711,5,-1.0,-1.0,-1.0,-1.0,1.0,-1.0,-1.0,-0.142
712,3,-1.0,-1.0,0.0,-1.0,0.5,-1.0,-1.0,-0.713
713,3,-1.0,-1.0,1.0,-1.0,0.0,-1.0,-1.0,-1.0
714,4,-1.0,-1.0,0.571,0.0,-0.429,-1.0,-1.0,-1.0
715,4,-1.0,-1.0,0.142,1.0,-0.858,-1.0,-1.0,-1.0
716,7,-1.0,-1.0,-0.458,0.429,-1.0,-1.0,0.0,-1.0
717,7,-1.0,-1.0,-1.0,-0.142,-1.0,-1.0,1.0,-1.0
718,1,0.0,-1.0,-1.0,-0.713,-1.0,-1.0,0.5,-1.0
719,1,1.0,-1.0,-1.0,-1.0,-1.0,-1.0,0.0,-1.0
720,2,0.571,0.0,-1.0,-1.0,-1.0,-1.0,-0.571,-1.0
721,2,0.142,1.0,-1.0,-1.0,-1.0,-1.0,-1.0,-1.0
722,7,-0.358,0.429,-1.0,-1.0,-1.0,-1.0,0.0,-1.0
723,7,-0.858,-0.142,-1.0,-1.0,-1.0,-1.0,1.0,-1.0
724,4,-1.0,-0.642,-1.0,0.0,-1.0,-1.0,0.429,-1.0
725,4,-1.0,-1.0,-1.0,1.0,-1.0,-1.0,-0.142,-1.0
726,6,-1.0,-1.0,-1.0,0.5,-1.0,0.0,-0.571,-1.0
727,6,-1.0,-1.0,-1.0,0.0,-1.0,1.0,-1.0,-1.0
728,1,0.0,-1.0,-1.0,-0.571,-1.0,0.429,-1.0,-1.0
729,1,1.0,-1.0,-1.0,-1.0,-1.0,-0.142,-1.0,-1.0
730,5,0.4,-1.0,-1.0,-1.0,0.0,-0.571,-1.0,-1.0
731,5,-0.2,-1.0,-1.0,-1.0,1.0,-1.0,-1.0,-1.0
732,3,-0.7,-1.0,0.0,-1.0,0.5,-1.0,-1.0,-1.0
733,3,-1.0,-1.0,1.0,-1.0,0.0,-1.0,-1.0,-1.0
734,6,-1.0,-1.0,0.429,-1.0,-0.429,0.0,-1.0,-1.0
735,6,-1.0,-1.0,-0.142,-1.0,-0.858,1.0,-1.0,-1.0
736,8,-1.0,-1.0,-0.713,-1.0,-1.0,0.5,-1.0,0.0
737,8,-1.0,-1.0,-1.0,-1.0,-1.0,0.0,-1.0,1.0
738,3,-1.0,-1.0,0.0,-1.0,-1.0,-0.571,-1.0,0.429
739,3,-1.0,-1.0,1.0,-1.0,-1.0,-1.0,-1.0,-0.142
740,5,-1.0,-1.0,0.5,-1.0,0.0,-1.0,-1.0,-0.713
741,5,-1.0,-1.0,0.0,-1.0,1.0,-1.0,-1.0,-1.0
742,7,-1.0,-1.0,-0.6,-1.0,0.5,-1.0,0.0,-1.0
743,7,-1.0,-1.0,-1.0,-1.0,0.0,-1.0,1.0,-1.0
744,6,-1.0,-1.0,-1.0,-1.0,-0.429,0.0,0.571,-1.0
745,6,-1.0,-1.0,-1.0,-1.0,-0.858,1.0,0.142,-1.0
746,8,-1.0,-1.0,-1.0,-1.0,-1.0,0.5,-0.287,0.0
747,8,-1.0,-1.0,-1.0,-1.0,-1.0,0.0,-0.716,1.0
748,3,-1.0,-1.0,0.0,-1.0,-1.0,-0.571,-1.0,0.429
749,3,-1.0,-1.0,1.0,-1.0,-1.0,-1.0,-1.0,-0.142
750,4,-1.0,-1.0,0.571,0.0,-1.0,-1.0,-1.0,-0.742
751,4,-1.0,-1.0,0.142,1.0,-1.0,-1.0,-1.0,-1.0
752,5,-1.0,-1.0,-0.358,0.571,0.0,-1.0,-1.0,-1.0
753,5,-1.0,-1.0,-0.858,0.142,1.0,-1.0,-1.0,-1.0
754,2,-1.0,0.0,-1.0,-0.358,0.429,-1.0,-1.0,-1.0
755,2,-1.0,1.0,-1.0,-0.858,-0.142,-1.0,-1.0,-1.0
756,6,-1.0,0.4,-1.0,-1.0,-0.571,0.0,-1.0,-1.0
757,6,-1.0,-0.2,-1.0,-1.0,-1.0,1.0,-1.0,-1.0
758,4,-1.0,-0.7,-1.0,0.0,-1.0,0.5,-1.0,-1.0
759,4,-1.0,-1.0,-1.0,1.0,-1.0,0.0,-1.0,-1.0
760,3,-1.0,-1.0,0.0,0.571,-1.0,-0.571,-1.0,-1.0
761,3,-1.0,-1.0,1.0,0.142,-1.0,-1.0,-1.0,-1.0
762,6,-1.0,-1.0,0.429,-0.358,-1.0,0.0,-1.0,-1.0
763,6,-1.0,-1.0,-0.142,-0.858,-1.0,1.0,-1.0,-1.0
764,5,-1.0,-1.0,-0.642,-1.0,0.0,0.571,-1.0,-1.0
765,5,-1.0,-1.0,-1.0,-1.0,1.0,0.142,-1.0,-1.0
766,2,-1.0,0.0,-1.0,-1.0,0.429,-0.458,-1.0,-1.0
767,2,-1.0,1.0,-1.0,-1.0,-0.142,-1.0,-1.0,-1.0
768,7,-1.0,0.429,-1.0,-1.0,-0.642,-1.0,0.0,-1.0
769,7,-1.0,-0.142,-1.0,-1.0,-1.0,-1.0,1.0,-1.0
770,5,-1.0,-0.713,-1.0,-1.0,0.0,-1.0,0.5,-1.0
771,5,-1.0,-1.0,-1.0,-1.0,1.0,-1.0,0.0,-1.0
772,1,0.0,-1.0,-1.0,-1.0,0.4,-1.0,-0.5,-1.0
773,1,1.0,-1.0,-1.0,-1.0,-0.2,-1.0,-1.0,-1.0
774,4,0.429,-1.0,-1.0,0.0,-0.629,-1.0,-1.0,-1.0
775,4,-0.142,-1.0,-1.0,1.0,-1.0,-1.0,-1.0,-1.0
776,7,-0.642,-1.0,-1.0,0.429,-1.0,-1.0,0.0,-1.0
777,7,-1.0,-1.0,-1.0,-0.142,-1.0,-1.0,1.0,-1.0
778,6,-1.0,-1.0,-1.0,-0.642,-1.0,0.0,0.571,-1.0
779,6,-1.0,-1.0,-1.0,-1.0,-1.0,1.0,0.142,-1.0
780,4,-1.0,-1.0,-1.0,0.0,-1.0,0.5,-0.429,-1.0
781,4,-1.0,-1.0,-1.0,1.0,-1.0,0.0,-1.0,-1.0
782,1,0.0,-1.0,-1.0,0.429,-1.0,-0.571,-1.0,-1.0
783,1,1.0,-1.0,-1.0,-0.142,-1.0,-1.0,-1.0,-1.0
784,8,0.571,-1.0,-1.0,-0.742,-1.0,-1.0,-1.0,0.0
785,8,0.142,-1.0,-1.0,-1.0,-1.0,-1.0,-1.0,1.0
786,3,-0.358,-1.0,0.0,-1.0,-1.0,-1.0,-1.0,0.429
787,3,-0.858,-1.0,1.0,-1.0,-1.0,-1.0,-1.0,-0.142
788,7,-1.0,-1.0,0.4,-1.0,-1.0,-1.0,0.0,-0.571
789,7,-1.0,-1.0,-0.2,-1.0,-1.0,-1.0,1.0,-1.0
790,8,-1.0,-1.0,-0.771,-1.0,-1.0,-1.0,0.571,0.0
791,8,-1.0,-1.0,-1.0,-1.0,-1.0,-1.0,0.142,1.0
792,5,-1.0,-1.0,-1.0,-1.0,0.0,-1.0,-0.358,0.429
793,5,-1.0,-1.0,-1.0,-1.0,1.0,-1.0,-0.858,-0.142
794,6,-1.0,-1.0,-1.0,-1.0,0.571,0.0,-1.0,-0.642
795,6,-1.0,-1.0,-1.0,-1.0,0.142,1.0,-1.0,-1.0
796,7,-1.0,-1.0,-1.0,-1.0,-0.358,0.571,0.0,-1.0
797,7,-1.0,-1.0,-1.0,-1.0,-0.858,0.142,1.0,-1.0
798,4,-1.0,-1.0,-1.0,0.0,-1.0,-0.358,0.429,-1.0
799,4,-1.0,-1.0,-1.0,1.0,-1.0,-0.858,-0.142,-1.0
800,1,0.0,-1.0,-1.0,0.429,-1.0,-1.0,-0.642,-1.0
801,1,1.0,-1.0,-1.0,-0.142,-1.0,-1.0,-1.0,-1.0
802,7,0.5,-1.0,-1.0,-0.713,-1.0,-1.0,0.0,-1.0
803,7,0.0,-1.0,-1.0,-1.0,-1.0,-1.0,1.0,-1.0
804,3,-0.5,-1.0,0.0,-1.0,-1.0,-1.0,0.4,-1.0
805,3,-1.0,-1.0,1.0,-1.0,-1.0,-1.0,-0.2,-1.0
806,2,-1.0,0.0,0.571,-1.0,-1.0,-1.0,-0.771,-1.0
807,2,-1.0,1.0,0.142,-1.0,-1.0,-1.0,-1.0,-1.0
808,5,-1.0,0.429,-0.358,-1.0,0.0,-1.0,-1.0,-1.0
809,5,-1.0,-0.142,-0.858,-1.0,1.0,-1.0,-1.0,-1.0
810,8,-1.0,-0.642,-1.0,-1.0,0.429,-1.0,-1.0,0.0
811,8,-1.0,-1.0,-1.0,-1.0,-0.142,-1.0,-1.0,1.0
812,6,-1.0,-1.0,-1.0,-1.0,-0.571,0.0,-1.0,0.5
813,6,-1.0,-1.0,-1.0,-1.0,-1.0,1.0,-1.0,0.0
814,5,-1.0,-1.0,-1.0,-1.0,0.0,0.571,-1.0,-0.571
815,5,-1.0,-1.0,-1.0,-1.0,1.0,0.142,-1.0,-1.0
816,8,-1.0,-1.0,-1.0,-1.0,0.429,-0.358,-1.0,0.0
817,8,-1.0,-1.0,-1.0,-1.0,-0.142,-0.858,-1.0,1.0
818,7,-1.0,-1.0,-1.0,-1.0,-0.642,-1.0,0.0,0.571
819,7,-1.0,-1.0,-1.0,-1.0,-1.0,-1.0,1.0,0.142
820,5,-1.0,-1.0,-1.0,-1.0,0.0,-1.0,0.5,-0.429
821,5,-1.0,-1.0,-1.0,-1.0,1.0,-1.0,0.0,-1.0
822,2,-1.0,0.0,-1.0,-1.0,0.429,-1.0,-0.571,-1.0
823,2,-1.0,1.0,-1.0,-1.0,-0.142,-1.0,-1.0,-1.0
824,1,0.0,0.571,-1.0,-1.0,-0.742,-1.0,-1.0,-1.0
825,1,1.0,0.142,-1.0,-1.0,-1.0,-1.0,-1.0,-1.0
826,3,0.5,-0.287,0.0,-1.0,-1.0,-1.0,-1.0,-1.0
827,3,0.0,-0.716,1.0,-1.0,-1.0,-1.0,-1.0,-1.0
828,6,-0.571,-1.0,0.429,-1.0,-1.0,0.0,-1.0,-1.0
829,6,-1.0,-1.0,-0.142,-1.0,-1.0,1.0,-1.0,-1.0
830,2,-1.0,0.0,-0.571,-1.0,-1.0,0.4,-1.0,-1.0
831,2,-1.0,1.0,-1.0,-1.0,-1.0,-0.2,-1.0,-1.0
832,7,-1.0,0.429,-1.0,-1.0,-1.0,-0.629,0.0,-1.0
833,7,-1.0,-0.142,-1.0,-1.0,-1.0,-1.0,1.0,-1.0
834,1,0.0,-0.571,-1.0,-1.0,-1.0,-1.0,0.5,-1.0
835,1,1.0,-1.0,-1.0,-1.0,-1.0,-1.0,0.0,-1.0
836,5,0.4,-1.0,-1.0,-1.0,0.0,-1.0,-0.5,-1.0
837,5,-0.2,-1.0,-1.0,-1.0,1.0,-1.0,-1.0,-1.0
838,6,-0.771,-1.0,-1.0,-1.0,0.571,0.0,-1.0,-1.0
839,6,-1.0,-1.0,-1.0,-1.0,0.142,1.0,-1.0,-1.0
840,4,-1.0,-1.0,-1.0,0.0,-0.287,0.5,-1.0,-1.0
841,4,-1.0,-1.0,-1.0,1.0,-0.716,0.0,-1.0,-1.0
842,8,-1.0,-1.0,-1.0,0.4,-1.0,-0.5,-1.0,0.0
843,8,-1.0,-1.0,-1.0,-0.2,-1.0,-1.0,-1.0,1.0
844,6,-1.0,-1.0,-1.0,-0.7,-1.0,0.0,-1.0,0.5
845,6,-1.0,-1.0,-1.0,-1.0,-1.0,1.0,-1.0,0.0
846,3,-1.0,-1.0,0.0,-1.0,-1.0,0.429,-1.0,-0.571
847,3,-1.0,-1.0,1.0,-1.0,-1.0,-0.142,-1.0,-1.0
848,4,-1.0,-1.0,0.571,0.0,-1.0,-0.642,-1.0,-1.0
849,4,-1.0,-1.0,0.142,1.0,-1.0,-1.0,-1.0,-1.0
850,5,-1.0,-1.0,-0.358,0.571,0.0,-1.0,-1.0,-1.0
851,5,-1.0,-1.0,-0.858,0.142,1.0,-1.0,-1.0,-1.0
852,7,-1.0,-1.0,-1.0,-0.429,0.5,-1.0,0.0,-1.0
853,7,-1.0,-1.0,-1.0,-1.0,0.0,-1.0,1.0,-1.0
854,6,-1.0,-1.0,-1.0,-1.0,-0.429,0.0,0.571,-1.0
855,6,-1.0,-1.0,-1.0,-1.0,-0.858,1.0,0.142,-1.0
856,4,-1.0,-1.0,-1.0,0.0,-1.0,0.5,-0.429,-1.0
857,4,-1.0,-1.0,-1.0,1.0,-1.0,0.0,-1.0,-1.0
858,3,-1.0,-1.0,0.0,0.571,-1.0,-0.571,-1.0,-1.0
859,3,-1.0,-1.0,1.0,0.142,-1.0,-1.0,-1.0,-1.0
860,7,-1.0,-1.0,0.4,-0.429,-1.0,-1.0,0.0,-1.0
861,7,-1.0,-1.0,-0.2,-1.0,-1.0,-1.0,1.0,-1.0
862,2,-1.0,0.0,-0.629,-1.0,-1.0,-1.0,0.429,-1.0
863,2,-1.0,1.0,-1.0,-1.0,-1.0,-1.0,-0.142,-1.0
864,1,0.0,0.571,-1.0,-1.0,-1.0,-1.0,-0.642,-1.0
865,1,1.0,0.142,-1.0,-1.0,-1.0,-1.0,-1.0,-1.0
866,3,0.5,-0.287,0.0,-1.0,-1.0,-1.0,-1.0,-1.0
867,3,0.0,-0.716,1.0,-1.0,-1.0,-1.0,-1.0,-1.0
868,6,-0.571,-1.0,0.429,-1.0,-1.0,0.0,-1.0,-1.0
869,6,-1.0,-1.0,-0.142,-1.0,-1.0,1.0,-1.0,-1.0
870,5,-1.0,-1.0,-0.642,-1.0,0.0,0.571,-1.0,-1.0
871,5,-1.0,-1.0,-1.0,-1.0,1.0,0.142,-1.0,-1.0
872,2,-1.0,0.0,-1.0,-1.0,0.429,-0.458,-1.0,-1.0
873,2,-1.0,1.0,-1.0,-1.0,-0.142,-1.0,-1.0,-1.0
874,7,-1.0,0.429,-1.0,-1.0,-0.642,-1.0,0.0,-1.0
875,7,-1.0,-0.142,-1.0,-1.0,-1.0,-1.0,1.0,-1.0
876,5,-1.0,-0.713,-1.0,-1.0,0.0,-1.0,0.5,-1.0
877,5,-1.0,-1.0,-1.0,-1.0,1.0,-1.0,0.0,-1.0
878,3,-1.0,-1.0,0.0,-1.0,0.5,-1.0,-0.6,-1.0
879,3,-1.0,-1.0,1.0,-1.0,0.0,-1.0,-1.0,-1.0
880,6,-1.0,-1.0,0.429,-1.0,-0.429,0.0,-1.0,-1.0
881,6,-1.0,-1.0,-0.142,-1.0,-0.858,1.0,-1.0,-1.0
882,4,-1.0,-1.0,-0.571,0.0,-1.0,0.5,-1.0,-1.0
883,4,-1.0,-1.0,-1.0,1.0,-1.0,0.0,-1.0,-1.0
884,8,-1.0,-1.0,-1.0,0.4,-1.0,-0.5,-1.0,0.0
885,8,-1.0,-1.0,-1.0,-0.2,-1.0,-1.0,-1.0,1.0
886,1,0.0,-1.0,-1.0,-0.771,-1.0,-1.0,-1.0,0.571
887,1,1.0,-1.0,-1.0,-1.0,-1.0,-1.0,-1.0,0.142
888,2,0.571,0.0,-1.0,-1.0,-1.0,-1.0,-1.0,-0.358
889,2,0.142,1.0,-1.0,-1.0,-1.0,-1.0,-1.0,-0.858
890,6,-0.429,0.4,-1.0,-1.0,-1.0,0.0,-1.0,-1.0
891,6,-1.0,-0.2,-1.0,-1.0,-1.0,1.0,-1.0,-1.0
892,3,-1.0,-0.629,0.0,-1.0,-1.0,0.429,-1.0,-1.0
893,3,-1.0,-1.0,1.0,-1.0,-1.0,-0.142,-1.0,-1.0
894,7,-1.0,-1.0,0.4,-1.0,-1.0,-0.571,0.0,-1.0
895,7,-1.0,-1.0,-0.2,-1.0,-1.0,-1.0,1.0,-1.0
896,4,-1.0,-1.0,-0.629,0.0,-1.0,-1.0,0.429,-1.0
897,4,-1.0,-1.0,-1.0,1.0,-1.0,-1.0,-0.142,-1.0
898,6,-1.0,-1.0,-1.0,0.5,-1.0,0.0,-0.571,-1.0
899,6,-1.0,-1.0,-1.0,0.0,-1.0,1.0,-1.0,-1.0
900,1,0.0,-1.0,-1.0,-0.571,-1.0,0.429,-1.0,-1.0
901,1,1.0,-1.0,-1.0,-1.0,-1.0,-0.142,-1.0,-1.0
902,3,0.5,-1.0,0.0,-1.0,-1.0,-0.713,-1.0,-1.0
903,3,0.0,-1.0,1.0,-1.0,-1.0,-1.0,-1.0,-1.0
904,4,-0.571,-1.0,0.571,0.0,-1.0,-1.0,-1.0,-1.0
905,4,-1.0,-1.0,0.142,1.0,-1.0,-1.0,-1.0,-1.0
906,7,-1.0,-1.0,-0.458,0.429,-1.0,-1.0,0.0,-1.0
907,7,-1.0,-1.0,-1.0,-0.142,-1.0,-1.0,1.0,-1.0
908,1,0.0,-1.0,-1.0,-0.713,-1.0,-1.0,0.5,-1.0
909,1,1.0,-1.0,-1.0,-1.0,-1.0,-1.0,0.0,-1.0
910,6,0.429,-1.0,-1.0,-1.0,-1.0,0.0,-0.429,-1.0
911,6,-0.142,-1.0,-1.0,-1.0,-1.0,1.0,-0.858,-1.0
912,5,-0.742,-1.0,-1.0,-1.0,0.0,0.571,-1.0,-1.0
913,5,-1.0,-1.0,-1.0,-1.0,1.0,0.142,-1.0,-1.0
914,2,-1.0,0.0,-1.0,-1.0,0.429,-0.458,-1.0,-1.0
915,2,-1.0,1.0,-1.0,-1.0,-0.142,-1.0,-1.0,-1.0
916,3,-1.0,0.571,0.0,-1.0,-0.642,-1.0,-1.0,-1.0
917,3,-1.0,0.142,1.0,-1.0,-1.0,-1.0,-1.0,-1.0
918,6,-1.0,-0.458,0.429,-1.0,-1.0,0.0,-1.0,-1.0
919,6,-1.0,-1.0,-0.142,-1.0,-1.0,1.0,-1.0,-1.0
920,1,0.0,-1.0,-0.642,-1.0,-1.0,0.429,-1.0,-1.0
921,1,1.0,-1.0,-1.0,-1.0,-1.0,-0.142,-1.0,-1.0
922,3,0.5,-1.0,0.0,-1.0,-1.0,-0.713,-1.0,-1.0
923,3,0.0,-1.0,1.0,-1.0,-1.0,-1.0,-1.0,-1.0
924,8,-0.429,-1.0,0.429,-1.0,-1.0,-1.0,-1.0,0.0
925,8,-0.858,-1.0,-0.142,-1.0,-1.0,-1.0,-1.0,1.0
926,5,-1.0,-1.0,-0.642,-1.0,0.0,-1.0,-1.0,0.429
927,5,-1.0,-1.0,-1.0,-1.0,1.0,-1.0,-1.0,-0.142
928,3,-1.0,-1.0,0.0,-1.0,0.5,-1.0,-1.0,-0.713
929,3,-1.0,-1.0,1.0,-1.0,0.0,-1.0,-1.0,-1.0
930,1,0.0,-1.0,0.5,-1.0,-0.6,-1.0,-1.0,-1.0
931,1,1.0,-1.0,0.0,-1.0,-1.0,-1.0,-1.0,-1.0
932,6,0.429,-1.0,-0.571,-1.0,-1.0,0.0,-1.0,-1.0
933,6,-0.142,-1.0,-1.0,-1.0,-1.0,1.0,-1.0,-1.0
934,7,-0.642,-1.0,-1.0,-1.0,-1.0,0.571,0.0,-1.0
935,7,-1.0,-1.0,-1.0,-1.0,-1.0,0.142,1.0,-1.0
936,1,0.0,-1.0,-1.0,-1.0,-1.0,-0.429,0.5,-1.0
937,1,1.0,-1.0,-1.0,-1.0,-1.0,-1.0,0.0,-1.0
938,6,0.429,-1.0,-1.0,-1.0,-1.0,0.0,-0.429,-1.0
939,6,-0.142,-1.0,-1.0,-1.0,-1.0,1.0,-0.858,-1.0
940,2,-0.571,0.0,-1.0,-1.0,-1.0,0.4,-1.0,-1.0
941,2,-1.0,1.0,-1.0,-1.0,-1.0,-0.2,-1.0,-1.0
942,4,-1.0,0.5,-1.0,0.0,-1.0,-0.7,-1.0,-1.0
943,4,-1.0,0.0,-1.0,1.0,-1.0,-1.0,-1.0,-1.0
944,8,-1.0,-0.5,-1.0,0.4,-1.0,-1.0,-1.0,0.0
945,8,-1.0,-1.0,-1.0,-0.2,-1.0,-1.0,-1.0,1.0
946,5,-1.0,-1.0,-1.0,-0.629,0.0,-1.0,-1.0,0.429
947,5,-1.0,-1.0,-1.0,-1.0,1.0,-1.0,-1.0,-0.142
948,3,-1.0,-1.0,0.0,-1.0,0.5,-1.0,-1.0,-0.713
949,3,-1.0,-1.0,1.0,-1.0,0.0,-1.0,-1.0,-1.0
950,6,-1.0,-1.0,0.429,-1.0,-0.429,0.0,-1.0,-1.0
951,6,-1.0,-1.0,-0.142,-1.0,-0.858,1.0,-1.0,-1.0
952,8,-1.0,-1.0,-0.713,-1.0,-1.0,0.5,-1.0,0.0
953,8,-1.0,-1.0,-1.0,-1.0,-1.0,0.0,-1.0,1.0
954,1,0.0,-1.0,-1.0,-1.0,-1.0,-0.571,-1.0,0.571
955,1,1.0,-1.0,-1.0,-1.0,-1.0,-1.0,-1.0,0.142
956,3,0.5,-1.0,0.0,-1.0,-1.0,-1.0,-1.0,-0.429
957,3,0.0,-1.0,1.0,-1.0,-1.0,-1.0,-1.0,-1.0
958,4,-0.571,-1.0,0.571,0.0,-1.0,-1.0,-1.0,-1.0
959,4,-1.0,-1.0,0.142,1.0,-1.0,-1.0,-1.0,-1.0
960,6,-1.0,-1.0,-0.429,0.5,-1.0,0.0,-1.0,-1.0
961,6,-1.0,-1.0,-1.0,0.0,-1.0,1.0,-1.0,-1.0
962,8,-1.0,-1.0,-1.0,-0.6,-1.0,0.5,-1.0,0.0
963,8,-1.0,-1.0,-1.0,-1.0,-1.0,0.0,-1.0,1.0
964,7,-1.0,-1.0,-1.0,-1.0,-1.0,-0.429,0.0,0.571
965,7,-1.0,-1.0,-1.0,-1.0,-1.0,-0.858,1.0,0.142
966,4,-1.0,-1.0,-1.0,0.0,-1.0,-1.0,0.429,-0.458
967,4,-1.0,-1.0,-1.0,1.0,-1.0,-1.0,-0.142,-1.0
968,3,-1.0,-1.0,0.0,0.571,-1.0,-1.0,-0.742,-1.0
969,3,-1.0,-1.0,1.0,0.142,-1.0,-1.0,-1.0,-1.0
970,2,-1.0,0.0,0.571,-0.358,-1.0,-1.0,-1.0,-1.0
971,2,-1.0,1.0,0.142,-0.858,-1.0,-1.0,-1.0,-1.0
972,6,-1.0,0.4,-0.429,-1.0,-1.0,0.0,-1.0,-1.0
973,6,-1.0,-0.2,-1.0,-1.0,-1.0,1.0,-1.0,-1.0
974,7,-1.0,-0.771,-1.0,-1.0,-1.0,0.571,0.0,-1.0
975,7,-1.0,-1.0,-1.0,-1.0,-1.0,0.142,1.0,-1.0
976,2,-1.0,0.0,-1.0,-1.0,-1.0,-0.458,0.429,-1.0
977,2,-1.0,1.0,-1.0,-1.0,-1.0,-1.0,-0.142,-1.0
978,6,-1.0,0.4,-1.0,-1.0,-1.0,0.0,-0.571,-1.0
979,6,-1.0,-0.2,-1.0,-1.0,-1.0,1.0,-1.0,-1.0
980,1,0.0,-0.629,-1.0,-1.0,-1.0,0.429,-1.0,-1.0
981,1,1.0,-1.0,-1.0,-1.0,-1.0,-0.142,-1.0,-1.0
982,4,0.429,-1.0,-1.0,0.0,-1.0,-0.642,-1.0,-1.0
983,4,-0.142,-1.0,-1.0,1.0,-1.0,-1.0,-1.0,-1.0
984,6,-0.713,-1.0,-1.0,0.5,-1.0,0.0,-1.0,-1.0
985,6,-1.0,-1.0,-1.0,0.0,-1.0,1.0,-1.0,-1.0
986,2,-1.0,0.0,-1.0,-0.5,-1.0,0.4,-1.0,-1.0
987,2,-1.0,1.0,-1.0,-1.0,-1.0,-0.2,-1.0,-1.0
988,4,-1.0,0.5,-1.0,0.0,-1.0,-0.7,-1.0,-1.0
989,4,-1.0,0.0,-1.0,1.0,-1.0,-1.0,-1.0,-1.0
990,6,-1.0,-0.6,-1.0,0.5,-1.0,0.0,-1.0,-1.0
991,6,-1.0,-1.0,-1.0,0.0,-1.0,1.0,-1.0,-1.0
992,1,0.0,-1.0,-1.0,-0.571,-1.0,0.429,-1.0,-1.0
993,1,1.0,-1.0,-1.0,-1.0,-1.0,-0.142,-1.0,-1.0
994,3,0.5,-1.0,0.0,-1.0,-1.0,-0.713,-1.0,-1.0
995,3,0.0,-1.0,1.0,-1.0,-1.0,-1.0,-1.0,-1.0
996,7,-0.5,-1.0,0.4,-1.0,-1.0,-1.0,0.0,-1.0
997,7,-1.0,-1.0,-0.2,-1.0,-1.0,-1.0,1.0,-1.0
998,1,0.0,-1.0,-0.7,-1.0,-1.0,-1.0,0.5,-1.0
999,1,1.0,-1.0,-1.0,-1.0,-1.0,-1.0,0.0,-1.0
