step,active_motive,motive_1,motive_2,motive_3,motive_4,motive_5,motive_6,motive_7,motive_8
0,,0.88349,0.74772,0.95307,0.33075,0.55276,0.57229,0.98033,0.07535
1,,0.86349,0.72772,0.93307,0.31075,0.53276,0.55229,0.96033,0.05535
2,,0.84349,0.70772,0.91307,0.29075,0.51276,0.53229,0.94033,0.03535
3,,0.82349,0.68772,0.89307,0.27075,0.49276,0.51229,0.92033,0.01535
4,,0.80349,0.66772,0.87307,0.25075,0.47276,0.49229,0.90033,-0.00465
5,8,0.99549,0.64772,0.64107,-0.06925,0.24076,0.47229,1.0,0.99535
6,8,1.0,0.62772,0.40907,-0.38925,0.00876,0.45229,1.0,1.0
7,4,0.768,0.60772,0.60107,0.61075,0.20076,0.43229,0.768,0.68
8,4,0.536,0.58772,0.79307,1.0,0.39276,0.41229,0.536,0.36
9,,0.516,0.56772,0.77307,0.98,0.37276,0.39229,0.516,0.34
10,,0.496,0.54772,0.75307,0.96,0.35276,0.37229,0.496,0.32
11,,0.476,0.52772,0.73307,0.94,0.33276,0.35229,0.476,0.3
12,,0.456,0.50772,0.71307,0.92,0.31276,0.33229,0.456,0.28
13,,0.436,0.48772,0.69307,0.9,0.29276,0.31229,0.436,0.26
14,,0.416,0.46772,0.67307,0.88,0.27276,0.29229,0.416,0.24
15,,0.396,0.44772,0.65307,0.86,0.25276,0.27229,0.396,0.22
16,,0.376,0.42772,0.63307,0.84,0.23276,0.25229,0.376,0.2
17,,0.356,0.40772,0.61307,0.82,0.21276,0.23229,0.356,0.18
18,,0.336,0.38772,0.59307,0.8,0.19276,0.21229,0.336,0.16
19,,0.316,0.36772,0.57307,0.78,0.17276,0.19229,0.316,0.14
20,,0.296,0.34772,0.55307,0.76,0.15276,0.17229,0.296,0.12
21,,0.276,0.32772,0.53307,0.74,0.13276,0.15229,0.276,0.1
22,,0.256,0.30772,0.51307,0.72,0.11276,0.13229,0.256,0.08
23,,0.236,0.28772,0.49307,0.7,0.09276,0.11229,0.236,0.06
24,,0.216,0.26772,0.47307,0.68,0.07276,0.09229,0.216,0.04
25,,0.196,0.24772,0.45307,0.66,0.05276,0.07229,0.196,0.02
26,,0.176,0.22772,0.43307,0.64,0.03276,0.05229,0.176,0.0
27,,0.156,0.20772,0.41307,0.62,0.01276,0.03229,0.156,-0.02
28,8,0.348,0.18772,0.18107,0.3,-0.21924,0.01229,0.348,0.98
29,8,0.54,0.16772,-0.05093,-0.02,-0.45124,-0.00771,0.54,1.0
30,5,0.22,-0.06428,-0.07093,0.172,0.54876,0.18429,0.52,0.768
31,5,-0.1,-0.29628,-0.09093,0.364,1.0,0.37629,0.5,0.536
32,2,0.092,0.70372,0.10107,0.344,0.768,0.05629,0.268,0.516
33,2,0.284,1.0,0.29307,0.324,0.536,-0.26371,0.036,0.496
34,6,0.052,0.68,0.06107,0.304,0.728,0.73629,0.228,0.476
35,6,-0.18,0.36,-0.17093,0.284,0.92,1.0,0.42,0.456
36,1,0.82,0.552,-0.19093,0.052,0.6,0.768,0.4,0.648
37,1,1.0,0.744,-0.21093,-0.18,0.28,0.536,0.38,0.84
38,3,0.98,0.936,0.78907,0.012,0.26,0.304,0.06,0.608
39,3,0.96,1.0,1.0,0.204,0.24,0.072,-0.26,0.376
40,7,0.94,0.768,0.68,-0.028,0.22,0.264,0.74,0.568
41,7,0.92,0.536,0.36,-0.26,0.2,0.456,1.0,0.76
42,4,0.688,0.516,0.552,0.74,0.392,0.436,0.768,0.44
43,4,0.456,0.496,0.744,1.0,0.584,0.416,0.536,0.12
44,,0.436,0.476,0.724,0.98,0.564,0.396,0.516,0.1
45,,0.416,0.456,0.704,0.96,0.544,0.376,0.496,0.08
46,,0.396,0.436,0.684,0.94,0.524,0.356,0.476,0.06
47,,0.376,0.416,0.664,0.92,0.504,0.336,0.456,0.04
48,,0.356,0.396,0.644,0.9,0.484,0.316,0.436,0.02
49,,0.336,0.376,0.624,0.88,0.464,0.296,0.416,0.0
50,,0.316,0.356,0.604,0.86,0.444,0.276,0.396,-0.02
51,8,0.508,0.336,0.372,0.54,0.212,0.256,0.588,0.98
52,8,0.7,0.316,0.14,0.22,-0.02,0.236,0.78,1.0
53,5,0.38,0.084,0.12,0.412,0.98,0.428,0.76,0.768
54,5,0.06,-0.148,0.1,0.604,1.0,0.62,0.74,0.536
55,2,0.252,0.852,0.292,0.584,0.768,0.3,0.508,0.516
56,2,0.444,1.0,0.484,0.564,0.536,-0.02,0.276,0.496
57,6,0.212,0.68,0.252,0.544,0.728,0.98,0.468,0.476
58,6,-0.02,0.36,0.02,0.524,0.92,1.0,0.66,0.456
59,1,0.98,0.552,0.0,0.292,0.6,0.768,0.64,0.648
60,1,1.0,0.744,-0.02,0.06,0.28,0.536,0.62,0.84
61,3,0.98,0.936,0.98,0.252,0.26,0.304,0.3,0.608
62,3,0.96,1.0,1.0,0.444,0.24,0.072,-0.02,0.376
63,7,0.94,0.768,0.68,0.212,0.22,0.264,0.98,0.568
64,7,0.92,0.536,0.36,-0.02,0.2,0.456,1.0,0.76
65,4,0.688,0.516,0.552,0.98,0.392,0.436,0.768,0.44
66,4,0.456,0.496,0.744,1.0,0.584,0.416,0.536,0.12
67,,0.436,0.476,0.724,0.98,0.564,0.396,0.516,0.1
68,,0.416,0.456,0.704,0.96,0.544,0.376,0.496,0.08
69,,0.396,0.436,0.684,0.94,0.524,0.356,0.476,0.06
70,,0.376,0.416,0.664,0.92,0.504,0.336,0.456,0.04
71,,0.356,0.396,0.644,0.9,0.484,0.316,0.436,0.02
72,,0.336,0.376,0.624,0.88,0.464,0.296,0.416,0.0
73,,0.316,0.356,0.604,0.86,0.444,0.276,0.396,-0.02
74,8,0.508,0.336,0.372,0.54,0.212,0.256,0.588,0.98
75,8,0.7,0.316,0.14,0.22,-0.02,0.236,0.78,1.0
76,5,0.38,0.084,0.12,0.412,0.98,0.428,0.76,0.768
77,5,0.06,-0.148,0.1,0.604,1.0,0.62,0.74,0.536
78,2,0.252,0.852,0.292,0.584,0.768,0.3,0.508,0.516
79,2,0.444,1.0,0.484,0.564,0.536,-0.02,0.276,0.496
80,6,0.212,0.68,0.252,0.544,0.728,0.98,0.468,0.476
81,6,-0.02,0.36,0.02,0.524,0.92,1.0,0.66,0.456
82,1,0.98,0.552,0.0,0.292,0.6,0.768,0.64,0.648
83,1,1.0,0.744,-0.02,0.06,0.28,0.536,0.62,0.84
84,3,0.98,0.936,0.98,0.252,0.26,0.304,0.3,0.608
85,3,0.96,1.0,1.0,0.444,0.24,0.072,-0.02,0.376
86,7,0.94,0.768,0.68,0.212,0.22,0.264,0.98,0.568
87,7,0.92,0.536,0.36,-0.02,0.2,0.456,1.0,0.76
88,4,0.688,0.516,0.552,0.98,0.392,0.436,0.768,0.44
89,4,0.456,0.496,0.744,1.0,0.584,0.416,0.536,0.12
90,,0.436,0.476,0.724,0.98,0.564,0.396,0.516,0.1
91,,0.416,0.456,0.704,0.96,0.544,0.376,0.496,0.08
92,,0.396,0.436,0.684,0.94,0.524,0.356,0.476,0.06
93,,0.376,0.416,0.664,0.92,0.504,0.336,0.456,0.04
94,,0.356,0.396,0.644,0.9,0.484,0.316,0.436,0.02
95,,0.336,0.376,0.624,0.88,0.464,0.296,0.416,0.0
96,,0.316,0.356,0.604,0.86,0.444,0.276,0.396,-0.02
97,8,0.508,0.336,0.372,0.54,0.212,0.256,0.588,0.98
98,8,0.7,0.316,0.14,0.22,-0.02,0.236,0.78,1.0
99,5,0.38,0.084,0.12,0.412,0.98,0.428,0.76,0.768
100,5,0.06,-0.148,0.1,0.604,1.0,0.62,0.74,0.536
101,2,0.252,0.852,0.292,0.584,0.768,0.3,0.508,0.516
102,2,0.444,1.0,0.484,0.564,0.536,-0.02,0.276,0.496
103,6,0.212,0.68,0.252,0.544,0.728,0.98,0.468,0.476
104,6,-0.02,0.36,0.02,0.524,0.92,1.0,0.66,0.456
105,1,0.98,0.552,0.0,0.292,0.6,0.768,0.64,0.648
106,1,1.0,0.744,-0.02,0.06,0.28,0.536,0.62,0.84
107,3,0.98,0.936,0.98,0.252,0.26,0.304,0.3,0.608
108,3,0.96,1.0,1.0,0.444,0.24,0.072,-0.02,0.376
109,7,0.94,0.768,0.68,0.212,0.22,0.264,0.98,0.568
110,7,0.92,0.536,0.36,-0.02,0.2,0.456,1.0,0.76
111,4,0.688,0.516,0.552,0.98,0.392,0.436,0.768,0.44
112,4,0.456,0.496,0.744,1.0,0.584,0.416,0.536,0.12
113,,0.436,0.476,0.724,0.98,0.564,0.396,0.516,0.1
114,,0.416,0.456,0.704,0.96,0.544,0.376,0.496,0.08
115,,0.396,0.436,0.684,0.94,0.524,0.356,0.476,0.06
116,,0.376,0.416,0.664,0.92,0.504,0.336,0.456,0.04
117,,0.356,0.396,0.644,0.9,0.484,0.316,0.436,0.02
118,,0.336,0.376,0.624,0.88,0.464,0.296,0.416,0.0
119,,0.316,0.356,0.604,0.86,0.444,0.276,0.396,-0.02
120,8,0.508,0.336,0.372,0.54,0.212,0.256,0.588,0.98
121,8,0.7,0.316,0.14,0.22,-0.02,0.236,0.78,1.0
122,5,0.38,0.084,0.12,0.412,0.98,0.428,0.76,0.768
123,5,0.06,-0.148,0.1,0.604,1.0,0.62,0.74,0.536
124,2,0.252,0.852,0.292,0.584,0.768,0.3,0.508,0.516
125,2,0.444,1.0,0.484,0.564,0.536,-0.02,0.276,0.496
126,6,0.212,0.68,0.252,0.544,0.728,0.98,0.468,0.476
127,6,-0.02,0.36,0.02,0.524,0.92,1.0,0.66,0.456
128,1,0.98,0.552,0.0,0.292,0.6,0.768,0.64,0.648
129,1,1.0,0.744,-0.02,0.06,0.28,0.536,0.62,0.84
130,3,0.98,0.936,0.98,0.252,0.26,0.304,0.3,0.608
131,3,0.96,1.0,1.0,0.444,0.24,0.072,-0.02,0.376
132,7,0.94,0.768,0.68,0.212,0.22,0.264,0.98,0.568
133,7,0.92,0.536,0.36,-0.02,0.2,0.456,1.0,0.76
134,4,0.688,0.516,0.552,0.98,0.392,0.436,0.768,0.44
135,4,0.456,0.496,0.744,1.0,0.584,0.416,0.536,0.12
136,,0.436,0.476,0.724,0.98,0.564,0.396,0.516,0.1
137,,0.416,0.456,0.704,0.96,0.544,0.376,0.496,0.08
138,,0.396,0.436,0.684,0.94,0.524,0.356,0.476,0.06
139,,0.376,0.416,0.664,0.92,0.504,0.336,0.456,0.04
140,,0.356,0.396,0.644,0.9,0.484,0.316,0.436,0.02
141,,0.336,0.376,0.624,0.88,0.464,0.296,0.416,0.0
142,,0.316,0.356,0.604,0.86,0.444,0.276,0.396,-0.02
143,8,0.508,0.336,0.372,0.54,0.212,0.256,0.588,0.98
144,8,0.7,0.316,0.14,0.22,-0.02,0.236,0.78,1.0
145,5,0.38,0.084,0.12,0.412,0.98,0.428,0.76,0.768
146,5,0.06,-0.148,0.1,0.604,1.0,0.62,0.74,0.536
147,2,0.252,0.852,0.292,0.584,0.768,0.3,0.508,0.516
148,2,0.444,1.0,0.484,0.564,0.536,-0.02,0.276,0.496
149,6,0.212,0.68,0.252,0.544,0.728,0.98,0.468,0.476
150,6,-0.02,0.36,0.02,0.524,0.92,1.0,0.66,0.456
151,1,0.98,0.552,0.0,0.292,0.6,0.768,0.64,0.648
152,1,1.0,0.744,-0.02,0.06,0.28,0.536,0.62,0.84
153,3,0.98,0.936,0.98,0.252,0.26,0.304,0.3,0.608
154,3,0.96,1.0,1.0,0.444,0.24,0.072,-0.02,0.376
155,7,0.94,0.768,0.68,0.212,0.22,0.264,0.98,0.568
156,7,0.92,0.536,0.36,-0.02,0.2,0.456,1.0,0.76
157,4,0.688,0.516,0.552,0.98,0.392,0.436,0.768,0.44
158,4,0.456,0.496,0.744,1.0,0.584,0.416,0.536,0.12
159,,0.436,0.476,0.724,0.98,0.564,0.396,0.516,0.1
160,,0.416,0.456,0.704,0.96,0.544,0.376,0.496,0.08
161,,0.396,0.436,0.684,0.94,0.524,0.356,0.476,0.06
162,,0.376,0.416,0.664,0.92,0.504,0.336,0.456,0.04
163,,0.356,0.396,0.644,0.9,0.484,0.316,0.436,0.02
164,,0.336,0.376,0.624,0.88,0.464,0.296,0.416,0.0
165,,0.316,0.356,0.604,0.86,0.444,0.276,0.396,-0.02
166,8,0.508,0.336,0.372,0.54,0.212,0.256,0.588,0.98
167,8,0.7,0.316,0.14,0.22,-0.02,0.236,0.78,1.0
168,5,0.38,0.084,0.12,0.412,0.98,0.428,0.76,0.768
169,5,0.06,-0.148,0.1,0.604,1.0,0.62,0.74,0.536
170,2,0.252,0.852,0.292,0.584,0.768,0.3,0.508,0.516
171,2,0.444,1.0,0.484,0.564,0.536,-0.02,0.276,0.496
172,6,0.212,0.68,0.252,0.544,0.728,0.98,0.468,0.476
173,6,-0.02,0.36,0.02,0.524,0.92,1.0,0.66,0.456
174,1,0.98,0.552,0.0,0.292,0.6,0.768,0.64,0.648
175,1,1.0,0.744,-0.02,0.06,0.28,0.536,0.62,0.84
176,3,0.98,0.936,0.98,0.252,0.26,0.304,0.3,0.608
177,3,0.96,1.0,1.0,0.444,0.24,0.072,-0.02,0.376
178,7,0.94,0.768,0.68,0.212,0.22,0.264,0.98,0.568
179,7,0.92,0.536,0.36,-0.02,0.2,0.456,1.0,0.76
180,4,0.688,0.516,0.552,0.98,0.392,0.436,0.768,0.44
181,4,0.456,0.496,0.744,1.0,0.584,0.416,0.536,0.12
182,,0.436,0.476,0.724,0.98,0.564,0.396,0.516,0.1
183,,0.416,0.456,0.704,0.96,0.544,0.376,0.496,0.08
184,,0.396,0.436,0.684,0.94,0.524,0.356,0.476,0.06
185,,0.376,0.416,0.664,0.92,0.504,0.336,0.456,0.04
186,,0.356,0.396,0.644,0.9,0.484,0.316,0.436,0.02
187,,0.336,0.376,0.624,0.88,0.464,0.296,0.416,0.0
188,,0.316,0.356,0.604,0.86,0.444,0.276,0.396,-0.02
189,8,0.508,0.336,0.372,0.54,0.212,0.256,0.588,0.98
190,8,0.7,0.316,0.14,0.22,-0.02,0.236,0.78,1.0
191,5,0.38,0.084,0.12,0.412,0.98,0.428,0.76,0.768
192,5,0.06,-0.148,0.1,0.604,1.0,0.62,0.74,0.536
193,2,0.252,0.852,0.292,0.584,0.768,0.3,0.508,0.516
194,2,0.444,1.0,0.484,0.564,0.536,-0.02,0.276,0.496
195,6,0.212,0.68,0.252,0.544,0.728,0.98,0.468,0.476
196,6,-0.02,0.36,0.02,0.524,0.92,1.0,0.66,0.456
197,1,0.98,0.552,0.0,0.292,0.6,0.768,0.64,0.648
198,1,1.0,0.744,-0.02,0.06,0.28,0.536,0.62,0.84
199,3,0.98,0.936,0.98,0.252,0.26,0.304,0.3,0.608
200,3,0.96,1.0,1.0,0.444,0.24,0.072,-0.02,0.376
201,7,0.94,0.768,0.68,0.212,0.22,0.264,0.98,0.568
202,7,0.92,0.536,0.36,-0.02,0.2,0.456,1.0,0.76
203,4,0.688,0.516,0.552,0.98,0.392,0.436,0.768,0.44
204,4,0.456,0.496,0.744,1.0,0.584,0.416,0.536,0.12
205,,0.436,0.476,0.724,0.98,0.564,0.396,0.516,0.1
206,,0.416,0.456,0.704,0.96,0.544,0.376,0.496,0.08
207,,0.396,0.436,0.684,0.94,0.524,0.356,0.476,0.06
208,,0.376,0.416,0.664,0.92,0.504,0.336,0.456,0.04
209,,0.356,0.396,0.644,0.9,0.484,0.316,0.436,0.02
210,,0.336,0.376,0.624,0.88,0.464,0.296,0.416,0.0
211,,0.316,0.356,0.604,0.86,0.444,0.276,0.396,-0.02
212,8,0.508,0.336,0.372,0.54,0.212,0.256,0.588,0.98
213,8,0.7,0.316,0.14,0.22,-0.02,0.236,0.78,1.0
214,5,0.38,0.084,0.12,0.412,0.98,0.428,0.76,0.768
215,5,0.06,-0.148,0.1,0.604,1.0,0.62,0.74,0.536
216,2,0.252,0.852,0.292,0.584,0.768,0.3,0.508,0.516
217,2,0.444,1.0,0.484,0.564,0.536,-0.02,0.276,0.496
218,6,0.212,0.68,0.252,0.544,0.728,0.98,0.468,0.476
219,6,-0.02,0.36,0.02,0.524,0.92,1.0,0.66,0.456
220,1,0.98,0.552,0.0,0.292,0.6,0.768,0.64,0.648
221,1,1.0,0.744,-0.02,0.06,0.28,0.536,0.62,0.84
222,3,0.98,0.936,0.98,0.252,0.26,0.304,0.3,0.608
223,3,0.96,1.0,1.0,0.444,0.24,0.072,-0.02,0.376
224,7,0.94,0.768,0.68,0.212,0.22,0.264,0.98,0.568
225,7,0.92,0.536,0.36,-0.02,0.2,0.456,1.0,0.76
226,4,0.688,0.516,0.552,0.98,0.392,0.436,0.768,0.44
227,4,0.456,0.496,0.744,1.0,0.584,0.416,0.536,0.12
228,,0.436,0.476,0.724,0.98,0.564,0.396,0.516,0.1
229,,0.416,0.456,0.704,0.96,0.544,0.376,0.496,0.08
230,,0.396,0.436,0.684,0.94,0.524,0.356,0.476,0.06
231,,0.376,0.416,0.664,0.92,0.504,0.336,0.456,0.04
232,,0.356,0.396,0.644,0.9,0.484,0.316,0.436,0.02
233,,0.336,0.376,0.624,0.88,0.464,0.296,0.416,0.0
234,,0.316,0.356,0.604,0.86,0.444,0.276,0.396,-0.02
235,8,0.508,0.336,0.372,0.54,0.212,0.256,0.588,0.98
236,8,0.7,0.316,0.14,0.22,-0.02,0.236,0.78,1.0
237,5,0.38,0.084,0.12,0.412,0.98,0.428,0.76,0.768
238,5,0.06,-0.148,0.1,0.604,1.0,0.62,0.74,0.536
239,2,0.252,0.852,0.292,0.584,0.768,0.3,0.508,0.516
240,2,0.444,1.0,0.484,0.564,0.536,-0.02,0.276,0.496
241,6,0.212,0.68,0.252,0.544,0.728,0.98,0.468,0.476
242,6,-0.02,0.36,0.02,0.524,0.92,1.0,0.66,0.456
243,1,0.98,0.552,0.0,0.292,0.6,0.768,0.64,0.648
244,1,1.0,0.744,-0.02,0.06,0.28,0.536,0.62,0.84
245,3,0.98,0.936,0.98,0.252,0.26,0.304,0.3,0.608
246,3,0.96,1.0,1.0,0.444,0.24,0.072,-0.02,0.376
247,7,0.94,0.768,0.68,0.212,0.22,0.264,0.98,0.568
248,7,0.92,0.536,0.36,-0.02,0.2,0.456,1.0,0.76
249,4,0.688,0.516,0.552,0.98,0.392,0.436,0.768,0.44
250,4,0.456,0.496,0.744,1.0,0.584,0.416,0.536,0.12
251,,0.436,0.476,0.724,0.98,0.564,0.396,0.516,0.1
252,,0.416,0.456,0.704,0.96,0.544,0.376,0.496,0.08
253,,0.396,0.436,0.684,0.94,0.524,0.356,0.476,0.06
254,,0.376,0.416,0.664,0.92,0.504,0.336,0.456,0.04
255,,0.356,0.396,0.644,0.9,0.484,0.316,0.436,0.02
256,,0.336,0.376,0.624,0.88,0.464,0.296,0.416,0.0
257,,0.316,0.356,0.604,0.86,0.444,0.276,0.396,-0.02
258,8,0.508,0.336,0.372,0.54,0.212,0.256,0.588,0.98
259,8,0.7,0.316,0.14,0.22,-0.02,0.236,0.78,1.0
260,5,0.38,0.084,0.12,0.412,0.98,0.428,0.76,0.768
261,5,0.06,-0.148,0.1,0.604,1.0,0.62,0.74,0.536
262,2,0.252,0.852,0.292,0.584,0.768,0.3,0.508,0.516
263,2,0.444,1.0,0.484,0.564,0.536,-0.02,0.276,0.496
264,6,0.212,0.68,0.252,0.544,0.728,0.98,0.468,0.476
265,6,-0.02,0.36,0.02,0.524,0.92,1.0,0.66,0.456
266,1,0.98,0.552,0.0,0.292,0.6,0.768,0.64,0.648
267,1,1.0,0.744,-0.02,0.06,0.28,0.536,0.62,0.84
268,3,0.98,0.936,0.98,0.252,0.26,0.304,0.3,0.608
269,3,0.96,1.0,1.0,0.444,0.24,0.072,-0.02,0.376
270,7,0.94,0.768,0.68,0.212,0.22,0.264,0.98,0.568
271,7,0.92,0.536,0.36,-0.02,0.2,0.456,1.0,0.76
272,4,0.688,0.516,0.552,0.98,0.392,0.436,0.768,0.44
273,4,0.456,0.496,0.744,1.0,0.584,0.416,0.536,0.12
274,,0.436,0.476,0.724,0.98,0.564,0.396,0.516,0.1
275,,0.416,0.456,0.704,0.96,0.544,0.376,0.496,0.08
276,,0.396,0.436,0.684,0.94,0.524,0.356,0.476,0.06
277,,0.376,0.416,0.664,0.92,0.504,0.336,0.456,0.04
278,,0.356,0.396,0.644,0.9,0.484,0.316,0.436,0.02
279,,0.336,0.376,0.624,0.88,0.464,0.296,0.416,0.0
280,,0.316,0.356,0.604,0.86,0.444,0.276,0.396,-0.02
281,8,0.508,0.336,0.372,0.54,0.212,0.256,0.588,0.98
282,8,0.7,0.316,0.14,0.22,-0.02,0.236,0.78,1.0
283,5,0.38,0.084,0.12,0.412,0.98,0.428,0.76,0.768
284,5,0.06,-0.148,0.1,0.604,1.0,0.62,0.74,0.536
285,2,0.252,0.852,0.292,0.584,0.768,0.3,0.508,0.516
286,2,0.444,1.0,0.484,0.564,0.536,-0.02,0.276,0.496
287,6,0.212,0.68,0.252,0.544,0.728,0.98,0.468,0.476
288,6,-0.02,0.36,0.02,0.524,0.92,1.0,0.66,0.456
289,1,0.98,0.552,0.0,0.292,0.6,0.768,0.64,0.648
290,1,1.0,0.744,-0.02,0.06,0.28,0.536,0.62,0.84
291,3,0.98,0.936,0.98,0.252,0.26,0.304,0.3,0.608
292,3,0.96,1.0,1.0,0.444,0.24,0.072,-0.02,0.376
293,7,0.94,0.768,0.68,0.212,0.22,0.264,0.98,0.568
294,7,0.92,0.536,0.36,-0.02,0.2,0.456,1.0,0.76
295,4,0.688,0.516,0.552,0.98,0.392,0.436,0.768,0.44
296,4,0.456,0.496,0.744,1.0,0.584,0.416,0.536,0.12
297,,0.436,0.476,0.724,0.98,0.564,0.396,0.516,0.1
298,,0.416,0.456,0.704,0.96,0.544,0.376,0.496,0.08
299,,0.396,0.436,0.684,0.94,0.524,0.356,0.476,0.06
300,,0.376,0.416,0.664,0.92,0.504,0.336,0.456,0.04
301,,0.356,0.396,0.644,0.9,0.484,0.316,0.436,0.02
302,,0.336,0.376,0.624,0.88,0.464,0.296,0.416,0.0
303,,0.316,0.356,0.604,0.86,0.444,0.276,0.396,-0.02
304,8,0.508,0.336,0.372,0.54,0.212,0.256,0.588,0.98
305,8,0.7,0.316,0.14,0.22,-0.02,0.236,0.78,1.0
306,5,0.38,0.084,0.12,0.412,0.98,0.428,0.76,0.768
307,5,0.06,-0.148,0.1,0.604,1.0,0.62,0.74,0.536
308,2,0.252,0.852,0.292,0.584,0.768,0.3,0.508,0.516
309,2,0.444,1.0,0.484,0.564,0.536,-0.02,0.276,0.496
310,6,0.212,0.68,0.252,0.544,0.728,0.98,0.468,0.476
311,6,-0.02,0.36,0.02,0.524,0.92,1.0,0.66,0.456
312,1,0.98,0.552,0.0,0.292,0.6,0.768,0.64,0.648
313,1,1.0,0.744,-0.02,0.06,0.28,0.536,0.62,0.84
314,3,0.98,0.936,0.98,0.252,0.26,0.304,0.3,0.608
315,3,0.96,1.0,1.0,0.444,0.24,0.072,-0.02,0.376
316,7,0.94,0.768,0.68,0.212,0.22,0.264,0.98,0.568
317,7,0.92,0.536,0.36,-0.02,0.2,0.456,1.0,0.76
318,4,0.688,0.516,0.552,0.98,0.392,0.436,0.768,0.44
319,4,0.456,0.496,0.744,1.0,0.584,0.416,0.536,0.12
320,,0.436,0.476,0.724,0.98,0.564,0.396,0.516,0.1
321,,0.416,0.456,0.704,0.96,0.544,0.376,0.496,0.08
322,,0.396,0.436,0.684,0.94,0.524,0.356,0.476,0.06
323,,0.376,0.416,0.664,0.92,0.504,0.336,0.456,0.04
324,,0.356,0.396,0.644,0.9,0.484,0.316,0.436,0.02
325,,0.336,0.376,0.624,0.88,0.464,0.296,0.416,0.0
326,,0.316,0.356,0.604,0.86,0.444,0.276,0.396,-0.02
327,8,0.508,0.336,0.372,0.54,0.212,0.256,0.588,0.98
328,8,0.7,0.316,0.14,0.22,-0.02,0.236,0.78,1.0
329,5,0.38,0.084,0.12,0.412,0.98,0.428,0.76,0.768
330,5,0.06,-0.148,0.1,0.604,1.0,0.62,0.74,0.536
331,2,0.252,0.852,0.292,0.584,0.768,0.3,0.508,0.516
332,2,0.444,1.0,0.484,0.564,0.536,-0.02,0.276,0.496
333,6,0.212,0.68,0.252,0.544,0.728,0.98,0.468,0.476
334,6,-0.02,0.36,0.02,0.524,0.92,1.0,0.66,0.456
335,1,0.98,0.552,0.0,0.292,0.6,0.768,0.64,0.648
336,1,1.0,0.744,-0.02,0.06,0.28,0.536,0.62,0.84
337,3,0.98,0.936,0.98,0.252,0.26,0.304,0.3,0.608
338,3,0.96,1.0,1.0,0.444,0.24,0.072,-0.02,0.376
339,7,0.94,0.768,0.68,0.212,0.22,0.264,0.98,0.568
340,7,0.92,0.536,0.36,-0.02,0.2,0.456,1.0,0.76
341,4,0.688,0.516,0.552,0.98,0.392,0.436,0.768,0.44
342,4,0.456,0.496,0.744,1.0,0.584,0.416,0.536,0.12
343,,0.436,0.476,0.724,0.98,0.564,0.396,0.516,0.1
344,,0.416,0.456,0.704,0.96,0.544,0.376,0.496,0.08
345,,0.396,0.436,0.684,0.94,0.524,0.356,0.476,0.06
346,,0.376,0.416,0.664,0.92,0.504,0.336,0.456,0.04
347,,0.356,0.396,0.644,0.9,0.484,0.316,0.436,0.02
348,,0.336,0.376,0.624,0.88,0.464,0.296,0.416,0.0
349,,0.316,0.356,0.604,0.86,0.444,0.276,0.396,-0.02
350,8,0.508,0.336,0.372,0.54,0.212,0.256,0.588,0.98
351,8,0.7,0.316,0.14,0.22,-0.02,0.236,0.78,1.0
352,5,0.38,0.084,0.12,0.412,0.98,0.428,0.76,0.768
353,5,0.06,-0.148,0.1,0.604,1.0,0.62,0.74,0.536
354,2,0.252,0.852,0.292,0.584,0.768,0.3,0.508,0.516
355,2,0.444,1.0,0.484,0.564,0.536,-0.02,0.276,0.496
356,6,0.212,0.68,0.252,0.544,0.728,0.98,0.468,0.476
357,6,-0.02,0.36,0.02,0.524,0.92,1.0,0.66,0.456
358,1,0.98,0.552,0.0,0.292,0.6,0.768,0.64,0.648
359,1,1.0,0.744,-0.02,0.06,0.28,0.536,0.62,0.84
360,3,0.98,0.936,0.98,0.252,0.26,0.304,0.3,0.608
361,3,0.96,1.0,1.0,0.444,0.24,0.072,-0.02,0.376
362,7,0.94,0.768,0.68,0.212,0.22,0.264,0.98,0.568
363,7,0.92,0.536,0.36,-0.02,0.2,0.456,1.0,0.76
364,4,0.688,0.516,0.552,0.98,0.392,0.436,0.768,0.44
365,4,0.456,0.496,0.744,1.0,0.584,0.416,0.536,0.12
366,,0.436,0.476,0.724,0.98,0.564,0.396,0.516,0.1
367,,0.416,0.456,0.704,0.96,0.544,0.376,0.496,0.08
368,,0.396,0.436,0.684,0.94,0.524,0.356,0.476,0.06
369,,0.376,0.416,0.664,0.92,0.504,0.336,0.456,0.04
370,,0.356,0.396,0.644,0.9,0.484,0.316,0.436,0.02
371,,0.336,0.376,0.624,0.88,0.464,0.296,0.416,0.0
372,,0.316,0.356,0.604,0.86,0.444,0.276,0.396,-0.02
373,8,0.508,0.336,0.372,0.54,0.212,0.256,0.588,0.98
374,8,0.7,0.316,0.14,0.22,-0.02,0.236,0.78,1.0
375,5,0.38,0.084,0.12,0.412,0.98,0.428,0.76,0.768
376,5,0.06,-0.148,0.1,0.604,1.0,0.62,0.74,0.536
377,2,0.252,0.852,0.292,0.584,0.768,0.3,0.508,0.516
378,2,0.444,1.0,0.484,0.564,0.536,-0.02,0.276,0.496
379,6,0.212,0.68,0.252,0.544,0.728,0.98,0.468,0.476
380,6,-0.02,0.36,0.02,0.524,0.92,1.0,0.66,0.456
381,1,0.98,0.552,0.0,0.292,0.6,0.768,0.64,0.648
382,1,1.0,0.744,-0.02,0.06,0.28,0.536,0.62,0.84
383,3,0.98,0.936,0.98,0.252,0.26,0.304,0.3,0.608
384,3,0.96,1.0,1.0,0.444,0.24,0.072,-0.02,0.376
385,7,0.94,0.768,0.68,0.212,0.22,0.264,0.98,0.568
386,7,0.92,0.536,0.36,-0.02,0.2,0.456,1.0,0.76
387,4,0.688,0.516,0.552,0.98,0.392,0.436,0.768,0.44
388,4,0.456,0.496,0.744,1.0,0.584,0.416,0.536,0.12
389,,0.436,0.476,0.724,0.98,0.564,0.396,0.516,0.1
390,,0.416,0.456,0.704,0.96,0.544,0.376,0.496,0.08
391,,0.396,0.436,0.684,0.94,0.524,0.356,0.476,0.06
392,,0.376,0.416,0.664,0.92,0.504,0.336,0.456,0.04
393,,0.356,0.396,0.644,0.9,0.484,0.316,0.436,0.02
394,,0.336,0.376,0.624,0.88,0.464,0.296,0.416,0.0
395,,0.316,0.356,0.604,0.86,0.444,0.276,0.396,-0.02
396,8,0.508,0.336,0.372,0.54,0.212,0.256,0.588,0.98
397,8,0.7,0.316,0.14,0.22,-0.02,0.236,0.78,1.0
398,5,0.38,0.084,0.12,0.412,0.98,0.428,0.76,0.768
399,5,0.06,-0.148,0.1,0.604,1.0,0.62,0.74,0.536
400,2,0.252,0.852,0.292,0.584,0.768,0.3,0.508,0.516
401,2,0.444,1.0,0.484,0.564,0.536,-0.02,0.276,0.496
402,6,0.212,0.68,0.252,0.544,0.728,0.98,0.468,0.476
403,6,-0.02,0.36,0.02,0.524,0.92,1.0,0.66,0.456
404,1,0.98,0.552,0.0,0.292,0.6,0.768,0.64,0.648
405,1,1.0,0.744,-0.02,0.06,0.28,0.536,0.62,0.84
406,3,0.98,0.936,0.98,0.252,0.26,0.304,0.3,0.608
407,3,0.96,1.0,1.0,0.444,0.24,0.072,-0.02,0.376
408,7,0.94,0.768,0.68,0.212,0.22,0.264,0.98,0.568
409,7,0.92,0.536,0.36,-0.02,0.2,0.456,1.0,0.76
410,4,0.688,0.516,0.552,0.98,0.392,0.436,0.768,0.44
411,4,0.456,0.496,0.744,1.0,0.584,0.416,0.536,0.12
412,,0.436,0.476,0.724,0.98,0.564,0.396,0.516,0.1
413,,0.416,0.456,0.704,0.96,0.544,0.376,0.496,0.08
414,,0.396,0.436,0.684,0.94,0.524,0.356,0.476,0.06
415,,0.376,0.416,0.664,0.92,0.504,0.336,0.456,0.04
416,,0.356,0.396,0.644,0.9,0.484,0.316,0.436,0.02
417,,0.336,0.376,0.624,0.88,0.464,0.296,0.416,0.0
418,,0.316,0.356,0.604,0.86,0.444,0.276,0.396,-0.02
419,8,0.508,0.336,0.372,0.54,0.212,0.256,0.588,0.98
420,8,0.7,0.316,0.14,0.22,-0.02,0.236,0.78,1.0
421,5,0.38,0.084,0.12,0.412,0.98,0.428,0.76,0.768
422,5,0.06,-0.148,0.1,0.604,1.0,0.62,0.74,0.536
423,2,0.252,0.852,0.292,0.584,0.768,0.3,0.508,0.516
424,2,0.444,1.0,0.484,0.564,0.536,-0.02,0.276,0.496
425,6,0.212,0.68,0.252,0.544,0.728,0.98,0.468,0.476
426,6,-0.02,0.36,0.02,0.524,0.92,1.0,0.66,0.456
427,1,0.98,0.552,0.0,0.292,0.6,0.768,0.64,0.648
428,1,1.0,0.744,-0.02,0.06,0.28,0.536,0.62,0.84
429,3,0.98,0.936,0.98,0.252,0.26,0.304,0.3,0.608
430,3,0.96,1.0,1.0,0.444,0.24,0.072,-0.02,0.376
431,7,0.94,0.768,0.68,0.212,0.22,0.264,0.98,0.568
432,7,0.92,0.536,0.36,-0.02,0.2,0.456,1.0,0.76
433,4,0.688,0.516,0.552,0.98,0.392,0.436,0.768,0.44
434,4,0.456,0.496,0.744,1.0,0.584,0.416,0.536,0.12
435,,0.436,0.476,0.724,0.98,0.564,0.396,0.516,0.1
436,,0.416,0.456,0.704,0.96,0.544,0.376,0.496,0.08
437,,0.396,0.436,0.684,0.94,0.524,0.356,0.476,0.06
438,,0.376,0.416,0.664,0.92,0.504,0.336,0.456,0.04
439,,0.356,0.396,0.644,0.9,0.484,0.316,0.436,0.02
440,,0.336,0.376,0.624,0.88,0.464,0.296,0.416,0.0
441,,0.316,0.356,0.604,0.86,0.444,0.276,0.396,-0.02
442,8,0.508,0.336,0.372,0.54,0.212,0.256,0.588,0.98
443,8,0.7,0.316,0.14,0.22,-0.02,0.236,0.78,1.0
444,5,0.38,0.084,0.12,0.412,0.98,0.428,0.76,0.768
445,5,0.06,-0.148,0.1,0.604,1.0,0.62,0.74,0.536
446,2,0.252,0.852,0.292,0.584,0.768,0.3,0.508,0.516
447,2,0.444,1.0,0.484,0.564,0.536,-0.02,0.276,0.496
448,6,0.212,0.68,0.252,0.544,0.728,0.98,0.468,0.476
449,6,-0.02,0.36,0.02,0.524,0.92,1.0,0.66,0.456
450,1,0.98,0.552,0.0,0.292,0.6,0.768,0.64,0.648
451,1,1.0,0.744,-0.02,0.06,0.28,0.536,0.62,0.84
452,3,0.98,0.936,0.98,0.252,0.26,0.304,0.3,0.608
453,3,0.96,1.0,1.0,0.444,0.24,0.072,-0.02,0.376
454,7,0.94,0.768,0.68,0.212,0.22,0.264,0.98,0.568
455,7,0.92,0.536,0.36,-0.02,0.2,0.456,1.0,0.76
456,4,0.688,0.516,0.552,0.98,0.392,0.436,0.768,0.44
457,4,0.456,0.496,0.744,1.0,0.584,0.416,0.536,0.12
458,,0.436,0.476,0.724,0.98,0.564,0.396,0.516,0.1
459,,0.416,0.456,0.704,0.96,0.544,0.376,0.496,0.08
460,,0.396,0.436,0.684,0.94,0.524,0.356,0.476,0.06
461,,0.376,0.416,0.664,0.92,0.504,0.336,0.456,0.04
462,,0.356,0.396,0.644,0.9,0.484,0.316,0.436,0.02
463,,0.336,0.376,0.624,0.88,0.464,0.296,0.416,0.0
464,,0.316,0.356,0.604,0.86,0.444,0.276,0.396,-0.02
465,8,0.508,0.336,0.372,0.54,0.212,0.256,0.588,0.98
466,8,0.7,0.316,0.14,0.22,-0.02,0.236,0.78,1.0
467,5,0.38,0.084,0.12,0.412,0.98,0.428,0.76,0.768
468,5,0.06,-0.148,0.1,0.604,1.0,0.62,0.74,0.536
469,2,0.252,0.852,0.292,0.584,0.768,0.3,0.508,0.516
470,2,0.444,1.0,0.484,0.564,0.536,-0.02,0.276,0.496
471,6,0.212,0.68,0.252,0.544,0.728,0.98,0.468,0.476
472,6,-0.02,0.36,0.02,0.524,0.92,1.0,0.66,0.456
473,1,0.98,0.552,0.0,0.292,0.6,0.768,0.64,0.648
474,1,1.0,0.744,-0.02,0.06,0.28,0.536,0.62,0.84
475,3,0.98,0.936,0.98,0.252,0.26,0.304,0.3,0.608
476,3,0.96,1.0,1.0,0.444,0.24,0.072,-0.02,0.376
477,7,0.94,0.768,0.68,0.212,0.22,0.264,0.98,0.568
478,7,0.92,0.536,0.36,-0.02,0.2,0.456,1.0,0.76
479,4,0.688,0.516,0.552,0.98,0.392,0.436,0.768,0.44
480,4,0.456,0.496,0.744,1.0,0.584,0.416,0.536,0.12
481,,0.436,0.476,0.724,0.98,0.564,0.396,0.516,0.1
482,,0.416,0.456,0.704,0.96,0.544,0.376,0.496,0.08
483,,0.396,0.436,0.684,0.94,0.524,0.356,0.476,0.06
484,,0.376,0.416,0.664,0.92,0.504,0.336,0.456,0.04
485,,0.356,0.396,0.644,0.9,0.484,0.316,0.436,0.02
486,,0.336,0.376,0.624,0.88,0.464,0.296,0.416,0.0
487,,0.316,0.356,0.604,0.86,0.444,0.276,0.396,-0.02
488,8,0.508,0.336,0.372,0.54,0.212,0.256,0.588,0.98
489,8,0.7,0.316,0.14,0.22,-0.02,0.236,0.78,1.0
490,5,0.38,0.084,0.12,0.412,0.98,0.428,0.76,0.768
491,5,0.06,-0.148,0.1,0.604,1.0,0.62,0.74,0.536
492,2,0.252,0.852,0.292,0.584,0.768,0.3,0.508,0.516
493,2,0.444,1.0,0.484,0.564,0.536,-0.02,0.276,0.496
494,6,0.212,0.68,0.252,0.544,0.728,0.98,0.468,0.476
495,6,-0.02,0.36,0.02,0.524,0.92,1.0,0.66,0.456
496,1,0.98,0.552,0.0,0.292,0.6,0.768,0.64,0.648
497,1,1.0,0.744,-0.02,0.06,0.28,0.536,0.62,0.84
498,3,0.98,0.936,0.98,0.252,0.26,0.304,0.3,0.608
499,3,0.96,1.0,1.0,0.444,0.24,0.072,-0.02,0.376
500,7,0.94,0.768,0.68,0.212,0.22,0.264,0.98,0.568
501,7,0.92,0.536,0.36,-0.02,0.2,0.456,1.0,0.76
502,4,0.688,0.516,0.552,0.98,0.392,0.436,0.768,0.44
503,4,0.456,0.496,0.744,1.0,0.584,0.416,0.536,0.12
504,,0.436,0.476,0.724,0.98,0.564,0.396,0.516,0.1
505,,0.416,0.456,0.704,0.96,0.544,0.376,0.496,0.08
506,,0.396,0.436,0.684,0.94,0.524,0.356,0.476,0.06
507,,0.376,0.416,0.664,0.92,0.504,0.336,0.456,0.04
508,,0.356,0.396,0.644,0.9,0.484,0.316,0.436,0.02
509,,0.336,0.376,0.624,0.88,0.464,0.296,0.416,0.0
510,,0.316,0.356,0.604,0.86,0.444,0.276,0.396,-0.02
511,8,0.508,0.336,0.372,0.54,0.212,0.256,0.588,0.98
512,8,0.7,0.316,0.14,0.22,-0.02,0.236,0.78,1.0
513,5,0.38,0.084,0.12,0.412,0.98,0.428,0.76,0.768
514,5,0.06,-0.148,0.1,0.604,1.0,0.62,0.74,0.536
515,2,0.252,0.852,0.292,0.584,0.768,0.3,0.508,0.516
516,2,0.444,1.0,0.484,0.564,0.536,-0.02,0.276,0.496
517,6,0.212,0.68,0.252,0.544,0.728,0.98,0.468,0.476
518,6,-0.02,0.36,0.02,0.524,0.92,1.0,0.66,0.456
519,1,0.98,0.552,0.0,0.292,0.6,0.768,0.64,0.648
520,1,1.0,0.744,-0.02,0.06,0.28,0.536,0.62,0.84
521,3,0.98,0.936,0.98,0.252,0.26,0.304,0.3,0.608
522,3,0.96,1.0,1.0,0.444,0.24,0.072,-0.02,0.376
523,7,0.94,0.768,0.68,0.212,0.22,0.264,0.98,0.568
524,7,0.92,0.536,0.36,-0.02,0.2,0.456,1.0,0.76
525,4,0.688,0.516,0.552,0.98,0.392,0.436,0.768,0.44
526,4,0.456,0.496,0.744,1.0,0.584,0.416,0.536,0.12
527,,0.436,0.476,0.724,0.98,0.564,0.396,0.516,0.1
528,,0.416,0.456,0.704,0.96,0.544,0.376,0.496,0.08
529,,0.396,0.436,0.684,0.94,0.524,0.356,0.476,0.06
530,,0.376,0.416,0.664,0.92,0.504,0.336,0.456,0.04
531,,0.356,0.396,0.644,0.9,0.484,0.316,0.436,0.02
532,,0.336,0.376,0.624,0.88,0.464,0.296,0.416,0.0
533,,0.316,0.356,0.604,0.86,0.444,0.276,0.396,-0.02
534,8,0.508,0.336,0.372,0.54,0.212,0.256,0.588,0.98
535,8,0.7,0.316,0.14,0.22,-0.02,0.236,0.78,1.0
536,5,0.38,0.084,0.12,0.412,0.98,0.428,0.76,0.768
537,5,0.06,-0.148,0.1,0.604,1.0,0.62,0.74,0.536
538,2,0.252,0.852,0.292,0.584,0.768,0.3,0.508,0.516
539,2,0.444,1.0,0.484,0.564,0.536,-0.02,0.276,0.496
540,6,0.212,0.68,0.252,0.544,0.728,0.98,0.468,0.476
541,6,-0.02,0.36,0.02,0.524,0.92,1.0,0.66,0.456
542,1,0.98,0.552,0.0,0.292,0.6,0.768,0.64,0.648
543,1,1.0,0.744,-0.02,0.06,0.28,0.536,0.62,0.84
544,3,0.98,0.936,0.98,0.252,0.26,0.304,0.3,0.608
545,3,0.96,1.0,1.0,0.444,0.24,0.072,-0.02,0.376
546,7,0.94,0.768,0.68,0.212,0.22,0.264,0.98,0.568
547,7,0.92,0.536,0.36,-0.02,0.2,0.456,1.0,0.76
548,4,0.688,0.516,0.552,0.98,0.392,0.436,0.768,0.44
549,4,0.456,0.496,0.744,1.0,0.584,0.416,0.536,0.12
550,,0.436,0.476,0.724,0.98,0.564,0.396,0.516,0.1
551,,0.416,0.456,0.704,0.96,0.544,0.376,0.496,0.08
552,,0.396,0.436,0.684,0.94,0.524,0.356,0.476,0.06
553,,0.376,0.416,0.664,0.92,0.504,0.336,0.456,0.04
554,,0.356,0.396,0.644,0.9,0.484,0.316,0.436,0.02
555,,0.336,0.376,0.624,0.88,0.464,0.296,0.416,0.0
556,,0.316,0.356,0.604,0.86,0.444,0.276,0.396,-0.02
557,8,0.508,0.336,0.372,0.54,0.212,0.256,0.588,0.98
558,8,0.7,0.316,0.14,0.22,-0.02,0.236,0.78,1.0
559,5,0.38,0.084,0.12,0.412,0.98,0.428,0.76,0.768
560,5,0.06,-0.148,0.1,0.604,1.0,0.62,0.74,0.536
561,2,0.252,0.852,0.292,0.584,0.768,0.3,0.508,0.516
562,2,0.444,1.0,0.484,0.564,0.536,-0.02,0.276,0.496
563,6,0.212,0.68,0.252,0.544,0.728,0.98,0.468,0.476
564,6,-0.02,0.36,0.02,0.524,0.92,1.0,0.66,0.456
565,1,0.98,0.552,0.0,0.292,0.6,0.768,0.64,0.648
566,1,1.0,0.744,-0.02,0.06,0.28,0.536,0.62,0.84
567,3,0.98,0.936,0.98,0.252,0.26,0.304,0.3,0.608
568,3,0.96,1.0,1.0,0.444,0.24,0.072,-0.02,0.376
569,7,0.94,0.768,0.68,0.212,0.22,0.264,0.98,0.568
570,7,0.92,0.536,0.36,-0.02,0.2,0.456,1.0,0.76
571,4,0.688,0.516,0.552,0.98,0.392,0.436,0.768,0.44
572,4,0.456,0.496,0.744,1.0,0.584,0.416,0.536,0.12
573,,0.436,0.476,0.724,0.98,0.564,0.396,0.516,0.1
574,,0.416,0.456,0.704,0.96,0.544,0.376,0.496,0.08
575,,0.396,0.436,0.684,0.94,0.524,0.356,0.476,0.06
576,,0.376,0.416,0.664,0.92,0.504,0.336,0.456,0.04
577,,0.356,0.396,0.644,0.9,0.484,0.316,0.436,0.02
578,,0.336,0.376,0.624,0.88,0.464,0.296,0.416,0.0
579,,0.316,0.356,0.604,0.86,0.444,0.276,0.396,-0.02
580,8,0.508,0.336,0.372,0.54,0.212,0.256,0.588,0.98
581,8,0.7,0.316,0.14,0.22,-0.02,0.236,0.78,1.0
582,5,0.38,0.084,0.12,0.412,0.98,0.428,0.76,0.768
583,5,0.06,-0.148,0.1,0.604,1.0,0.62,0.74,0.536
584,2,0.252,0.852,0.292,0.584,0.768,0.3,0.508,0.516
585,2,0.444,1.0,0.484,0.564,0.536,-0.02,0.276,0.496
586,6,0.212,0.68,0.252,0.544,0.728,0.98,0.468,0.476
587,6,-0.02,0.36,0.02,0.524,0.92,1.0,0.66,0.456
588,1,0.98,0.552,0.0,0.292,0.6,0.768,0.64,0.648
589,1,1.0,0.744,-0.02,0.06,0.28,0.536,0.62,0.84
590,3,0.98,0.936,0.98,0.252,0.26,0.304,0.3,0.608
591,3,0.96,1.0,1.0,0.444,0.24,0.072,-0.02,0.376
592,7,0.94,0.768,0.68,0.212,0.22,0.264,0.98,0.568
593,7,0.92,0.536,0.36,-0.02,0.2,0.456,1.0,0.76
594,4,0.688,0.516,0.552,0.98,0.392,0.436,0.768,0.44
595,4,0.456,0.496,0.744,1.0,0.584,0.416,0.536,0.12
596,,0.436,0.476,0.724,0.98,0.564,0.396,0.516,0.1
597,,0.416,0.456,0.704,0.96,0.544,0.376,0.496,0.08
598,,0.396,0.436,0.684,0.94,0.524,0.356,0.476,0.06
599,,0.376,0.416,0.664,0.92,0.504,0.336,0.456,0.04
600,,0.356,0.396,0.644,0.9,0.484,0.316,0.436,0.02
601,,0.336,0.376,0.624,0.88,0.464,0.296,0.416,0.0
602,,0.316,0.356,0.604,0.86,0.444,0.276,0.396,-0.02
603,8,0.508,0.336,0.372,0.54,0.212,0.256,0.588,0.98
604,8,0.7,0.316,0.14,0.22,-0.02,0.236,0.78,1.0
605,5,0.38,0.084,0.12,0.412,0.98,0.428,0.76,0.768
606,5,0.06,-0.148,0.1,0.604,1.0,0.62,0.74,0.536
607,2,0.252,0.852,0.292,0.584,0.768,0.3,0.508,0.516
608,2,0.444,1.0,0.484,0.564,0.536,-0.02,0.276,0.496
609,6,0.212,0.68,0.252,0.544,0.728,0.98,0.468,0.476
610,6,-0.02,0.36,0.02,0.524,0.92,1.0,0.66,0.456
611,1,0.98,0.552,0.0,0.292,0.6,0.768,0.64,0.648
612,1,1.0,0.744,-0.02,0.06,0.28,0.536,0.62,0.84
613,3,0.98,0.936,0.98,0.252,0.26,0.304,0.3,0.608
614,3,0.96,1.0,1.0,0.444,0.24,0.072,-0.02,0.376
615,7,0.94,0.768,0.68,0.212,0.22,0.264,0.98,0.568
616,7,0.92,0.536,0.36,-0.02,0.2,0.456,1.0,0.76
617,4,0.688,0.516,0.552,0.98,0.392,0.436,0.768,0.44
618,4,0.456,0.496,0.744,1.0,0.584,0.416,0.536,0.12
619,,0.436,0.476,0.724,0.98,0.564,0.396,0.516,0.1
620,,0.416,0.456,0.704,0.96,0.544,0.376,0.496,0.08
621,,0.396,0.436,0.684,0.94,0.524,0.356,0.476,0.06
622,,0.376,0.416,0.664,0.92,0.504,0.336,0.456,0.04
623,,0.356,0.396,0.644,0.9,0.484,0.316,0.436,0.02
624,,0.336,0.376,0.624,0.88,0.464,0.296,0.416,0.0
625,,0.316,0.356,0.604,0.86,0.444,0.276,0.396,-0.02
626,8,0.508,0.336,0.372,0.54,0.212,0.256,0.588,0.98
627,8,0.7,0.316,0.14,0.22,-0.02,0.236,0.78,1.0
628,5,0.38,0.084,0.12,0.412,0.98,0.428,0.76,0.768
629,5,0.06,-0.148,0.1,0.604,1.0,0.62,0.74,0.536
630,2,0.252,0.852,0.292,0.584,0.768,0.3,0.508,0.516
631,2,0.444,1.0,0.484,0.564,0.536,-0.02,0.276,0.496
632,6,0.212,0.68,0.252,0.544,0.728,0.98,0.468,0.476
633,6,-0.02,0.36,0.02,0.524,0.92,1.0,0.66,0.456
634,1,0.98,0.552,0.0,0.292,0.6,0.768,0.64,0.648
635,1,1.0,0.744,-0.02,0.06,0.28,0.536,0.62,0.84
636,3,0.98,0.936,0.98,0.252,0.26,0.304,0.3,0.608
637,3,0.96,1.0,1.0,0.444,0.24,0.072,-0.02,0.376
638,7,0.94,0.768,0.68,0.212,0.22,0.264,0.98,0.568
639,7,0.92,0.536,0.36,-0.02,0.2,0.456,1.0,0.76
640,4,0.688,0.516,0.552,0.98,0.392,0.436,0.768,0.44
641,4,0.456,0.496,0.744,1.0,0.584,0.416,0.536,0.12
642,,0.436,0.476,0.724,0.98,0.564,0.396,0.516,0.1
643,,0.416,0.456,0.704,0.96,0.544,0.376,0.496,0.08
644,,0.396,0.436,0.684,0.94,0.524,0.356,0.476,0.06
645,,0.376,0.416,0.664,0.92,0.504,0.336,0.456,0.04
646,,0.356,0.396,0.644,0.9,0.484,0.316,0.436,0.02
647,,0.336,0.376,0.624,0.88,0.464,0.296,0.416,0.0
648,,0.316,0.356,0.604,0.86,0.444,0.276,0.396,-0.02
649,8,0.508,0.336,0.372,0.54,0.212,0.256,0.588,0.98
650,8,0.7,0.316,0.14,0.22,-0.02,0.236,0.78,1.0
651,5,0.38,0.084,0.12,0.412,0.98,0.428,0.76,0.768
652,5,0.06,-0.148,0.1,0.604,1.0,0.62,0.74,0.536
653,2,0.252,0.852,0.292,0.584,0.768,0.3,0.508,0.516
654,2,0.444,1.0,0.484,0.564,0.536,-0.02,0.276,0.496
655,6,0.212,0.68,0.252,0.544,0.728,0.98,0.468,0.476
656,6,-0.02,0.36,0.02,0.524,0.92,1.0,0.66,0.456
657,1,0.98,0.552,0.0,0.292,0.6,0.768,0.64,0.648
658,1,1.0,0.744,-0.02,0.06,0.28,0.536,0.62,0.84
659,3,0.98,0.936,0.98,0.252,0.26,0.304,0.3,0.608
660,3,0.96,1.0,1.0,0.444,0.24,0.072,-0.02,0.376
661,7,0.94,0.768,0.68,0.212,0.22,0.264,0.98,0.568
662,7,0.92,0.536,0.36,-0.02,0.2,0.456,1.0,0.76
663,4,0.688,0.516,0.552,0.98,0.392,0.436,0.768,0.44
664,4,0.456,0.496,0.744,1.0,0.584,0.416,0.536,0.12
665,,0.436,0.476,0.724,0.98,0.564,0.396,0.516,0.1
666,,0.416,0.456,0.704,0.96,0.544,0.376,0.496,0.08
667,,0.396,0.436,0.684,0.94,0.524,0.356,0.476,0.06
668,,0.376,0.416,0.664,0.92,0.504,0.336,0.456,0.04
669,,0.356,0.396,0.644,0.9,0.484,0.316,0.436,0.02
670,,0.336,0.376,0.624,0.88,0.464,0.296,0.416,0.0
671,,0.316,0.356,0.604,0.86,0.444,0.276,0.396,-0.02
672,8,0.508,0.336,0.372,0.54,0.212,0.256,0.588,0.98
673,8,0.7,0.316,0.14,0.22,-0.02,0.236,0.78,1.0
674,5,0.38,0.084,0.12,0.412,0.98,0.428,0.76,0.768
675,5,0.06,-0.148,0.1,0.604,1.0,0.62,0.74,0.536
676,2,0.252,0.852,0.292,0.584,0.768,0.3,0.508,0.516
677,2,0.444,1.0,0.484,0.564,0.536,-0.02,0.276,0.496
678,6,0.212,0.68,0.252,0.544,0.728,0.98,0.468,0.476
679,6,-0.02,0.36,0.02,0.524,0.92,1.0,0.66,0.456
680,1,0.98,0.552,0.0,0.292,0.6,0.768,0.64,0.648
681,1,1.0,0.744,-0.02,0.06,0.28,0.536,0.62,0.84
682,3,0.98,0.936,0.98,0.252,0.26,0.304,0.3,0.608
683,3,0.96,1.0,1.0,0.444,0.24,0.072,-0.02,0.376
684,7,0.94,0.768,0.68,0.212,0.22,0.264,0.98,0.568
685,7,0.92,0.536,0.36,-0.02,0.2,0.456,1.0,0.76
686,4,0.688,0.516,0.552,0.98,0.392,0.436,0.768,0.44
687,4,0.456,0.496,0.744,1.0,0.584,0.416,0.536,0.12
688,,0.436,0.476,0.724,0.98,0.564,0.396,0.516,0.1
689,,0.416,0.456,0.704,0.96,0.544,0.376,0.496,0.08
690,,0.396,0.436,0.684,0.94,0.524,0.356,0.476,0.06
691,,0.376,0.416,0.664,0.92,0.504,0.336,0.456,0.04
692,,0.356,0.396,0.644,0.9,0.484,0.316,0.436,0.02
693,,0.336,0.376,0.624,0.88,0.464,0.296,0.416,0.0
694,,0.316,0.356,0.604,0.86,0.444,0.276,0.396,-0.02
695,8,0.508,0.336,0.372,0.54,0.212,0.256,0.588,0.98
696,8,0.7,0.316,0.14,0.22,-0.02,0.236,0.78,1.0
697,5,0.38,0.084,0.12,0.412,0.98,0.428,0.76,0.768
698,5,0.06,-0.148,0.1,0.604,1.0,0.62,0.74,0.536
699,2,0.252,0.852,0.292,0.584,0.768,0.3,0.508,0.516
700,2,0.444,1.0,0.484,0.564,0.536,-0.02,0.276,0.496
701,6,0.212,0.68,0.252,0.544,0.728,0.98,0.468,0.476
702,6,-0.02,0.36,0.02,0.524,0.92,1.0,0.66,0.456
703,1,0.98,0.552,0.0,0.292,0.6,0.768,0.64,0.648
704,1,1.0,0.744,-0.02,0.06,0.28,0.536,0.62,0.84
705,3,0.98,0.936,0.98,0.252,0.26,0.304,0.3,0.608
706,3,0.96,1.0,1.0,0.444,0.24,0.072,-0.02,0.376
707,7,0.94,0.768,0.68,0.212,0.22,0.264,0.98,0.568
708,7,0.92,0.536,0.36,-0.02,0.2,0.456,1.0,0.76
709,4,0.688,0.516,0.552,0.98,0.392,0.436,0.768,0.44
710,4,0.456,0.496,0.744,1.0,0.584,0.416,0.536,0.12
711,,0.436,0.476,0.724,0.98,0.564,0.396,0.516,0.1
712,,0.416,0.456,0.704,0.96,0.544,0.376,0.496,0.08
713,,0.396,0.436,0.684,0.94,0.524,0.356,0.476,0.06
714,,0.376,0.416,0.664,0.92,0.504,0.336,0.456,0.04
715,,0.356,0.396,0.644,0.9,0.484,0.316,0.436,0.02
716,,0.336,0.376,0.624,0.88,0.464,0.296,0.416,0.0
717,,0.316,0.356,0.604,0.86,0.444,0.276,0.396,-0.02
718,8,0.508,0.336,0.372,0.54,0.212,0.256,0.588,0.98
719,8,0.7,0.316,0.14,0.22,-0.02,0.236,0.78,1.0
720,5,0.38,0.084,0.12,0.412,0.98,0.428,0.76,0.768
721,5,0.06,-0.148,0.1,0.604,1.0,0.62,0.74,0.536
722,2,0.252,0.852,0.292,0.584,0.768,0.3,0.508,0.516
723,2,0.444,1.0,0.484,0.564,0.536,-0.02,0.276,0.496
724,6,0.212,0.68,0.252,0.544,0.728,0.98,0.468,0.476
725,6,-0.02,0.36,0.02,0.524,0.92,1.0,0.66,0.456
726,1,0.98,0.552,0.0,0.292,0.6,0.768,0.64,0.648
727,1,1.0,0.744,-0.02,0.06,0.28,0.536,0.62,0.84
728,3,0.98,0.936,0.98,0.252,0.26,0.304,0.3,0.608
729,3,0.96,1.0,1.0,0.444,0.24,0.072,-0.02,0.376
730,7,0.94,0.768,0.68,0.212,0.22,0.264,0.98,0.568
731,7,0.92,0.536,0.36,-0.02,0.2,0.456,1.0,0.76
732,4,0.688,0.516,0.552,0.98,0.392,0.436,0.768,0.44
733,4,0.456,0.496,0.744,1.0,0.584,0.416,0.536,0.12
734,,0.436,0.476,0.724,0.98,0.564,0.396,0.516,0.1
735,,0.416,0.456,0.704,0.96,0.544,0.376,0.496,0.08
736,,0.396,0.436,0.684,0.94,0.524,0.356,0.476,0.06
737,,0.376,0.416,0.664,0.92,0.504,0.336,0.456,0.04
738,,0.356,0.396,0.644,0.9,0.484,0.316,0.436,0.02
739,,0.336,0.376,0.624,0.88,0.464,0.296,0.416,0.0
740,,0.316,0.356,0.604,0.86,0.444,0.276,0.396,-0.02
741,8,0.508,0.336,0.372,0.54,0.212,0.256,0.588,0.98
742,8,0.7,0.316,0.14,0.22,-0.02,0.236,0.78,1.0
743,5,0.38,0.084,0.12,0.412,0.98,0.428,0.76,0.768
744,5,0.06,-0.148,0.1,0.604,1.0,0.62,0.74,0.536
745,2,0.252,0.852,0.292,0.584,0.768,0.3,0.508,0.516
746,2,0.444,1.0,0.484,0.564,0.536,-0.02,0.276,0.496
747,6,0.212,0.68,0.252,0.544,0.728,0.98,0.468,0.476
748,6,-0.02,0.36,0.02,0.524,0.92,1.0,0.66,0.456
749,1,0.98,0.552,0.0,0.292,0.6,0.768,0.64,0.648
750,1,1.0,0.744,-0.02,0.06,0.28,0.536,0.62,0.84
751,3,0.98,0.936,0.98,0.252,0.26,0.304,0.3,0.608
752,3,0.96,1.0,1.0,0.444,0.24,0.072,-0.02,0.376
753,7,0.94,0.768,0.68,0.212,0.22,0.264,0.98,0.568
754,7,0.92,0.536,0.36,-0.02,0.2,0.456,1.0,0.76
755,4,0.688,0.516,0.552,0.98,0.392,0.436,0.768,0.44
756,4,0.456,0.496,0.744,1.0,0.584,0.416,0.536,0.12
757,,0.436,0.476,0.724,0.98,0.564,0.396,0.516,0.1
758,,0.416,0.456,0.704,0.96,0.544,0.376,0.496,0.08
759,,0.396,0.436,0.684,0.94,0.524,0.356,0.476,0.06
760,,0.376,0.416,0.664,0.92,0.504,0.336,0.456,0.04
761,,0.356,0.396,0.644,0.9,0.484,0.316,0.436,0.02
762,,0.336,0.376,0.624,0.88,0.464,0.296,0.416,0.0
763,,0.316,0.356,0.604,0.86,0.444,0.276,0.396,-0.02
764,8,0.508,0.336,0.372,0.54,0.212,0.256,0.588,0.98
765,8,0.7,0.316,0.14,0.22,-0.02,0.236,0.78,1.0
766,5,0.38,0.084,0.12,0.412,0.98,0.428,0.76,0.768
767,5,0.06,-0.148,0.1,0.604,1.0,0.62,0.74,0.536
768,2,0.252,0.852,0.292,0.584,0.768,0.3,0.508,0.516
769,2,0.444,1.0,0.484,0.564,0.536,-0.02,0.276,0.496
770,6,0.212,0.68,0.252,0.544,0.728,0.98,0.468,0.476
771,6,-0.02,0.36,0.02,0.524,0.92,1.0,0.66,0.456
772,1,0.98,0.552,0.0,0.292,0.6,0.768,0.64,0.648
773,1,1.0,0.744,-0.02,0.06,0.28,0.536,0.62,0.84
774,3,0.98,0.936,0.98,0.252,0.26,0.304,0.3,0.608
775,3,0.96,1.0,1.0,0.444,0.24,0.072,-0.02,0.376
776,7,0.94,0.768,0.68,0.212,0.22,0.264,0.98,0.568
777,7,0.92,0.536,0.36,-0.02,0.2,0.456,1.0,0.76
778,4,0.688,0.516,0.552,0.98,0.392,0.436,0.768,0.44
779,4,0.456,0.496,0.744,1.0,0.584,0.416,0.536,0.12
780,,0.436,0.476,0.724,0.98,0.564,0.396,0.516,0.1
781,,0.416,0.456,0.704,0.96,0.544,0.376,0.496,0.08
782,,0.396,0.436,0.684,0.94,0.524,0.356,0.476,0.06
783,,0.376,0.416,0.664,0.92,0.504,0.336,0.456,0.04
784,,0.356,0.396,0.644,0.9,0.484,0.316,0.436,0.02
785,,0.336,0.376,0.624,0.88,0.464,0.296,0.416,0.0
786,,0.316,0.356,0.604,0.86,0.444,0.276,0.396,-0.02
787,8,0.508,0.336,0.372,0.54,0.212,0.256,0.588,0.98
788,8,0.7,0.316,0.14,0.22,-0.02,0.236,0.78,1.0
789,5,0.38,0.084,0.12,0.412,0.98,0.428,0.76,0.768
790,5,0.06,-0.148,0.1,0.604,1.0,0.62,0.74,0.536
791,2,0.252,0.852,0.292,0.584,0.768,0.3,0.508,0.516
792,2,0.444,1.0,0.484,0.564,0.536,-0.02,0.276,0.496
793,6,0.212,0.68,0.252,0.544,0.728,0.98,0.468,0.476
794,6,-0.02,0.36,0.02,0.524,0.92,1.0,0.66,0.456
795,1,0.98,0.552,0.0,0.292,0.6,0.768,0.64,0.648
796,1,1.0,0.744,-0.02,0.06,0.28,0.536,0.62,0.84
797,3,0.98,0.936,0.98,0.252,0.26,0.304,0.3,0.608
798,3,0.96,1.0,1.0,0.444,0.24,0.072,-0.02,0.376
799,7,0.94,0.768,0.68,0.212,0.22,0.264,0.98,0.568
800,7,0.92,0.536,0.36,-0.02,0.2,0.456,1.0,0.76
801,4,0.688,0.516,0.552,0.98,0.392,0.436,0.768,0.44
802,4,0.456,0.496,0.744,1.0,0.584,0.416,0.536,0.12
803,,0.436,0.476,0.724,0.98,0.564,0.396,0.516,0.1
804,,0.416,0.456,0.704,0.96,0.544,0.376,0.496,0.08
805,,0.396,0.436,0.684,0.94,0.524,0.356,0.476,0.06
806,,0.376,0.416,0.664,0.92,0.504,0.336,0.456,0.04
807,,0.356,0.396,0.644,0.9,0.484,0.316,0.436,0.02
808,,0.336,0.376,0.624,0.88,0.464,0.296,0.416,0.0
809,,0.316,0.356,0.604,0.86,0.444,0.276,0.396,-0.02
810,8,0.508,0.336,0.372,0.54,0.212,0.256,0.588,0.98
811,8,0.7,0.316,0.14,0.22,-0.02,0.236,0.78,1.0
812,5,0.38,0.084,0.12,0.412,0.98,0.428,0.76,0.768
813,5,0.06,-0.148,0.1,0.604,1.0,0.62,0.74,0.536
814,2,0.252,0.852,0.292,0.584,0.768,0.3,0.508,0.516
815,2,0.444,1.0,0.484,0.564,0.536,-0.02,0.276,0.496
816,6,0.212,0.68,0.252,0.544,0.728,0.98,0.468,0.476
817,6,-0.02,0.36,0.02,0.524,0.92,1.0,0.66,0.456
818,1,0.98,0.552,0.0,0.292,0.6,0.768,0.64,0.648
819,1,1.0,0.744,-0.02,0.06,0.28,0.536,0.62,0.84
820,3,0.98,0.936,0.98,0.252,0.26,0.304,0.3,0.608
821,3,0.96,1.0,1.0,0.444,0.24,0.072,-0.02,0.376
822,7,0.94,0.768,0.68,0.212,0.22,0.264,0.98,0.568
823,7,0.92,0.536,0.36,-0.02,0.2,0.456,1.0,0.76
824,4,0.688,0.516,0.552,0.98,0.392,0.436,0.768,0.44
825,4,0.456,0.496,0.744,1.0,0.584,0.416,0.536,0.12
826,,0.436,0.476,0.724,0.98,0.564,0.396,0.516,0.1
827,,0.416,0.456,0.704,0.96,0.544,0.376,0.496,0.08
828,,0.396,0.436,0.684,0.94,0.524,0.356,0.476,0.06
829,,0.376,0.416,0.664,0.92,0.504,0.336,0.456,0.04
830,,0.356,0.396,0.644,0.9,0.484,0.316,0.436,0.02
831,,0.336,0.376,0.624,0.88,0.464,0.296,0.416,0.0
832,,0.316,0.356,0.604,0.86,0.444,0.276,0.396,-0.02
833,8,0.508,0.336,0.372,0.54,0.212,0.256,0.588,0.98
834,8,0.7,0.316,0.14,0.22,-0.02,0.236,0.78,1.0
835,5,0.38,0.084,0.12,0.412,0.98,0.428,0.76,0.768
836,5,0.06,-0.148,0.1,0.604,1.0,0.62,0.74,0.536
837,2,0.252,0.852,0.292,0.584,0.768,0.3,0.508,0.516
838,2,0.444,1.0,0.484,0.564,0.536,-0.02,0.276,0.496
839,6,0.212,0.68,0.252,0.544,0.728,0.98,0.468,0.476
840,6,-0.02,0.36,0.02,0.524,0.92,1.0,0.66,0.456
841,1,0.98,0.552,0.0,0.292,0.6,0.768,0.64,0.648
842,1,1.0,0.744,-0.02,0.06,0.28,0.536,0.62,0.84
843,3,0.98,0.936,0.98,0.252,0.26,0.304,0.3,0.608
844,3,0.96,1.0,1.0,0.444,0.24,0.072,-0.02,0.376
845,7,0.94,0.768,0.68,0.212,0.22,0.264,0.98,0.568
846,7,0.92,0.536,0.36,-0.02,0.2,0.456,1.0,0.76
847,4,0.688,0.516,0.552,0.98,0.392,0.436,0.768,0.44
848,4,0.456,0.496,0.744,1.0,0.584,0.416,0.536,0.12
849,,0.436,0.476,0.724,0.98,0.564,0.396,0.516,0.1
850,,0.416,0.456,0.704,0.96,0.544,0.376,0.496,0.08
851,,0.396,0.436,0.684,0.94,0.524,0.356,0.476,0.06
852,,0.376,0.416,0.664,0.92,0.504,0.336,0.456,0.04
853,,0.356,0.396,0.644,0.9,0.484,0.316,0.436,0.02
854,,0.336,0.376,0.624,0.88,0.464,0.296,0.416,0.0
855,,0.316,0.356,0.604,0.86,0.444,0.276,0.396,-0.02
856,8,0.508,0.336,0.372,0.54,0.212,0.256,0.588,0.98
857,8,0.7,0.316,0.14,0.22,-0.02,0.236,0.78,1.0
858,5,0.38,0.084,0.12,0.412,0.98,0.428,0.76,0.768
859,5,0.06,-0.148,0.1,0.604,1.0,0.62,0.74,0.536
860,2,0.252,0.852,0.292,0.584,0.768,0.3,0.508,0.516
861,2,0.444,1.0,0.484,0.564,0.536,-0.02,0.276,0.496
862,6,0.212,0.68,0.252,0.544,0.728,0.98,0.468,0.476
863,6,-0.02,0.36,0.02,0.524,0.92,1.0,0.66,0.456
864,1,0.98,0.552,0.0,0.292,0.6,0.768,0.64,0.648
865,1,1.0,0.744,-0.02,0.06,0.28,0.536,0.62,0.84
866,3,0.98,0.936,0.98,0.252,0.26,0.304,0.3,0.608
867,3,0.96,1.0,1.0,0.444,0.24,0.072,-0.02,0.376
868,7,0.94,0.768,0.68,0.212,0.22,0.264,0.98,0.568
869,7,0.92,0.536,0.36,-0.02,0.2,0.456,1.0,0.76
870,4,0.688,0.516,0.552,0.98,0.392,0.436,0.768,0.44
871,4,0.456,0.496,0.744,1.0,0.584,0.416,0.536,0.12
872,,0.436,0.476,0.724,0.98,0.564,0.396,0.516,0.1
873,,0.416,0.456,0.704,0.96,0.544,0.376,0.496,0.08
874,,0.396,0.436,0.684,0.94,0.524,0.356,0.476,0.06
875,,0.376,0.416,0.664,0.92,0.504,0.336,0.456,0.04
876,,0.356,0.396,0.644,0.9,0.484,0.316,0.436,0.02
877,,0.336,0.376,0.624,0.88,0.464,0.296,0.416,0.0
878,,0.316,0.356,0.604,0.86,0.444,0.276,0.396,-0.02
879,8,0.508,0.336,0.372,0.54,0.212,0.256,0.588,0.98
880,8,0.7,0.316,0.14,0.22,-0.02,0.236,0.78,1.0
881,5,0.38,0.084,0.12,0.412,0.98,0.428,0.76,0.768
882,5,0.06,-0.148,0.1,0.604,1.0,0.62,0.74,0.536
883,2,0.252,0.852,0.292,0.584,0.768,0.3,0.508,0.516
884,2,0.444,1.0,0.484,0.564,0.536,-0.02,0.276,0.496
885,6,0.212,0.68,0.252,0.544,0.728,0.98,0.468,0.476
886,6,-0.02,0.36,0.02,0.524,0.92,1.0,0.66,0.456
887,1,0.98,0.552,0.0,0.292,0.6,0.768,0.64,0.648
888,1,1.0,0.744,-0.02,0.06,0.28,0.536,0.62,0.84
889,3,0.98,0.936,0.98,0.252,0.26,0.304,0.3,0.608
890,3,0.96,1.0,1.0,0.444,0.24,0.072,-0.02,0.376
891,7,0.94,0.768,0.68,0.212,0.22,0.264,0.98,0.568
892,7,0.92,0.536,0.36,-0.02,0.2,0.456,1.0,0.76
893,4,0.688,0.516,0.552,0.98,0.392,0.436,0.768,0.44
894,4,0.456,0.496,0.744,1.0,0.584,0.416,0.536,0.12
895,,0.436,0.476,0.724,0.98,0.564,0.396,0.516,0.1
896,,0.416,0.456,0.704,0.96,0.544,0.376,0.496,0.08
897,,0.396,0.436,0.684,0.94,0.524,0.356,0.476,0.06
898,,0.376,0.416,0.664,0.92,0.504,0.336,0.456,0.04
899,,0.356,0.396,0.644,0.9,0.484,0.316,0.436,0.02
900,,0.336,0.376,0.624,0.88,0.464,0.296,0.416,0.0
901,,0.316,0.356,0.604,0.86,0.444,0.276,0.396,-0.02
902,8,0.508,0.336,0.372,0.54,0.212,0.256,0.588,0.98
903,8,0.7,0.316,0.14,0.22,-0.02,0.236,0.78,1.0
904,5,0.38,0.084,0.12,0.412,0.98,0.428,0.76,0.768
905,5,0.06,-0.148,0.1,0.604,1.0,0.62,0.74,0.536
906,2,0.252,0.852,0.292,0.584,0.768,0.3,0.508,0.516
907,2,0.444,1.0,0.484,0.564,0.536,-0.02,0.276,0.496
908,6,0.212,0.68,0.252,0.544,0.728,0.98,0.468,0.476
909,6,-0.02,0.36,0.02,0.524,0.92,1.0,0.66,0.456
910,1,0.98,0.552,0.0,0.292,0.6,0.768,0.64,0.648
911,1,1.0,0.744,-0.02,0.06,0.28,0.536,0.62,0.84
912,3,0.98,0.936,0.98,0.252,0.26,0.304,0.3,0.608
913,3,0.96,1.0,1.0,0.444,0.24,0.072,-0.02,0.376
914,7,0.94,0.768,0.68,0.212,0.22,0.264,0.98,0.568
915,7,0.92,0.536,0.36,-0.02,0.2,0.456,1.0,0.76
916,4,0.688,0.516,0.552,0.98,0.392,0.436,0.768,0.44
917,4,0.456,0.496,0.744,1.0,0.584,0.416,0.536,0.12
918,,0.436,0.476,0.724,0.98,0.564,0.396,0.516,0.1
919,,0.416,0.456,0.704,0.96,0.544,0.376,0.496,0.08
920,,0.396,0.436,0.684,0.94,0.524,0.356,0.476,0.06
921,,0.376,0.416,0.664,0.92,0.504,0.336,0.456,0.04
922,,0.356,0.396,0.644,0.9,0.484,0.316,0.436,0.02
923,,0.336,0.376,0.624,0.88,0.464,0.296,0.416,0.0
924,,0.316,0.356,0.604,0.86,0.444,0.276,0.396,-0.02
925,8,0.508,0.336,0.372,0.54,0.212,0.256,0.588,0.98
926,8,0.7,0.316,0.14,0.22,-0.02,0.236,0.78,1.0
927,5,0.38,0.084,0.12,0.412,0.98,0.428,0.76,0.768
928,5,0.06,-0.148,0.1,0.604,1.0,0.62,0.74,0.536
929,2,0.252,0.852,0.292,0.584,0.768,0.3,0.508,0.516
930,2,0.444,1.0,0.484,0.564,0.536,-0.02,0.276,0.496
931,6,0.212,0.68,0.252,0.544,0.728,0.98,0.468,0.476
932,6,-0.02,0.36,0.02,0.524,0.92,1.0,0.66,0.456
933,1,0.98,0.552,0.0,0.292,0.6,0.768,0.64,0.648
934,1,1.0,0.744,-0.02,0.06,0.28,0.536,0.62,0.84
935,3,0.98,0.936,0.98,0.252,0.26,0.304,0.3,0.608
936,3,0.96,1.0,1.0,0.444,0.24,0.072,-0.02,0.376
937,7,0.94,0.768,0.68,0.212,0.22,0.264,0.98,0.568
938,7,0.92,0.536,0.36,-0.02,0.2,0.456,1.0,0.76
939,4,0.688,0.516,0.552,0.98,0.392,0.436,0.768,0.44
940,4,0.456,0.496,0.744,1.0,0.584,0.416,0.536,0.12
941,,0.436,0.476,0.724,0.98,0.564,0.396,0.516,0.1
942,,0.416,0.456,0.704,0.96,0.544,0.376,0.496,0.08
943,,0.396,0.436,0.684,0.94,0.524,0.356,0.476,0.06
944,,0.376,0.416,0.664,0.92,0.504,0.336,0.456,0.04
945,,0.356,0.396,0.644,0.9,0.484,0.316,0.436,0.02
946,,0.336,0.376,0.624,0.88,0.464,0.296,0.416,0.0
947,,0.316,0.356,0.604,0.86,0.444,0.276,0.396,-0.02
948,8,0.508,0.336,0.372,0.54,0.212,0.256,0.588,0.98
949,8,0.7,0.316,0.14,0.22,-0.02,0.236,0.78,1.0
950,5,0.38,0.084,0.12,0.412,0.98,0.428,0.76,0.768
951,5,0.06,-0.148,0.1,0.604,1.0,0.62,0.74,0.536
952,2,0.252,0.852,0.292,0.584,0.768,0.3,0.508,0.516
953,2,0.444,1.0,0.484,0.564,0.536,-0.02,0.276,0.496
954,6,0.212,0.68,0.252,0.544,0.728,0.98,0.468,0.476
955,6,-0.02,0.36,0.02,0.524,0.92,1.0,0.66,0.456
956,1,0.98,0.552,0.0,0.292,0.6,0.768,0.64,0.648
957,1,1.0,0.744,-0.02,0.06,0.28,0.536,0.62,0.84
958,3,0.98,0.936,0.98,0.252,0.26,0.304,0.3,0.608
959,3,0.96,1.0,1.0,0.444,0.24,0.072,-0.02,0.376
960,7,0.94,0.768,0.68,0.212,0.22,0.264,0.98,0.568
961,7,0.92,0.536,0.36,-0.02,0.2,0.456,1.0,0.76
962,4,0.688,0.516,0.552,0.98,0.392,0.436,0.768,0.44
963,4,0.456,0.496,0.744,1.0,0.584,0.416,0.536,0.12
964,,0.436,0.476,0.724,0.98,0.564,0.396,0.516,0.1
965,,0.416,0.456,0.704,0.96,0.544,0.376,0.496,0.08
966,,0.396,0.436,0.684,0.94,0.524,0.356,0.476,0.06
967,,0.376,0.416,0.664,0.92,0.504,0.336,0.456,0.04
968,,0.356,0.396,0.644,0.9,0.484,0.316,0.436,0.02
969,,0.336,0.376,0.624,0.88,0.464,0.296,0.416,0.0
970,,0.316,0.356,0.604,0.86,0.444,0.276,0.396,-0.02
971,8,0.508,0.336,0.372,0.54,0.212,0.256,0.588,0.98
972,8,0.7,0.316,0.14,0.22,-0.02,0.236,0.78,1.0
973,5,0.38,0.084,0.12,0.412,0.98,0.428,0.76,0.768
974,5,0.06,-0.148,0.1,0.604,1.0,0.62,0.74,0.536
975,2,0.252,0.852,0.292,0.584,0.768,0.3,0.508,0.516
976,2,0.444,1.0,0.484,0.564,0.536,-0.02,0.276,0.496
977,6,0.212,0.68,0.252,0.544,0.728,0.98,0.468,0.476
978,6,-0.02,0.36,0.02,0.524,0.92,1.0,0.66,0.456
979,1,0.98,0.552,0.0,0.292,0.6,0.768,0.64,0.648
980,1,1.0,0.744,-0.02,0.06,0.28,0.536,0.62,0.84
981,3,0.98,0.936,0.98,0.252,0.26,0.304,0.3,0.608
982,3,0.96,1.0,1.0,0.444,0.24,0.072,-0.02,0.376
983,7,0.94,0.768,0.68,0.212,0.22,0.264,0.98,0.568
984,7,0.92,0.536,0.36,-0.02,0.2,0.456,1.0,0.76
985,4,0.688,0.516,0.552,0.98,0.392,0.436,0.768,0.44
986,4,0.456,0.496,0.744,1.0,0.584,0.416,0.536,0.12
987,,0.436,0.476,0.724,0.98,0.564,0.396,0.516,0.1
988,,0.416,0.456,0.704,0.96,0.544,0.376,0.496,0.08
989,,0.396,0.436,0.684,0.94,0.524,0.356,0.476,0.06
990,,0.376,0.416,0.664,0.92,0.504,0.336,0.456,0.04
991,,0.356,0.396,0.644,0.9,0.484,0.316,0.436,0.02
992,,0.336,0.376,0.624,0.88,0.464,0.296,0.416,0.0
993,,0.316,0.356,0.604,0.86,0.444,0.276,0.396,-0.02
994,8,0.508,0.336,0.372,0.54,0.212,0.256,0.588,0.98
995,8,0.7,0.316,0.14,0.22,-0.02,0.236,0.78,1.0
996,5,0.38,0.084,0.12,0.412,0.98,0.428,0.76,0.768
997,5,0.06,-0.148,0.1,0.604,1.0,0.62,0.74,0.536
998,2,0.252,0.852,0.292,0.584,0.768,0.3,0.508,0.516
999,2,0.444,1.0,0.484,0.564,0.536,-0.02,0.276,0.496
