step,active_motive,motive_1,motive_2,motive_3,motive_4,motive_5,motive_6,motive_7,motive_8
0,,0.51879,0.70302,0.36363,0.97178,0.96245,0.25178,0.49725,0.30088
1,,0.46879,0.65302,0.31363,0.92178,0.91245,0.20178,0.44725,0.25088
2,,0.41879,0.60302,0.26363,0.87178,0.86245,0.15178,0.39725,0.20088
3,,0.36879,0.55302,0.21363,0.82178,0.81245,0.10178,0.34725,0.15088
4,,0.31879,0.50302,0.16363,0.77178,0.76245,0.05178,0.29725,0.10088
5,,0.26879,0.45302,0.11363,0.72178,0.71245,0.00178,0.24725,0.05088
6,,0.21879,0.40302,0.06363,0.67178,0.66245,-0.04822,0.19725,0.00088
7,6,0.35679,0.45302,0.20163,1.0,1.0,0.95178,0.75925,0.35088
8,6,0.49479,0.50302,0.33963,1.0,1.0,1.0,1.0,0.70088
9,,0.44479,0.45302,0.28963,0.95,0.95,0.95,0.95,0.65088
10,,0.39479,0.40302,0.23963,0.9,0.9,0.9,0.9,0.60088
11,,0.34479,0.35302,0.18963,0.85,0.85,0.85,0.85,0.55088
12,,0.29479,0.30302,0.13963,0.8,0.8,0.8,0.8,0.50088
13,,0.24479,0.25302,0.08963,0.75,0.75,0.75,0.75,0.45088
14,,0.19479,0.20302,0.03963,0.7,0.7,0.7,0.7,0.40088
15,,0.14479,0.15302,-0.01037,0.65,0.65,0.65,0.65,0.35088
16,3,0.49479,0.71502,0.98963,1.0,1.0,0.788,0.7,0.48888
17,3,0.84479,1.0,1.0,1.0,1.0,0.926,0.75,0.62688
18,,0.79479,0.95,0.95,0.95,0.95,0.876,0.7,0.57688
19,,0.74479,0.9,0.9,0.9,0.9,0.826,0.65,0.52688
20,,0.69479,0.85,0.85,0.85,0.85,0.776,0.6,0.47688
21,,0.64479,0.8,0.8,0.8,0.8,0.726,0.55,0.42688
22,,0.59479,0.75,0.75,0.75,0.75,0.676,0.5,0.37688
23,,0.54479,0.7,0.7,0.7,0.7,0.626,0.45,0.32688
24,,0.49479,0.65,0.65,0.65,0.65,0.576,0.4,0.27688
25,,0.44479,0.6,0.6,0.6,0.6,0.526,0.35,0.22688
26,,0.39479,0.55,0.55,0.55,0.55,0.476,0.3,0.17688
27,,0.34479,0.5,0.5,0.5,0.5,0.426,0.25,0.12688
28,,0.29479,0.45,0.45,0.45,0.45,0.376,0.2,0.07688
29,,0.24479,0.4,0.4,0.4,0.4,0.326,0.15,0.02688
30,,0.19479,0.35,0.35,0.35,0.35,0.276,0.1,-0.02312
31,8,0.75679,0.7,0.488,0.4,0.488,0.626,0.662,0.97688
32,8,1.0,1.0,0.626,0.45,0.626,0.976,1.0,1.0
33,,0.95,0.95,0.576,0.4,0.576,0.926,0.95,0.95
34,,0.9,0.9,0.526,0.35,0.526,0.876,0.9,0.9
35,,0.85,0.85,0.476,0.3,0.476,0.826,0.85,0.85
36,,0.8,0.8,0.426,0.25,0.426,0.776,0.8,0.8
37,,0.75,0.75,0.376,0.2,0.376,0.726,0.75,0.75
38,,0.7,0.7,0.326,0.15,0.326,0.676,0.7,0.7
39,,0.65,0.65,0.276,0.1,0.276,0.626,0.65,0.65
40,,0.6,0.6,0.226,0.05,0.226,0.576,0.6,0.6
41,,0.55,0.55,0.176,0.0,0.176,0.526,0.55,0.55
42,,0.5,0.5,0.126,-0.05,0.126,0.476,0.5,0.5
43,4,0.638,0.85,0.688,0.95,0.688,0.826,0.638,0.55
44,4,0.776,1.0,1.0,1.0,1.0,1.0,0.776,0.6
45,,0.726,0.95,0.95,0.95,0.95,0.95,0.726,0.55
46,,0.676,0.9,0.9,0.9,0.9,0.9,0.676,0.5
47,,0.626,0.85,0.85,0.85,0.85,0.85,0.626,0.45
48,,0.576,0.8,0.8,0.8,0.8,0.8,0.576,0.4
49,,0.526,0.75,0.75,0.75,0.75,0.75,0.526,0.35
50,,0.476,0.7,0.7,0.7,0.7,0.7,0.476,0.3
51,,0.426,0.65,0.65,0.65,0.65,0.65,0.426,0.25
52,,0.376,0.6,0.6,0.6,0.6,0.6,0.376,0.2
53,,0.326,0.55,0.55,0.55,0.55,0.55,0.326,0.15
54,,0.276,0.5,0.5,0.5,0.5,0.5,0.276,0.1
55,,0.226,0.45,0.45,0.45,0.45,0.45,0.226,0.05
56,,0.176,0.4,0.4,0.4,0.4,0.4,0.176,0.0
57,,0.126,0.35,0.35,0.35,0.35,0.35,0.126,-0.05
58,8,0.688,0.7,0.488,0.4,0.488,0.7,0.688,0.95
59,8,1.0,1.0,0.626,0.45,0.626,1.0,1.0,1.0
60,,0.95,0.95,0.576,0.4,0.576,0.95,0.95,0.95
61,,0.9,0.9,0.526,0.35,0.526,0.9,0.9,0.9
62,,0.85,0.85,0.476,0.3,0.476,0.85,0.85,0.85
63,,0.8,0.8,0.426,0.25,0.426,0.8,0.8,0.8
64,,0.75,0.75,0.376,0.2,0.376,0.75,0.75,0.75
65,,0.7,0.7,0.326,0.15,0.326,0.7,0.7,0.7
66,,0.65,0.65,0.276,0.1,0.276,0.65,0.65,0.65
67,,0.6,0.6,0.226,0.05,0.226,0.6,0.6,0.6
68,,0.55,0.55,0.176,0.0,0.176,0.55,0.55,0.55
69,,0.5,0.5,0.126,-0.05,0.126,0.5,0.5,0.5
70,4,0.638,0.85,0.688,0.95,0.688,0.85,0.638,0.55
71,4,0.776,1.0,1.0,1.0,1.0,1.0,0.776,0.6
72,,0.726,0.95,0.95,0.95,0.95,0.95,0.726,0.55
73,,0.676,0.9,0.9,0.9,0.9,0.9,0.676,0.5
74,,0.626,0.85,0.85,0.85,0.85,0.85,0.626,0.45
75,,0.576,0.8,0.8,0.8,0.8,0.8,0.576,0.4
76,,0.526,0.75,0.75,0.75,0.75,0.75,0.526,0.35
77,,0.476,0.7,0.7,0.7,0.7,0.7,0.476,0.3
78,,0.426,0.65,0.65,0.65,0.65,0.65,0.426,0.25
79,,0.376,0.6,0.6,0.6,0.6,0.6,0.376,0.2
80,,0.326,0.55,0.55,0.55,0.55,0.55,0.326,0.15
81,,0.276,0.5,0.5,0.5,0.5,0.5,0.276,0.1
82,,0.226,0.45,0.45,0.45,0.45,0.45,0.226,0.05
83,,0.176,0.4,0.4,0.4,0.4,0.4,0.176,0.0
84,,0.126,0.35,0.35,0.35,0.35,0.35,0.126,-0.05
85,8,0.688,0.7,0.488,0.4,0.488,0.7,0.688,0.95
86,8,1.0,1.0,0.626,0.45,0.626,1.0,1.0,1.0
87,,0.95,0.95,0.576,0.4,0.576,0.95,0.95,0.95
88,,0.9,0.9,0.526,0.35,0.526,0.9,0.9,0.9
89,,0.85,0.85,0.476,0.3,0.476,0.85,0.85,0.85
90,,0.8,0.8,0.426,0.25,0.426,0.8,0.8,0.8
91,,0.75,0.75,0.376,0.2,0.376,0.75,0.75,0.75
92,,0.7,0.7,0.326,0.15,0.326,0.7,0.7,0.7
93,,0.65,0.65,0.276,0.1,0.276,0.65,0.65,0.65
94,,0.6,0.6,0.226,0.05,0.226,0.6,0.6,0.6
95,,0.55,0.55,0.176,0.0,0.176,0.55,0.55,0.55
96,,0.5,0.5,0.126,-0.05,0.126,0.5,0.5,0.5
97,4,0.638,0.85,0.688,0.95,0.688,0.85,0.638,0.55
98,4,0.776,1.0,1.0,1.0,1.0,1.0,0.776,0.6
99,,0.726,0.95,0.95,0.95,0.95,0.95,0.726,0.55
100,,0.676,0.9,0.9,0.9,0.9,0.9,0.676,0.5
101,,0.626,0.85,0.85,0.85,0.85,0.85,0.626,0.45
102,,0.576,0.8,0.8,0.8,0.8,0.8,0.576,0.4
103,,0.526,0.75,0.75,0.75,0.75,0.75,0.526,0.35
104,,0.476,0.7,0.7,0.7,0.7,0.7,0.476,0.3
105,,0.426,0.65,0.65,0.65,0.65,0.65,0.426,0.25
106,,0.376,0.6,0.6,0.6,0.6,0.6,0.376,0.2
107,,0.326,0.55,0.55,0.55,0.55,0.55,0.326,0.15
108,,0.276,0.5,0.5,0.5,0.5,0.5,0.276,0.1
109,,0.226,0.45,0.45,0.45,0.45,0.45,0.226,0.05
110,,0.176,0.4,0.4,0.4,0.4,0.4,0.176,0.0
111,,0.126,0.35,0.35,0.35,0.35,0.35,0.126,-0.05
112,8,0.688,0.7,0.488,0.4,0.488,0.7,0.688,0.95
113,8,1.0,1.0,0.626,0.45,0.626,1.0,1.0,1.0
114,,0.95,0.95,0.576,0.4,0.576,0.95,0.95,0.95
115,,0.9,0.9,0.526,0.35,0.526,0.9,0.9,0.9
116,,0.85,0.85,0.476,0.3,0.476,0.85,0.85,0.85
117,,0.8,0.8,0.426,0.25,0.426,0.8,0.8,0.8
118,,0.75,0.75,0.376,0.2,0.376,0.75,0.75,0.75
119,,0.7,0.7,0.326,0.15,0.326,0.7,0.7,0.7
120,,0.65,0.65,0.276,0.1,0.276,0.65,0.65,0.65
121,,0.6,0.6,0.226,0.05,0.226,0.6,0.6,0.6
122,,0.55,0.55,0.176,0.0,0.176,0.55,0.55,0.55
123,,0.5,0.5,0.126,-0.05,0.126,0.5,0.5,0.5
124,4,0.638,0.85,0.688,0.95,0.688,0.85,0.638,0.55
125,4,0.776,1.0,1.0,1.0,1.0,1.0,0.776,0.6
126,,0.726,0.95,0.95,0.95,0.95,0.95,0.726,0.55
127,,0.676,0.9,0.9,0.9,0.9,0.9,0.676,0.5
128,,0.626,0.85,0.85,0.85,0.85,0.85,0.626,0.45
129,,0.576,0.8,0.8,0.8,0.8,0.8,0.576,0.4
130,,0.526,0.75,0.75,0.75,0.75,0.75,0.526,0.35
131,,0.476,0.7,0.7,0.7,0.7,0.7,0.476,0.3
132,,0.426,0.65,0.65,0.65,0.65,0.65,0.426,0.25
133,,0.376,0.6,0.6,0.6,0.6,0.6,0.376,0.2
134,,0.326,0.55,0.55,0.55,0.55,0.55,0.326,0.15
135,,0.276,0.5,0.5,0.5,0.5,0.5,0.276,0.1
136,,0.226,0.45,0.45,0.45,0.45,0.45,0.226,0.05
137,,0.176,0.4,0.4,0.4,0.4,0.4,0.176,0.0
138,,0.126,0.35,0.35,0.35,0.35,0.35,0.126,-0.05
139,8,0.688,0.7,0.488,0.4,0.488,0.7,0.688,0.95
140,8,1.0,1.0,0.626,0.45,0.626,1.0,1.0,1.0
141,,0.95,0.95,0.576,0.4,0.576,0.95,0.95,0.95
142,,0.9,0.9,0.526,0.35,0.526,0.9,0.9,0.9
143,,0.85,0.85,0.476,0.3,0.476,0.85,0.85,0.85
144,,0.8,0.8,0.426,0.25,0.426,0.8,0.8,0.8
145,,0.75,0.75,0.376,0.2,0.376,0.75,0.75,0.75
146,,0.7,0.7,0.326,0.15,0.326,0.7,0.7,0.7
147,,0.65,0.65,0.276,0.1,0.276,0.65,0.65,0.65
148,,0.6,0.6,0.226,0.05,0.226,0.6,0.6,0.6
149,,0.55,0.55,0.176,0.0,0.176,0.55,0.55,0.55
150,,0.5,0.5,0.126,-0.05,0.126,0.5,0.5,0.5
151,4,0.638,0.85,0.688,0.95,0.688,0.85,0.638,0.55
152,4,0.776,1.0,1.0,1.0,1.0,1.0,0.776,0.6
153,,0.726,0.95,0.95,0.95,0.95,0.95,0.726,0.55
154,,0.676,0.9,0.9,0.9,0.9,0.9,0.676,0.5
155,,0.626,0.85,0.85,0.85,0.85,0.85,0.626,0.45
156,,0.576,0.8,0.8,0.8,0.8,0.8,0.576,0.4
157,,0.526,0.75,0.75,0.75,0.75,0.75,0.526,0.35
158,,0.476,0.7,0.7,0.7,0.7,0.7,0.476,0.3
159,,0.426,0.65,0.65,0.65,0.65,0.65,0.426,0.25
160,,0.376,0.6,0.6,0.6,0.6,0.6,0.376,0.2
161,,0.326,0.55,0.55,0.55,0.55,0.55,0.326,0.15
162,,0.276,0.5,0.5,0.5,0.5,0.5,0.276,0.1
163,,0.226,0.45,0.45,0.45,0.45,0.45,0.226,0.05
164,,0.176,0.4,0.4,0.4,0.4,0.4,0.176,0.0
165,,0.126,0.35,0.35,0.35,0.35,0.35,0.126,-0.05
166,8,0.688,0.7,0.488,0.4,0.488,0.7,0.688,0.95
167,8,1.0,1.0,0.626,0.45,0.626,1.0,1.0,1.0
168,,0.95,0.95,0.576,0.4,0.576,0.95,0.95,0.95
169,,0.9,0.9,0.526,0.35,0.526,0.9,0.9,0.9
170,,0.85,0.85,0.476,0.3,0.476,0.85,0.85,0.85
171,,0.8,0.8,0.426,0.25,0.426,0.8,0.8,0.8
172,,0.75,0.75,0.376,0.2,0.376,0.75,0.75,0.75
173,,0.7,0.7,0.326,0.15,0.326,0.7,0.7,0.7
174,,0.65,0.65,0.276,0.1,0.276,0.65,0.65,0.65
175,,0.6,0.6,0.226,0.05,0.226,0.6,0.6,0.6
176,,0.55,0.55,0.176,0.0,0.176,0.55,0.55,0.55
177,,0.5,0.5,0.126,-0.05,0.126,0.5,0.5,0.5
178,4,0.638,0.85,0.688,0.95,0.688,0.85,0.638,0.55
179,4,0.776,1.0,1.0,1.0,1.0,1.0,0.776,0.6
180,,0.726,0.95,0.95,0.95,0.95,0.95,0.726,0.55
181,,0.676,0.9,0.9,0.9,0.9,0.9,0.676,0.5
182,,0.626,0.85,0.85,0.85,0.85,0.85,0.626,0.45
183,,0.576,0.8,0.8,0.8,0.8,0.8,0.576,0.4
184,,0.526,0.75,0.75,0.75,0.75,0.75,0.526,0.35
185,,0.476,0.7,0.7,0.7,0.7,0.7,0.476,0.3
186,,0.426,0.65,0.65,0.65,0.65,0.65,0.426,0.25
187,,0.376,0.6,0.6,0.6,0.6,0.6,0.376,0.2
188,,0.326,0.55,0.55,0.55,0.55,0.55,0.326,0.15
189,,0.276,0.5,0.5,0.5,0.5,0.5,0.276,0.1
190,,0.226,0.45,0.45,0.45,0.45,0.45,0.226,0.05
191,,0.176,0.4,0.4,0.4,0.4,0.4,0.176,0.0
192,,0.126,0.35,0.35,0.35,0.35,0.35,0.126,-0.05
193,8,0.688,0.7,0.488,0.4,0.488,0.7,0.688,0.95
194,8,1.0,1.0,0.626,0.45,0.626,1.0,1.0,1.0
195,,0.95,0.95,0.576,0.4,0.576,0.95,0.95,0.95
196,,0.9,0.9,0.526,0.35,0.526,0.9,0.9,0.9
197,,0.85,0.85,0.476,0.3,0.476,0.85,0.85,0.85
198,,0.8,0.8,0.426,0.25,0.426,0.8,0.8,0.8
199,,0.75,0.75,0.376,0.2,0.376,0.75,0.75,0.75
200,,0.7,0.7,0.326,0.15,0.326,0.7,0.7,0.7
201,,0.65,0.65,0.276,0.1,0.276,0.65,0.65,0.65
202,,0.6,0.6,0.226,0.05,0.226,0.6,0.6,0.6
203,,0.55,0.55,0.176,0.0,0.176,0.55,0.55,0.55
204,,0.5,0.5,0.126,-0.05,0.126,0.5,0.5,0.5
205,4,0.638,0.85,0.688,0.95,0.688,0.85,0.638,0.55
206,4,0.776,1.0,1.0,1.0,1.0,1.0,0.776,0.6
207,,0.726,0.95,0.95,0.95,0.95,0.95,0.726,0.55
208,,0.676,0.9,0.9,0.9,0.9,0.9,0.676,0.5
209,,0.626,0.85,0.85,0.85,0.85,0.85,0.626,0.45
210,,0.576,0.8,0.8,0.8,0.8,0.8,0.576,0.4
211,,0.526,0.75,0.75,0.75,0.75,0.75,0.526,0.35
212,,0.476,0.7,0.7,0.7,0.7,0.7,0.476,0.3
213,,0.426,0.65,0.65,0.65,0.65,0.65,0.426,0.25
214,,0.376,0.6,0.6,0.6,0.6,0.6,0.376,0.2
215,,0.326,0.55,0.55,0.55,0.55,0.55,0.326,0.15
216,,0.276,0.5,0.5,0.5,0.5,0.5,0.276,0.1
217,,0.226,0.45,0.45,0.45,0.45,0.45,0.226,0.05
218,,0.176,0.4,0.4,0.4,0.4,0.4,0.176,0.0
219,,0.126,0.35,0.35,0.35,0.35,0.35,0.126,-0.05
220,8,0.688,0.7,0.488,0.4,0.488,0.7,0.688,0.95
221,8,1.0,1.0,0.626,0.45,0.626,1.0,1.0,1.0
222,,0.95,0.95,0.576,0.4,0.576,0.95,0.95,0.95
223,,0.9,0.9,0.526,0.35,0.526,0.9,0.9,0.9
224,,0.85,0.85,0.476,0.3,0.476,0.85,0.85,0.85
225,,0.8,0.8,0.426,0.25,0.426,0.8,0.8,0.8
226,,0.75,0.75,0.376,0.2,0.376,0.75,0.75,0.75
227,,0.7,0.7,0.326,0.15,0.326,0.7,0.7,0.7
228,,0.65,0.65,0.276,0.1,0.276,0.65,0.65,0.65
229,,0.6,0.6,0.226,0.05,0.226,0.6,0.6,0.6
230,,0.55,0.55,0.176,0.0,0.176,0.55,0.55,0.55
231,,0.5,0.5,0.126,-0.05,0.126,0.5,0.5,0.5
232,4,0.638,0.85,0.688,0.95,0.688,0.85,0.638,0.55
233,4,0.776,1.0,1.0,1.0,1.0,1.0,0.776,0.6
234,,0.726,0.95,0.95,0.95,0.95,0.95,0.726,0.55
235,,0.676,0.9,0.9,0.9,0.9,0.9,0.676,0.5
236,,0.626,0.85,0.85,0.85,0.85,0.85,0.626,0.45
237,,0.576,0.8,0.8,0.8,0.8,0.8,0.576,0.4
238,,0.526,0.75,0.75,0.75,0.75,0.75,0.526,0.35
239,,0.476,0.7,0.7,0.7,0.7,0.7,0.476,0.3
240,,0.426,0.65,0.65,0.65,0.65,0.65,0.426,0.25
241,,0.376,0.6,0.6,0.6,0.6,0.6,0.376,0.2
242,,0.326,0.55,0.55,0.55,0.55,0.55,0.326,0.15
243,,0.276,0.5,0.5,0.5,0.5,0.5,0.276,0.1
244,,0.226,0.45,0.45,0.45,0.45,0.45,0.226,0.05
245,,0.176,0.4,0.4,0.4,0.4,0.4,0.176,0.0
246,,0.126,0.35,0.35,0.35,0.35,0.35,0.126,-0.05
247,8,0.688,0.7,0.488,0.4,0.488,0.7,0.688,0.95
248,8,1.0,1.0,0.626,0.45,0.626,1.0,1.0,1.0
249,,0.95,0.95,0.576,0.4,0.576,0.95,0.95,0.95
250,,0.9,0.9,0.526,0.35,0.526,0.9,0.9,0.9
251,,0.85,0.85,0.476,0.3,0.476,0.85,0.85,0.85
252,,0.8,0.8,0.426,0.25,0.426,0.8,0.8,0.8
253,,0.75,0.75,0.376,0.2,0.376,0.75,0.75,0.75
254,,0.7,0.7,0.326,0.15,0.326,0.7,0.7,0.7
255,,0.65,0.65,0.276,0.1,0.276,0.65,0.65,0.65
256,,0.6,0.6,0.226,0.05,0.226,0.6,0.6,0.6
257,,0.55,0.55,0.176,0.0,0.176,0.55,0.55,0.55
258,,0.5,0.5,0.126,-0.05,0.126,0.5,0.5,0.5
259,4,0.638,0.85,0.688,0.95,0.688,0.85,0.638,0.55
260,4,0.776,1.0,1.0,1.0,1.0,1.0,0.776,0.6
261,,0.726,0.95,0.95,0.95,0.95,0.95,0.726,0.55
262,,0.676,0.9,0.9,0.9,0.9,0.9,0.676,0.5
263,,0.626,0.85,0.85,0.85,0.85,0.85,0.626,0.45
264,,0.576,0.8,0.8,0.8,0.8,0.8,0.576,0.4
265,,0.526,0.75,0.75,0.75,0.75,0.75,0.526,0.35
266,,0.476,0.7,0.7,0.7,0.7,0.7,0.476,0.3
267,,0.426,0.65,0.65,0.65,0.65,0.65,0.426,0.25
268,,0.376,0.6,0.6,0.6,0.6,0.6,0.376,0.2
269,,0.326,0.55,0.55,0.55,0.55,0.55,0.326,0.15
270,,0.276,0.5,0.5,0.5,0.5,0.5,0.276,0.1
271,,0.226,0.45,0.45,0.45,0.45,0.45,0.226,0.05
272,,0.176,0.4,0.4,0.4,0.4,0.4,0.176,0.0
273,,0.126,0.35,0.35,0.35,0.35,0.35,0.126,-0.05
274,8,0.688,0.7,0.488,0.4,0.488,0.7,0.688,0.95
275,8,1.0,1.0,0.626,0.45,0.626,1.0,1.0,1.0
276,,0.95,0.95,0.576,0.4,0.576,0.95,0.95,0.95
277,,0.9,0.9,0.526,0.35,0.526,0.9,0.9,0.9
278,,0.85,0.85,0.476,0.3,0.476,0.85,0.85,0.85
279,,0.8,0.8,0.426,0.25,0.426,0.8,0.8,0.8
280,,0.75,0.75,0.376,0.2,0.376,0.75,0.75,0.75
281,,0.7,0.7,0.326,0.15,0.326,0.7,0.7,0.7
282,,0.65,0.65,0.276,0.1,0.276,0.65,0.65,0.65
283,,0.6,0.6,0.226,0.05,0.226,0.6,0.6,0.6
284,,0.55,0.55,0.176,0.0,0.176,0.55,0.55,0.55
285,,0.5,0.5,0.126,-0.05,0.126,0.5,0.5,0.5
286,4,0.638,0.85,0.688,0.95,0.688,0.85,0.638,0.55
287,4,0.776,1.0,1.0,1.0,1.0,1.0,0.776,0.6
288,,0.726,0.95,0.95,0.95,0.95,0.95,0.726,0.55
289,,0.676,0.9,0.9,0.9,0.9,0.9,0.676,0.5
290,,0.626,0.85,0.85,0.85,0.85,0.85,0.626,0.45
291,,0.576,0.8,0.8,0.8,0.8,0.8,0.576,0.4
292,,0.526,0.75,0.75,0.75,0.75,0.75,0.526,0.35
293,,0.476,0.7,0.7,0.7,0.7,0.7,0.476,0.3
294,,0.426,0.65,0.65,0.65,0.65,0.65,0.426,0.25
295,,0.376,0.6,0.6,0.6,0.6,0.6,0.376,0.2
296,,0.326,0.55,0.55,0.55,0.55,0.55,0.326,0.15
297,,0.276,0.5,0.5,0.5,0.5,0.5,0.276,0.1
298,,0.226,0.45,0.45,0.45,0.45,0.45,0.226,0.05
299,,0.176,0.4,0.4,0.4,0.4,0.4,0.176,0.0
300,,0.126,0.35,0.35,0.35,0.35,0.35,0.126,-0.05
301,8,0.688,0.7,0.488,0.4,0.488,0.7,0.688,0.95
302,8,1.0,1.0,0.626,0.45,0.626,1.0,1.0,1.0
303,,0.95,0.95,0.576,0.4,0.576,0.95,0.95,0.95
304,,0.9,0.9,0.526,0.35,0.526,0.9,0.9,0.9
305,,0.85,0.85,0.476,0.3,0.476,0.85,0.85,0.85
306,,0.8,0.8,0.426,0.25,0.426,0.8,0.8,0.8
307,,0.75,0.75,0.376,0.2,0.376,0.75,0.75,0.75
308,,0.7,0.7,0.326,0.15,0.326,0.7,0.7,0.7
309,,0.65,0.65,0.276,0.1,0.276,0.65,0.65,0.65
310,,0.6,0.6,0.226,0.05,0.226,0.6,0.6,0.6
311,,0.55,0.55,0.176,0.0,0.176,0.55,0.55,0.55
312,,0.5,0.5,0.126,-0.05,0.126,0.5,0.5,0.5
313,4,0.638,0.85,0.688,0.95,0.688,0.85,0.638,0.55
314,4,0.776,1.0,1.0,1.0,1.0,1.0,0.776,0.6
315,,0.726,0.95,0.95,0.95,0.95,0.95,0.726,0.55
316,,0.676,0.9,0.9,0.9,0.9,0.9,0.676,0.5
317,,0.626,0.85,0.85,0.85,0.85,0.85,0.626,0.45
318,,0.576,0.8,0.8,0.8,0.8,0.8,0.576,0.4
319,,0.526,0.75,0.75,0.75,0.75,0.75,0.526,0.35
320,,0.476,0.7,0.7,0.7,0.7,0.7,0.476,0.3
321,,0.426,0.65,0.65,0.65,0.65,0.65,0.426,0.25
322,,0.376,0.6,0.6,0.6,0.6,0.6,0.376,0.2
323,,0.326,0.55,0.55,0.55,0.55,0.55,0.326,0.15
324,,0.276,0.5,0.5,0.5,0.5,0.5,0.276,0.1
325,,0.226,0.45,0.45,0.45,0.45,0.45,0.226,0.05
326,,0.176,0.4,0.4,0.4,0.4,0.4,0.176,0.0
327,,0.126,0.35,0.35,0.35,0.35,0.35,0.126,-0.05
328,8,0.688,0.7,0.488,0.4,0.488,0.7,0.688,0.95
329,8,1.0,1.0,0.626,0.45,0.626,1.0,1.0,1.0
330,,0.95,0.95,0.576,0.4,0.576,0.95,0.95,0.95
331,,0.9,0.9,0.526,0.35,0.526,0.9,0.9,0.9
332,,0.85,0.85,0.476,0.3,0.476,0.85,0.85,0.85
333,,0.8,0.8,0.426,0.25,0.426,0.8,0.8,0.8
334,,0.75,0.75,0.376,0.2,0.376,0.75,0.75,0.75
335,,0.7,0.7,0.326,0.15,0.326,0.7,0.7,0.7
336,,0.65,0.65,0.276,0.1,0.276,0.65,0.65,0.65
337,,0.6,0.6,0.226,0.05,0.226,0.6,0.6,0.6
338,,0.55,0.55,0.176,0.0,0.176,0.55,0.55,0.55
339,,0.5,0.5,0.126,-0.05,0.126,0.5,0.5,0.5
340,4,0.638,0.85,0.688,0.95,0.688,0.85,0.638,0.55
341,4,0.776,1.0,1.0,1.0,1.0,1.0,0.776,0.6
342,,0.726,0.95,0.95,0.95,0.95,0.95,0.726,0.55
343,,0.676,0.9,0.9,0.9,0.9,0.9,0.676,0.5
344,,0.626,0.85,0.85,0.85,0.85,0.85,0.626,0.45
345,,0.576,0.8,0.8,0.8,0.8,0.8,0.576,0.4
346,,0.526,0.75,0.75,0.75,0.75,0.75,0.526,0.35
347,,0.476,0.7,0.7,0.7,0.7,0.7,0.476,0.3
348,,0.426,0.65,0.65,0.65,0.65,0.65,0.426,0.25
349,,0.376,0.6,0.6,0.6,0.6,0.6,0.376,0.2
350,,0.326,0.55,0.55,0.55,0.55,0.55,0.326,0.15
351,,0.276,0.5,0.5,0.5,0.5,0.5,0.276,0.1
352,,0.226,0.45,0.45,0.45,0.45,0.45,0.226,0.05
353,,0.176,0.4,0.4,0.4,0.4,0.4,0.176,0.0
354,,0.126,0.35,0.35,0.35,0.35,0.35,0.126,-0.05
355,8,0.688,0.7,0.488,0.4,0.488,0.7,0.688,0.95
356,8,1.0,1.0,0.626,0.45,0.626,1.0,1.0,1.0
357,,0.95,0.95,0.576,0.4,0.576,0.95,0.95,0.95
358,,0.9,0.9,0.526,0.35,0.526,0.9,0.9,0.9
359,,0.85,0.85,0.476,0.3,0.476,0.85,0.85,0.85
360,,0.8,0.8,0.426,0.25,0.426,0.8,0.8,0.8
361,,0.75,0.75,0.376,0.2,0.376,0.75,0.75,0.75
362,,0.7,0.7,0.326,0.15,0.326,0.7,0.7,0.7
363,,0.65,0.65,0.276,0.1,0.276,0.65,0.65,0.65
364,,0.6,0.6,0.226,0.05,0.226,0.6,0.6,0.6
365,,0.55,0.55,0.176,0.0,0.176,0.55,0.55,0.55
366,,0.5,0.5,0.126,-0.05,0.126,0.5,0.5,0.5
367,4,0.638,0.85,0.688,0.95,0.688,0.85,0.638,0.55
368,4,0.776,1.0,1.0,1.0,1.0,1.0,0.776,0.6
369,,0.726,0.95,0.95,0.95,0.95,0.95,0.726,0.55
370,,0.676,0.9,0.9,0.9,0.9,0.9,0.676,0.5
371,,0.626,0.85,0.85,0.85,0.85,0.85,0.626,0.45
372,,0.576,0.8,0.8,0.8,0.8,0.8,0.576,0.4
373,,0.526,0.75,0.75,0.75,0.75,0.75,0.526,0.35
374,,0.476,0.7,0.7,0.7,0.7,0.7,0.476,0.3
375,,0.426,0.65,0.65,0.65,0.65,0.65,0.426,0.25
376,,0.376,0.6,0.6,0.6,0.6,0.6,0.376,0.2
377,,0.326,0.55,0.55,0.55,0.55,0.55,0.326,0.15
378,,0.276,0.5,0.5,0.5,0.5,0.5,0.276,0.1
379,,0.226,0.45,0.45,0.45,0.45,0.45,0.226,0.05
380,,0.176,0.4,0.4,0.4,0.4,0.4,0.176,0.0
381,,0.126,0.35,0.35,0.35,0.35,0.35,0.126,-0.05
382,8,0.688,0.7,0.488,0.4,0.488,0.7,0.688,0.95
383,8,1.0,1.0,0.626,0.45,0.626,1.0,1.0,1.0
384,,0.95,0.95,0.576,0.4,0.576,0.95,0.95,0.95
385,,0.9,0.9,0.526,0.35,0.526,0.9,0.9,0.9
386,,0.85,0.85,0.476,0.3,0.476,0.85,0.85,0.85
387,,0.8,0.8,0.426,0.25,0.426,0.8,0.8,0.8
388,,0.75,0.75,0.376,0.2,0.376,0.75,0.75,0.75
389,,0.7,0.7,0.326,0.15,0.326,0.7,0.7,0.7
390,,0.65,0.65,0.276,0.1,0.276,0.65,0.65,0.65
391,,0.6,0.6,0.226,0.05,0.226,0.6,0.6,0.6
392,,0.55,0.55,0.176,0.0,0.176,0.55,0.55,0.55
393,,0.5,0.5,0.126,-0.05,0.126,0.5,0.5,0.5
394,4,0.638,0.85,0.688,0.95,0.688,0.85,0.638,0.55
395,4,0.776,1.0,1.0,1.0,1.0,1.0,0.776,0.6
396,,0.726,0.95,0.95,0.95,0.95,0.95,0.726,0.55
397,,0.676,0.9,0.9,0.9,0.9,0.9,0.676,0.5
398,,0.626,0.85,0.85,0.85,0.85,0.85,0.626,0.45
399,,0.576,0.8,0.8,0.8,0.8,0.8,0.576,0.4
400,,0.526,0.75,0.75,0.75,0.75,0.75,0.526,0.35
401,,0.476,0.7,0.7,0.7,0.7,0.7,0.476,0.3
402,,0.426,0.65,0.65,0.65,0.65,0.65,0.426,0.25
403,,0.376,0.6,0.6,0.6,0.6,0.6,0.376,0.2
404,,0.326,0.55,0.55,0.55,0.55,0.55,0.326,0.15
405,,0.276,0.5,0.5,0.5,0.5,0.5,0.276,0.1
406,,0.226,0.45,0.45,0.45,0.45,0.45,0.226,0.05
407,,0.176,0.4,0.4,0.4,0.4,0.4,0.176,0.0
408,,0.126,0.35,0.35,0.35,0.35,0.35,0.126,-0.05
409,8,0.688,0.7,0.488,0.4,0.488,0.7,0.688,0.95
410,8,1.0,1.0,0.626,0.45,0.626,1.0,1.0,1.0
411,,0.95,0.95,0.576,0.4,0.576,0.95,0.95,0.95
412,,0.9,0.9,0.526,0.35,0.526,0.9,0.9,0.9
413,,0.85,0.85,0.476,0.3,0.476,0.85,0.85,0.85
414,,0.8,0.8,0.426,0.25,0.426,0.8,0.8,0.8
415,,0.75,0.75,0.376,0.2,0.376,0.75,0.75,0.75
416,,0.7,0.7,0.326,0.15,0.326,0.7,0.7,0.7
417,,0.65,0.65,0.276,0.1,0.276,0.65,0.65,0.65
418,,0.6,0.6,0.226,0.05,0.226,0.6,0.6,0.6
419,,0.55,0.55,0.176,0.0,0.176,0.55,0.55,0.55
420,,0.5,0.5,0.126,-0.05,0.126,0.5,0.5,0.5
421,4,0.638,0.85,0.688,0.95,0.688,0.85,0.638,0.55
422,4,0.776,1.0,1.0,1.0,1.0,1.0,0.776,0.6
423,,0.726,0.95,0.95,0.95,0.95,0.95,0.726,0.55
424,,0.676,0.9,0.9,0.9,0.9,0.9,0.676,0.5
425,,0.626,0.85,0.85,0.85,0.85,0.85,0.626,0.45
426,,0.576,0.8,0.8,0.8,0.8,0.8,0.576,0.4
427,,0.526,0.75,0.75,0.75,0.75,0.75,0.526,0.35
428,,0.476,0.7,0.7,0.7,0.7,0.7,0.476,0.3
429,,0.426,0.65,0.65,0.65,0.65,0.65,0.426,0.25
430,,0.376,0.6,0.6,0.6,0.6,0.6,0.376,0.2
431,,0.326,0.55,0.55,0.55,0.55,0.55,0.326,0.15
432,,0.276,0.5,0.5,0.5,0.5,0.5,0.276,0.1
433,,0.226,0.45,0.45,0.45,0.45,0.45,0.226,0.05
434,,0.176,0.4,0.4,0.4,0.4,0.4,0.176,0.0
435,,0.126,0.35,0.35,0.35,0.35,0.35,0.126,-0.05
436,8,0.688,0.7,0.488,0.4,0.488,0.7,0.688,0.95
437,8,1.0,1.0,0.626,0.45,0.626,1.0,1.0,1.0
438,,0.95,0.95,0.576,0.4,0.576,0.95,0.95,0.95
439,,0.9,0.9,0.526,0.35,0.526,0.9,0.9,0.9
440,,0.85,0.85,0.476,0.3,0.476,0.85,0.85,0.85
441,,0.8,0.8,0.426,0.25,0.426,0.8,0.8,0.8
442,,0.75,0.75,0.376,0.2,0.376,0.75,0.75,0.75
443,,0.7,0.7,0.326,0.15,0.326,0.7,0.7,0.7
444,,0.65,0.65,0.276,0.1,0.276,0.65,0.65,0.65
445,,0.6,0.6,0.226,0.05,0.226,0.6,0.6,0.6
446,,0.55,0.55,0.176,0.0,0.176,0.55,0.55,0.55
447,,0.5,0.5,0.126,-0.05,0.126,0.5,0.5,0.5
448,4,0.638,0.85,0.688,0.95,0.688,0.85,0.638,0.55
449,4,0.776,1.0,1.0,1.0,1.0,1.0,0.776,0.6
450,,0.726,0.95,0.95,0.95,0.95,0.95,0.726,0.55
451,,0.676,0.9,0.9,0.9,0.9,0.9,0.676,0.5
452,,0.626,0.85,0.85,0.85,0.85,0.85,0.626,0.45
453,,0.576,0.8,0.8,0.8,0.8,0.8,0.576,0.4
454,,0.526,0.75,0.75,0.75,0.75,0.75,0.526,0.35
455,,0.476,0.7,0.7,0.7,0.7,0.7,0.476,0.3
456,,0.426,0.65,0.65,0.65,0.65,0.65,0.426,0.25
457,,0.376,0.6,0.6,0.6,0.6,0.6,0.376,0.2
458,,0.326,0.55,0.55,0.55,0.55,0.55,0.326,0.15
459,,0.276,0.5,0.5,0.5,0.5,0.5,0.276,0.1
460,,0.226,0.45,0.45,0.45,0.45,0.45,0.226,0.05
461,,0.176,0.4,0.4,0.4,0.4,0.4,0.176,0.0
462,,0.126,0.35,0.35,0.35,0.35,0.35,0.126,-0.05
463,8,0.688,0.7,0.488,0.4,0.488,0.7,0.688,0.95
464,8,1.0,1.0,0.626,0.45,0.626,1.0,1.0,1.0
465,,0.95,0.95,0.576,0.4,0.576,0.95,0.95,0.95
466,,0.9,0.9,0.526,0.35,0.526,0.9,0.9,0.9
467,,0.85,0.85,0.476,0.3,0.476,0.85,0.85,0.85
468,,0.8,0.8,0.426,0.25,0.426,0.8,0.8,0.8
469,,0.75,0.75,0.376,0.2,0.376,0.75,0.75,0.75
470,,0.7,0.7,0.326,0.15,0.326,0.7,0.7,0.7
471,,0.65,0.65,0.276,0.1,0.276,0.65,0.65,0.65
472,,0.6,0.6,0.226,0.05,0.226,0.6,0.6,0.6
473,,0.55,0.55,0.176,0.0,0.176,0.55,0.55,0.55
474,,0.5,0.5,0.126,-0.05,0.126,0.5,0.5,0.5
475,4,0.638,0.85,0.688,0.95,0.688,0.85,0.638,0.55
476,4,0.776,1.0,1.0,1.0,1.0,1.0,0.776,0.6
477,,0.726,0.95,0.95,0.95,0.95,0.95,0.726,0.55
478,,0.676,0.9,0.9,0.9,0.9,0.9,0.676,0.5
479,,0.626,0.85,0.85,0.85,0.85,0.85,0.626,0.45
480,,0.576,0.8,0.8,0.8,0.8,0.8,0.576,0.4
481,,0.526,0.75,0.75,0.75,0.75,0.75,0.526,0.35
482,,0.476,0.7,0.7,0.7,0.7,0.7,0.476,0.3
483,,0.426,0.65,0.65,0.65,0.65,0.65,0.426,0.25
484,,0.376,0.6,0.6,0.6,0.6,0.6,0.376,0.2
485,,0.326,0.55,0.55,0.55,0.55,0.55,0.326,0.15
486,,0.276,0.5,0.5,0.5,0.5,0.5,0.276,0.1
487,,0.226,0.45,0.45,0.45,0.45,0.45,0.226,0.05
488,,0.176,0.4,0.4,0.4,0.4,0.4,0.176,0.0
489,,0.126,0.35,0.35,0.35,0.35,0.35,0.126,-0.05
490,8,0.688,0.7,0.488,0.4,0.488,0.7,0.688,0.95
491,8,1.0,1.0,0.626,0.45,0.626,1.0,1.0,1.0
492,,0.95,0.95,0.576,0.4,0.576,0.95,0.95,0.95
493,,0.9,0.9,0.526,0.35,0.526,0.9,0.9,0.9
494,,0.85,0.85,0.476,0.3,0.476,0.85,0.85,0.85
495,,0.8,0.8,0.426,0.25,0.426,0.8,0.8,0.8
496,,0.75,0.75,0.376,0.2,0.376,0.75,0.75,0.75
497,,0.7,0.7,0.326,0.15,0.326,0.7,0.7,0.7
498,,0.65,0.65,0.276,0.1,0.276,0.65,0.65,0.65
499,,0.6,0.6,0.226,0.05,0.226,0.6,0.6,0.6
500,,0.55,0.55,0.176,0.0,0.176,0.55,0.55,0.55
501,,0.5,0.5,0.126,-0.05,0.126,0.5,0.5,0.5
502,4,0.638,0.85,0.688,0.95,0.688,0.85,0.638,0.55
503,4,0.776,1.0,1.0,1.0,1.0,1.0,0.776,0.6
504,,0.726,0.95,0.95,0.95,0.95,0.95,0.726,0.55
505,,0.676,0.9,0.9,0.9,0.9,0.9,0.676,0.5
506,,0.626,0.85,0.85,0.85,0.85,0.85,0.626,0.45
507,,0.576,0.8,0.8,0.8,0.8,0.8,0.576,0.4
508,,0.526,0.75,0.75,0.75,0.75,0.75,0.526,0.35
509,,0.476,0.7,0.7,0.7,0.7,0.7,0.476,0.3
510,,0.426,0.65,0.65,0.65,0.65,0.65,0.426,0.25
511,,0.376,0.6,0.6,0.6,0.6,0.6,0.376,0.2
512,,0.326,0.55,0.55,0.55,0.55,0.55,0.326,0.15
513,,0.276,0.5,0.5,0.5,0.5,0.5,0.276,0.1
514,,0.226,0.45,0.45,0.45,0.45,0.45,0.226,0.05
515,,0.176,0.4,0.4,0.4,0.4,0.4,0.176,0.0
516,,0.126,0.35,0.35,0.35,0.35,0.35,0.126,-0.05
517,8,0.688,0.7,0.488,0.4,0.488,0.7,0.688,0.95
518,8,1.0,1.0,0.626,0.45,0.626,1.0,1.0,1.0
519,,0.95,0.95,0.576,0.4,0.576,0.95,0.95,0.95
520,,0.9,0.9,0.526,0.35,0.526,0.9,0.9,0.9
521,,0.85,0.85,0.476,0.3,0.476,0.85,0.85,0.85
522,,0.8,0.8,0.426,0.25,0.426,0.8,0.8,0.8
523,,0.75,0.75,0.376,0.2,0.376,0.75,0.75,0.75
524,,0.7,0.7,0.326,0.15,0.326,0.7,0.7,0.7
525,,0.65,0.65,0.276,0.1,0.276,0.65,0.65,0.65
526,,0.6,0.6,0.226,0.05,0.226,0.6,0.6,0.6
527,,0.55,0.55,0.176,0.0,0.176,0.55,0.55,0.55
528,,0.5,0.5,0.126,-0.05,0.126,0.5,0.5,0.5
529,4,0.638,0.85,0.688,0.95,0.688,0.85,0.638,0.55
530,4,0.776,1.0,1.0,1.0,1.0,1.0,0.776,0.6
531,,0.726,0.95,0.95,0.95,0.95,0.95,0.726,0.55
532,,0.676,0.9,0.9,0.9,0.9,0.9,0.676,0.5
533,,0.626,0.85,0.85,0.85,0.85,0.85,0.626,0.45
534,,0.576,0.8,0.8,0.8,0.8,0.8,0.576,0.4
535,,0.526,0.75,0.75,0.75,0.75,0.75,0.526,0.35
536,,0.476,0.7,0.7,0.7,0.7,0.7,0.476,0.3
537,,0.426,0.65,0.65,0.65,0.65,0.65,0.426,0.25
538,,0.376,0.6,0.6,0.6,0.6,0.6,0.376,0.2
539,,0.326,0.55,0.55,0.55,0.55,0.55,0.326,0.15
540,,0.276,0.5,0.5,0.5,0.5,0.5,0.276,0.1
541,,0.226,0.45,0.45,0.45,0.45,0.45,0.226,0.05
542,,0.176,0.4,0.4,0.4,0.4,0.4,0.176,0.0
543,,0.126,0.35,0.35,0.35,0.35,0.35,0.126,-0.05
544,8,0.688,0.7,0.488,0.4,0.488,0.7,0.688,0.95
545,8,1.0,1.0,0.626,0.45,0.626,1.0,1.0,1.0
546,,0.95,0.95,0.576,0.4,0.576,0.95,0.95,0.95
547,,0.9,0.9,0.526,0.35,0.526,0.9,0.9,0.9
548,,0.85,0.85,0.476,0.3,0.476,0.85,0.85,0.85
549,,0.8,0.8,0.426,0.25,0.426,0.8,0.8,0.8
550,,0.75,0.75,0.376,0.2,0.376,0.75,0.75,0.75
551,,0.7,0.7,0.326,0.15,0.326,0.7,0.7,0.7
552,,0.65,0.65,0.276,0.1,0.276,0.65,0.65,0.65
553,,0.6,0.6,0.226,0.05,0.226,0.6,0.6,0.6
554,,0.55,0.55,0.176,0.0,0.176,0.55,0.55,0.55
555,,0.5,0.5,0.126,-0.05,0.126,0.5,0.5,0.5
556,4,0.638,0.85,0.688,0.95,0.688,0.85,0.638,0.55
557,4,0.776,1.0,1.0,1.0,1.0,1.0,0.776,0.6
558,,0.726,0.95,0.95,0.95,0.95,0.95,0.726,0.55
559,,0.676,0.9,0.9,0.9,0.9,0.9,0.676,0.5
560,,0.626,0.85,0.85,0.85,0.85,0.85,0.626,0.45
561,,0.576,0.8,0.8,0.8,0.8,0.8,0.576,0.4
562,,0.526,0.75,0.75,0.75,0.75,0.75,0.526,0.35
563,,0.476,0.7,0.7,0.7,0.7,0.7,0.476,0.3
564,,0.426,0.65,0.65,0.65,0.65,0.65,0.426,0.25
565,,0.376,0.6,0.6,0.6,0.6,0.6,0.376,0.2
566,,0.326,0.55,0.55,0.55,0.55,0.55,0.326,0.15
567,,0.276,0.5,0.5,0.5,0.5,0.5,0.276,0.1
568,,0.226,0.45,0.45,0.45,0.45,0.45,0.226,0.05
569,,0.176,0.4,0.4,0.4,0.4,0.4,0.176,0.0
570,,0.126,0.35,0.35,0.35,0.35,0.35,0.126,-0.05
571,8,0.688,0.7,0.488,0.4,0.488,0.7,0.688,0.95
572,8,1.0,1.0,0.626,0.45,0.626,1.0,1.0,1.0
573,,0.95,0.95,0.576,0.4,0.576,0.95,0.95,0.95
574,,0.9,0.9,0.526,0.35,0.526,0.9,0.9,0.9
575,,0.85,0.85,0.476,0.3,0.476,0.85,0.85,0.85
576,,0.8,0.8,0.426,0.25,0.426,0.8,0.8,0.8
577,,0.75,0.75,0.376,0.2,0.376,0.75,0.75,0.75
578,,0.7,0.7,0.326,0.15,0.326,0.7,0.7,0.7
579,,0.65,0.65,0.276,0.1,0.276,0.65,0.65,0.65
580,,0.6,0.6,0.226,0.05,0.226,0.6,0.6,0.6
581,,0.55,0.55,0.176,0.0,0.176,0.55,0.55,0.55
582,,0.5,0.5,0.126,-0.05,0.126,0.5,0.5,0.5
583,4,0.638,0.85,0.688,0.95,0.688,0.85,0.638,0.55
584,4,0.776,1.0,1.0,1.0,1.0,1.0,0.776,0.6
585,,0.726,0.95,0.95,0.95,0.95,0.95,0.726,0.55
586,,0.676,0.9,0.9,0.9,0.9,0.9,0.676,0.5
587,,0.626,0.85,0.85,0.85,0.85,0.85,0.626,0.45
588,,0.576,0.8,0.8,0.8,0.8,0.8,0.576,0.4
589,,0.526,0.75,0.75,0.75,0.75,0.75,0.526,0.35
590,,0.476,0.7,0.7,0.7,0.7,0.7,0.476,0.3
591,,0.426,0.65,0.65,0.65,0.65,0.65,0.426,0.25
592,,0.376,0.6,0.6,0.6,0.6,0.6,0.376,0.2
593,,0.326,0.55,0.55,0.55,0.55,0.55,0.326,0.15
594,,0.276,0.5,0.5,0.5,0.5,0.5,0.276,0.1
595,,0.226,0.45,0.45,0.45,0.45,0.45,0.226,0.05
596,,0.176,0.4,0.4,0.4,0.4,0.4,0.176,0.0
597,,0.126,0.35,0.35,0.35,0.35,0.35,0.126,-0.05
598,8,0.688,0.7,0.488,0.4,0.488,0.7,0.688,0.95
599,8,1.0,1.0,0.626,0.45,0.626,1.0,1.0,1.0
600,,0.95,0.95,0.576,0.4,0.576,0.95,0.95,0.95
601,,0.9,0.9,0.526,0.35,0.526,0.9,0.9,0.9
602,,0.85,0.85,0.476,0.3,0.476,0.85,0.85,0.85
603,,0.8,0.8,0.426,0.25,0.426,0.8,0.8,0.8
604,,0.75,0.75,0.376,0.2,0.376,0.75,0.75,0.75
605,,0.7,0.7,0.326,0.15,0.326,0.7,0.7,0.7
606,,0.65,0.65,0.276,0.1,0.276,0.65,0.65,0.65
607,,0.6,0.6,0.226,0.05,0.226,0.6,0.6,0.6
608,,0.55,0.55,0.176,0.0,0.176,0.55,0.55,0.55
609,,0.5,0.5,0.126,-0.05,0.126,0.5,0.5,0.5
610,4,0.638,0.85,0.688,0.95,0.688,0.85,0.638,0.55
611,4,0.776,1.0,1.0,1.0,1.0,1.0,0.776,0.6
612,,0.726,0.95,0.95,0.95,0.95,0.95,0.726,0.55
613,,0.676,0.9,0.9,0.9,0.9,0.9,0.676,0.5
614,,0.626,0.85,0.85,0.85,0.85,0.85,0.626,0.45
615,,0.576,0.8,0.8,0.8,0.8,0.8,0.576,0.4
616,,0.526,0.75,0.75,0.75,0.75,0.75,0.526,0.35
617,,0.476,0.7,0.7,0.7,0.7,0.7,0.476,0.3
618,,0.426,0.65,0.65,0.65,0.65,0.65,0.426,0.25
619,,0.376,0.6,0.6,0.6,0.6,0.6,0.376,0.2
620,,0.326,0.55,0.55,0.55,0.55,0.55,0.326,0.15
621,,0.276,0.5,0.5,0.5,0.5,0.5,0.276,0.1
622,,0.226,0.45,0.45,0.45,0.45,0.45,0.226,0.05
623,,0.176,0.4,0.4,0.4,0.4,0.4,0.176,0.0
624,,0.126,0.35,0.35,0.35,0.35,0.35,0.126,-0.05
625,8,0.688,0.7,0.488,0.4,0.488,0.7,0.688,0.95
626,8,1.0,1.0,0.626,0.45,0.626,1.0,1.0,1.0
627,,0.95,0.95,0.576,0.4,0.576,0.95,0.95,0.95
628,,0.9,0.9,0.526,0.35,0.526,0.9,0.9,0.9
629,,0.85,0.85,0.476,0.3,0.476,0.85,0.85,0.85
630,,0.8,0.8,0.426,0.25,0.426,0.8,0.8,0.8
631,,0.75,0.75,0.376,0.2,0.376,0.75,0.75,0.75
632,,0.7,0.7,0.326,0.15,0.326,0.7,0.7,0.7
633,,0.65,0.65,0.276,0.1,0.276,0.65,0.65,0.65
634,,0.6,0.6,0.226,0.05,0.226,0.6,0.6,0.6
635,,0.55,0.55,0.176,0.0,0.176,0.55,0.55,0.55
636,,0.5,0.5,0.126,-0.05,0.126,0.5,0.5,0.5
637,4,0.638,0.85,0.688,0.95,0.688,0.85,0.638,0.55
638,4,0.776,1.0,1.0,1.0,1.0,1.0,0.776,0.6
639,,0.726,0.95,0.95,0.95,0.95,0.95,0.726,0.55
640,,0.676,0.9,0.9,0.9,0.9,0.9,0.676,0.5
641,,0.626,0.85,0.85,0.85,0.85,0.85,0.626,0.45
642,,0.576,0.8,0.8,0.8,0.8,0.8,0.576,0.4
643,,0.526,0.75,0.75,0.75,0.75,0.75,0.526,0.35
644,,0.476,0.7,0.7,0.7,0.7,0.7,0.476,0.3
645,,0.426,0.65,0.65,0.65,0.65,0.65,0.426,0.25
646,,0.376,0.6,0.6,0.6,0.6,0.6,0.376,0.2
647,,0.326,0.55,0.55,0.55,0.55,0.55,0.326,0.15
648,,0.276,0.5,0.5,0.5,0.5,0.5,0.276,0.1
649,,0.226,0.45,0.45,0.45,0.45,0.45,0.226,0.05
650,,0.176,0.4,0.4,0.4,0.4,0.4,0.176,0.0
651,,0.126,0.35,0.35,0.35,0.35,0.35,0.126,-0.05
652,8,0.688,0.7,0.488,0.4,0.488,0.7,0.688,0.95
653,8,1.0,1.0,0.626,0.45,0.626,1.0,1.0,1.0
654,,0.95,0.95,0.576,0.4,0.576,0.95,0.95,0.95
655,,0.9,0.9,0.526,0.35,0.526,0.9,0.9,0.9
656,,0.85,0.85,0.476,0.3,0.476,0.85,0.85,0.85
657,,0.8,0.8,0.426,0.25,0.426,0.8,0.8,0.8
658,,0.75,0.75,0.376,0.2,0.376,0.75,0.75,0.75
659,,0.7,0.7,0.326,0.15,0.326,0.7,0.7,0.7
660,,0.65,0.65,0.276,0.1,0.276,0.65,0.65,0.65
661,,0.6,0.6,0.226,0.05,0.226,0.6,0.6,0.6
662,,0.55,0.55,0.176,0.0,0.176,0.55,0.55,0.55
663,,0.5,0.5,0.126,-0.05,0.126,0.5,0.5,0.5
664,4,0.638,0.85,0.688,0.95,0.688,0.85,0.638,0.55
665,4,0.776,1.0,1.0,1.0,1.0,1.0,0.776,0.6
666,,0.726,0.95,0.95,0.95,0.95,0.95,0.726,0.55
667,,0.676,0.9,0.9,0.9,0.9,0.9,0.676,0.5
668,,0.626,0.85,0.85,0.85,0.85,0.85,0.626,0.45
669,,0.576,0.8,0.8,0.8,0.8,0.8,0.576,0.4
670,,0.526,0.75,0.75,0.75,0.75,0.75,0.526,0.35
671,,0.476,0.7,0.7,0.7,0.7,0.7,0.476,0.3
672,,0.426,0.65,0.65,0.65,0.65,0.65,0.426,0.25
673,,0.376,0.6,0.6,0.6,0.6,0.6,0.376,0.2
674,,0.326,0.55,0.55,0.55,0.55,0.55,0.326,0.15
675,,0.276,0.5,0.5,0.5,0.5,0.5,0.276,0.1
676,,0.226,0.45,0.45,0.45,0.45,0.45,0.226,0.05
677,,0.176,0.4,0.4,0.4,0.4,0.4,0.176,0.0
678,,0.126,0.35,0.35,0.35,0.35,0.35,0.126,-0.05
679,8,0.688,0.7,0.488,0.4,0.488,0.7,0.688,0.95
680,8,1.0,1.0,0.626,0.45,0.626,1.0,1.0,1.0
681,,0.95,0.95,0.576,0.4,0.576,0.95,0.95,0.95
682,,0.9,0.9,0.526,0.35,0.526,0.9,0.9,0.9
683,,0.85,0.85,0.476,0.3,0.476,0.85,0.85,0.85
684,,0.8,0.8,0.426,0.25,0.426,0.8,0.8,0.8
685,,0.75,0.75,0.376,0.2,0.376,0.75,0.75,0.75
686,,0.7,0.7,0.326,0.15,0.326,0.7,0.7,0.7
687,,0.65,0.65,0.276,0.1,0.276,0.65,0.65,0.65
688,,0.6,0.6,0.226,0.05,0.226,0.6,0.6,0.6
689,,0.55,0.55,0.176,0.0,0.176,0.55,0.55,0.55
690,,0.5,0.5,0.126,-0.05,0.126,0.5,0.5,0.5
691,4,0.638,0.85,0.688,0.95,0.688,0.85,0.638,0.55
692,4,0.776,1.0,1.0,1.0,1.0,1.0,0.776,0.6
693,,0.726,0.95,0.95,0.95,0.95,0.95,0.726,0.55
694,,0.676,0.9,0.9,0.9,0.9,0.9,0.676,0.5
695,,0.626,0.85,0.85,0.85,0.85,0.85,0.626,0.45
696,,0.576,0.8,0.8,0.8,0.8,0.8,0.576,0.4
697,,0.526,0.75,0.75,0.75,0.75,0.75,0.526,0.35
698,,0.476,0.7,0.7,0.7,0.7,0.7,0.476,0.3
699,,0.426,0.65,0.65,0.65,0.65,0.65,0.426,0.25
700,,0.376,0.6,0.6,0.6,0.6,0.6,0.376,0.2
701,,0.326,0.55,0.55,0.55,0.55,0.55,0.326,0.15
702,,0.276,0.5,0.5,0.5,0.5,0.5,0.276,0.1
703,,0.226,0.45,0.45,0.45,0.45,0.45,0.226,0.05
704,,0.176,0.4,0.4,0.4,0.4,0.4,0.176,0.0
705,,0.126,0.35,0.35,0.35,0.35,0.35,0.126,-0.05
706,8,0.688,0.7,0.488,0.4,0.488,0.7,0.688,0.95
707,8,1.0,1.0,0.626,0.45,0.626,1.0,1.0,1.0
708,,0.95,0.95,0.576,0.4,0.576,0.95,0.95,0.95
709,,0.9,0.9,0.526,0.35,0.526,0.9,0.9,0.9
710,,0.85,0.85,0.476,0.3,0.476,0.85,0.85,0.85
711,,0.8,0.8,0.426,0.25,0.426,0.8,0.8,0.8
712,,0.75,0.75,0.376,0.2,0.376,0.75,0.75,0.75
713,,0.7,0.7,0.326,0.15,0.326,0.7,0.7,0.7
714,,0.65,0.65,0.276,0.1,0.276,0.65,0.65,0.65
715,,0.6,0.6,0.226,0.05,0.226,0.6,0.6,0.6
716,,0.55,0.55,0.176,0.0,0.176,0.55,0.55,0.55
717,,0.5,0.5,0.126,-0.05,0.126,0.5,0.5,0.5
718,4,0.638,0.85,0.688,0.95,0.688,0.85,0.638,0.55
719,4,0.776,1.0,1.0,1.0,1.0,1.0,0.776,0.6
720,,0.726,0.95,0.95,0.95,0.95,0.95,0.726,0.55
721,,0.676,0.9,0.9,0.9,0.9,0.9,0.676,0.5
722,,0.626,0.85,0.85,0.85,0.85,0.85,0.626,0.45
723,,0.576,0.8,0.8,0.8,0.8,0.8,0.576,0.4
724,,0.526,0.75,0.75,0.75,0.75,0.75,0.526,0.35
725,,0.476,0.7,0.7,0.7,0.7,0.7,0.476,0.3
726,,0.426,0.65,0.65,0.65,0.65,0.65,0.426,0.25
727,,0.376,0.6,0.6,0.6,0.6,0.6,0.376,0.2
728,,0.326,0.55,0.55,0.55,0.55,0.55,0.326,0.15
729,,0.276,0.5,0.5,0.5,0.5,0.5,0.276,0.1
730,,0.226,0.45,0.45,0.45,0.45,0.45,0.226,0.05
731,,0.176,0.4,0.4,0.4,0.4,0.4,0.176,0.0
732,,0.126,0.35,0.35,0.35,0.35,0.35,0.126,-0.05
733,8,0.688,0.7,0.488,0.4,0.488,0.7,0.688,0.95
734,8,1.0,1.0,0.626,0.45,0.626,1.0,1.0,1.0
735,,0.95,0.95,0.576,0.4,0.576,0.95,0.95,0.95
736,,0.9,0.9,0.526,0.35,0.526,0.9,0.9,0.9
737,,0.85,0.85,0.476,0.3,0.476,0.85,0.85,0.85
738,,0.8,0.8,0.426,0.25,0.426,0.8,0.8,0.8
739,,0.75,0.75,0.376,0.2,0.376,0.75,0.75,0.75
740,,0.7,0.7,0.326,0.15,0.326,0.7,0.7,0.7
741,,0.65,0.65,0.276,0.1,0.276,0.65,0.65,0.65
742,,0.6,0.6,0.226,0.05,0.226,0.6,0.6,0.6
743,,0.55,0.55,0.176,0.0,0.176,0.55,0.55,0.55
744,,0.5,0.5,0.126,-0.05,0.126,0.5,0.5,0.5
745,4,0.638,0.85,0.688,0.95,0.688,0.85,0.638,0.55
746,4,0.776,1.0,1.0,1.0,1.0,1.0,0.776,0.6
747,,0.726,0.95,0.95,0.95,0.95,0.95,0.726,0.55
748,,0.676,0.9,0.9,0.9,0.9,0.9,0.676,0.5
749,,0.626,0.85,0.85,0.85,0.85,0.85,0.626,0.45
750,,0.576,0.8,0.8,0.8,0.8,0.8,0.576,0.4
751,,0.526,0.75,0.75,0.75,0.75,0.75,0.526,0.35
752,,0.476,0.7,0.7,0.7,0.7,0.7,0.476,0.3
753,,0.426,0.65,0.65,0.65,0.65,0.65,0.426,0.25
754,,0.376,0.6,0.6,0.6,0.6,0.6,0.376,0.2
755,,0.326,0.55,0.55,0.55,0.55,0.55,0.326,0.15
756,,0.276,0.5,0.5,0.5,0.5,0.5,0.276,0.1
757,,0.226,0.45,0.45,0.45,0.45,0.45,0.226,0.05
758,,0.176,0.4,0.4,0.4,0.4,0.4,0.176,0.0
759,,0.126,0.35,0.35,0.35,0.35,0.35,0.126,-0.05
760,8,0.688,0.7,0.488,0.4,0.488,0.7,0.688,0.95
761,8,1.0,1.0,0.626,0.45,0.626,1.0,1.0,1.0
762,,0.95,0.95,0.576,0.4,0.576,0.95,0.95,0.95
763,,0.9,0.9,0.526,0.35,0.526,0.9,0.9,0.9
764,,0.85,0.85,0.476,0.3,0.476,0.85,0.85,0.85
765,,0.8,0.8,0.426,0.25,0.426,0.8,0.8,0.8
766,,0.75,0.75,0.376,0.2,0.376,0.75,0.75,0.75
767,,0.7,0.7,0.326,0.15,0.326,0.7,0.7,0.7
768,,0.65,0.65,0.276,0.1,0.276,0.65,0.65,0.65
769,,0.6,0.6,0.226,0.05,0.226,0.6,0.6,0.6
770,,0.55,0.55,0.176,0.0,0.176,0.55,0.55,0.55
771,,0.5,0.5,0.126,-0.05,0.126,0.5,0.5,0.5
772,4,0.638,0.85,0.688,0.95,0.688,0.85,0.638,0.55
773,4,0.776,1.0,1.0,1.0,1.0,1.0,0.776,0.6
774,,0.726,0.95,0.95,0.95,0.95,0.95,0.726,0.55
775,,0.676,0.9,0.9,0.9,0.9,0.9,0.676,0.5
776,,0.626,0.85,0.85,0.85,0.85,0.85,0.626,0.45
777,,0.576,0.8,0.8,0.8,0.8,0.8,0.576,0.4
778,,0.526,0.75,0.75,0.75,0.75,0.75,0.526,0.35
779,,0.476,0.7,0.7,0.7,0.7,0.7,0.476,0.3
780,,0.426,0.65,0.65,0.65,0.65,0.65,0.426,0.25
781,,0.376,0.6,0.6,0.6,0.6,0.6,0.376,0.2
782,,0.326,0.55,0.55,0.55,0.55,0.55,0.326,0.15
783,,0.276,0.5,0.5,0.5,0.5,0.5,0.276,0.1
784,,0.226,0.45,0.45,0.45,0.45,0.45,0.226,0.05
785,,0.176,0.4,0.4,0.4,0.4,0.4,0.176,0.0
786,,0.126,0.35,0.35,0.35,0.35,0.35,0.126,-0.05
787,8,0.688,0.7,0.488,0.4,0.488,0.7,0.688,0.95
788,8,1.0,1.0,0.626,0.45,0.626,1.0,1.0,1.0
789,,0.95,0.95,0.576,0.4,0.576,0.95,0.95,0.95
790,,0.9,0.9,0.526,0.35,0.526,0.9,0.9,0.9
791,,0.85,0.85,0.476,0.3,0.476,0.85,0.85,0.85
792,,0.8,0.8,0.426,0.25,0.426,0.8,0.8,0.8
793,,0.75,0.75,0.376,0.2,0.376,0.75,0.75,0.75
794,,0.7,0.7,0.326,0.15,0.326,0.7,0.7,0.7
795,,0.65,0.65,0.276,0.1,0.276,0.65,0.65,0.65
796,,0.6,0.6,0.226,0.05,0.226,0.6,0.6,0.6
797,,0.55,0.55,0.176,0.0,0.176,0.55,0.55,0.55
798,,0.5,0.5,0.126,-0.05,0.126,0.5,0.5,0.5
799,4,0.638,0.85,0.688,0.95,0.688,0.85,0.638,0.55
800,4,0.776,1.0,1.0,1.0,1.0,1.0,0.776,0.6
801,,0.726,0.95,0.95,0.95,0.95,0.95,0.726,0.55
802,,0.676,0.9,0.9,0.9,0.9,0.9,0.676,0.5
803,,0.626,0.85,0.85,0.85,0.85,0.85,0.626,0.45
804,,0.576,0.8,0.8,0.8,0.8,0.8,0.576,0.4
805,,0.526,0.75,0.75,0.75,0.75,0.75,0.526,0.35
806,,0.476,0.7,0.7,0.7,0.7,0.7,0.476,0.3
807,,0.426,0.65,0.65,0.65,0.65,0.65,0.426,0.25
808,,0.376,0.6,0.6,0.6,0.6,0.6,0.376,0.2
809,,0.326,0.55,0.55,0.55,0.55,0.55,0.326,0.15
810,,0.276,0.5,0.5,0.5,0.5,0.5,0.276,0.1
811,,0.226,0.45,0.45,0.45,0.45,0.45,0.226,0.05
812,,0.176,0.4,0.4,0.4,0.4,0.4,0.176,0.0
813,,0.126,0.35,0.35,0.35,0.35,0.35,0.126,-0.05
814,8,0.688,0.7,0.488,0.4,0.488,0.7,0.688,0.95
815,8,1.0,1.0,0.626,0.45,0.626,1.0,1.0,1.0
816,,0.95,0.95,0.576,0.4,0.576,0.95,0.95,0.95
817,,0.9,0.9,0.526,0.35,0.526,0.9,0.9,0.9
818,,0.85,0.85,0.476,0.3,0.476,0.85,0.85,0.85
819,,0.8,0.8,0.426,0.25,0.426,0.8,0.8,0.8
820,,0.75,0.75,0.376,0.2,0.376,0.75,0.75,0.75
821,,0.7,0.7,0.326,0.15,0.326,0.7,0.7,0.7
822,,0.65,0.65,0.276,0.1,0.276,0.65,0.65,0.65
823,,0.6,0.6,0.226,0.05,0.226,0.6,0.6,0.6
824,,0.55,0.55,0.176,0.0,0.176,0.55,0.55,0.55
825,,0.5,0.5,0.126,-0.05,0.126,0.5,0.5,0.5
826,4,0.638,0.85,0.688,0.95,0.688,0.85,0.638,0.55
827,4,0.776,1.0,1.0,1.0,1.0,1.0,0.776,0.6
828,,0.726,0.95,0.95,0.95,0.95,0.95,0.726,0.55
829,,0.676,0.9,0.9,0.9,0.9,0.9,0.676,0.5
830,,0.626,0.85,0.85,0.85,0.85,0.85,0.626,0.45
831,,0.576,0.8,0.8,0.8,0.8,0.8,0.576,0.4
832,,0.526,0.75,0.75,0.75,0.75,0.75,0.526,0.35
833,,0.476,0.7,0.7,0.7,0.7,0.7,0.476,0.3
834,,0.426,0.65,0.65,0.65,0.65,0.65,0.426,0.25
835,,0.376,0.6,0.6,0.6,0.6,0.6,0.376,0.2
836,,0.326,0.55,0.55,0.55,0.55,0.55,0.326,0.15
837,,0.276,0.5,0.5,0.5,0.5,0.5,0.276,0.1
838,,0.226,0.45,0.45,0.45,0.45,0.45,0.226,0.05
839,,0.176,0.4,0.4,0.4,0.4,0.4,0.176,0.0
840,,0.126,0.35,0.35,0.35,0.35,0.35,0.126,-0.05
841,8,0.688,0.7,0.488,0.4,0.488,0.7,0.688,0.95
842,8,1.0,1.0,0.626,0.45,0.626,1.0,1.0,1.0
843,,0.95,0.95,0.576,0.4,0.576,0.95,0.95,0.95
844,,0.9,0.9,0.526,0.35,0.526,0.9,0.9,0.9
845,,0.85,0.85,0.476,0.3,0.476,0.85,0.85,0.85
846,,0.8,0.8,0.426,0.25,0.426,0.8,0.8,0.8
847,,0.75,0.75,0.376,0.2,0.376,0.75,0.75,0.75
848,,0.7,0.7,0.326,0.15,0.326,0.7,0.7,0.7
849,,0.65,0.65,0.276,0.1,0.276,0.65,0.65,0.65
850,,0.6,0.6,0.226,0.05,0.226,0.6,0.6,0.6
851,,0.55,0.55,0.176,0.0,0.176,0.55,0.55,0.55
852,,0.5,0.5,0.126,-0.05,0.126,0.5,0.5,0.5
853,4,0.638,0.85,0.688,0.95,0.688,0.85,0.638,0.55
854,4,0.776,1.0,1.0,1.0,1.0,1.0,0.776,0.6
855,,0.726,0.95,0.95,0.95,0.95,0.95,0.726,0.55
856,,0.676,0.9,0.9,0.9,0.9,0.9,0.676,0.5
857,,0.626,0.85,0.85,0.85,0.85,0.85,0.626,0.45
858,,0.576,0.8,0.8,0.8,0.8,0.8,0.576,0.4
859,,0.526,0.75,0.75,0.75,0.75,0.75,0.526,0.35
860,,0.476,0.7,0.7,0.7,0.7,0.7,0.476,0.3
861,,0.426,0.65,0.65,0.65,0.65,0.65,0.426,0.25
862,,0.376,0.6,0.6,0.6,0.6,0.6,0.376,0.2
863,,0.326,0.55,0.55,0.55,0.55,0.55,0.326,0.15
864,,0.276,0.5,0.5,0.5,0.5,0.5,0.276,0.1
865,,0.226,0.45,0.45,0.45,0.45,0.45,0.226,0.05
866,,0.176,0.4,0.4,0.4,0.4,0.4,0.176,0.0
867,,0.126,0.35,0.35,0.35,0.35,0.35,0.126,-0.05
868,8,0.688,0.7,0.488,0.4,0.488,0.7,0.688,0.95
869,8,1.0,1.0,0.626,0.45,0.626,1.0,1.0,1.0
870,,0.95,0.95,0.576,0.4,0.576,0.95,0.95,0.95
871,,0.9,0.9,0.526,0.35,0.526,0.9,0.9,0.9
872,,0.85,0.85,0.476,0.3,0.476,0.85,0.85,0.85
873,,0.8,0.8,0.426,0.25,0.426,0.8,0.8,0.8
874,,0.75,0.75,0.376,0.2,0.376,0.75,0.75,0.75
875,,0.7,0.7,0.326,0.15,0.326,0.7,0.7,0.7
876,,0.65,0.65,0.276,0.1,0.276,0.65,0.65,0.65
877,,0.6,0.6,0.226,0.05,0.226,0.6,0.6,0.6
878,,0.55,0.55,0.176,0.0,0.176,0.55,0.55,0.55
879,,0.5,0.5,0.126,-0.05,0.126,0.5,0.5,0.5
880,4,0.638,0.85,0.688,0.95,0.688,0.85,0.638,0.55
881,4,0.776,1.0,1.0,1.0,1.0,1.0,0.776,0.6
882,,0.726,0.95,0.95,0.95,0.95,0.95,0.726,0.55
883,,0.676,0.9,0.9,0.9,0.9,0.9,0.676,0.5
884,,0.626,0.85,0.85,0.85,0.85,0.85,0.626,0.45
885,,0.576,0.8,0.8,0.8,0.8,0.8,0.576,0.4
886,,0.526,0.75,0.75,0.75,0.75,0.75,0.526,0.35
887,,0.476,0.7,0.7,0.7,0.7,0.7,0.476,0.3
888,,0.426,0.65,0.65,0.65,0.65,0.65,0.426,0.25
889,,0.376,0.6,0.6,0.6,0.6,0.6,0.376,0.2
890,,0.326,0.55,0.55,0.55,0.55,0.55,0.326,0.15
891,,0.276,0.5,0.5,0.5,0.5,0.5,0.276,0.1
892,,0.226,0.45,0.45,0.45,0.45,0.45,0.226,0.05
893,,0.176,0.4,0.4,0.4,0.4,0.4,0.176,0.0
894,,0.126,0.35,0.35,0.35,0.35,0.35,0.126,-0.05
895,8,0.688,0.7,0.488,0.4,0.488,0.7,0.688,0.95
896,8,1.0,1.0,0.626,0.45,0.626,1.0,1.0,1.0
897,,0.95,0.95,0.576,0.4,0.576,0.95,0.95,0.95
898,,0.9,0.9,0.526,0.35,0.526,0.9,0.9,0.9
899,,0.85,0.85,0.476,0.3,0.476,0.85,0.85,0.85
900,,0.8,0.8,0.426,0.25,0.426,0.8,0.8,0.8
901,,0.75,0.75,0.376,0.2,0.376,0.75,0.75,0.75
902,,0.7,0.7,0.326,0.15,0.326,0.7,0.7,0.7
903,,0.65,0.65,0.276,0.1,0.276,0.65,0.65,0.65
904,,0.6,0.6,0.226,0.05,0.226,0.6,0.6,0.6
905,,0.55,0.55,0.176,0.0,0.176,0.55,0.55,0.55
906,,0.5,0.5,0.126,-0.05,0.126,0.5,0.5,0.5
907,4,0.638,0.85,0.688,0.95,0.688,0.85,0.638,0.55
908,4,0.776,1.0,1.0,1.0,1.0,1.0,0.776,0.6
909,,0.726,0.95,0.95,0.95,0.95,0.95,0.726,0.55
910,,0.676,0.9,0.9,0.9,0.9,0.9,0.676,0.5
911,,0.626,0.85,0.85,0.85,0.85,0.85,0.626,0.45
912,,0.576,0.8,0.8,0.8,0.8,0.8,0.576,0.4
913,,0.526,0.75,0.75,0.75,0.75,0.75,0.526,0.35
914,,0.476,0.7,0.7,0.7,0.7,0.7,0.476,0.3
915,,0.426,0.65,0.65,0.65,0.65,0.65,0.426,0.25
916,,0.376,0.6,0.6,0.6,0.6,0.6,0.376,0.2
917,,0.326,0.55,0.55,0.55,0.55,0.55,0.326,0.15
918,,0.276,0.5,0.5,0.5,0.5,0.5,0.276,0.1
919,,0.226,0.45,0.45,0.45,0.45,0.45,0.226,0.05
920,,0.176,0.4,0.4,0.4,0.4,0.4,0.176,0.0
921,,0.126,0.35,0.35,0.35,0.35,0.35,0.126,-0.05
922,8,0.688,0.7,0.488,0.4,0.488,0.7,0.688,0.95
923,8,1.0,1.0,0.626,0.45,0.626,1.0,1.0,1.0
924,,0.95,0.95,0.576,0.4,0.576,0.95,0.95,0.95
925,,0.9,0.9,0.526,0.35,0.526,0.9,0.9,0.9
926,,0.85,0.85,0.476,0.3,0.476,0.85,0.85,0.85
927,,0.8,0.8,0.426,0.25,0.426,0.8,0.8,0.8
928,,0.75,0.75,0.376,0.2,0.376,0.75,0.75,0.75
929,,0.7,0.7,0.326,0.15,0.326,0.7,0.7,0.7
930,,0.65,0.65,0.276,0.1,0.276,0.65,0.65,0.65
931,,0.6,0.6,0.226,0.05,0.226,0.6,0.6,0.6
932,,0.55,0.55,0.176,0.0,0.176,0.55,0.55,0.55
933,,0.5,0.5,0.126,-0.05,0.126,0.5,0.5,0.5
934,4,0.638,0.85,0.688,0.95,0.688,0.85,0.638,0.55
935,4,0.776,1.0,1.0,1.0,1.0,1.0,0.776,0.6
936,,0.726,0.95,0.95,0.95,0.95,0.95,0.726,0.55
937,,0.676,0.9,0.9,0.9,0.9,0.9,0.676,0.5
938,,0.626,0.85,0.85,0.85,0.85,0.85,0.626,0.45
939,,0.576,0.8,0.8,0.8,0.8,0.8,0.576,0.4
940,,0.526,0.75,0.75,0.75,0.75,0.75,0.526,0.35
941,,0.476,0.7,0.7,0.7,0.7,0.7,0.476,0.3
942,,0.426,0.65,0.65,0.65,0.65,0.65,0.426,0.25
943,,0.376,0.6,0.6,0.6,0.6,0.6,0.376,0.2
944,,0.326,0.55,0.55,0.55,0.55,0.55,0.326,0.15
945,,0.276,0.5,0.5,0.5,0.5,0.5,0.276,0.1
946,,0.226,0.45,0.45,0.45,0.45,0.45,0.226,0.05
947,,0.176,0.4,0.4,0.4,0.4,0.4,0.176,0.0
948,,0.126,0.35,0.35,0.35,0.35,0.35,0.126,-0.05
949,8,0.688,0.7,0.488,0.4,0.488,0.7,0.688,0.95
950,8,1.0,1.0,0.626,0.45,0.626,1.0,1.0,1.0
951,,0.95,0.95,0.576,0.4,0.576,0.95,0.95,0.95
952,,0.9,0.9,0.526,0.35,0.526,0.9,0.9,0.9
953,,0.85,0.85,0.476,0.3,0.476,0.85,0.85,0.85
954,,0.8,0.8,0.426,0.25,0.426,0.8,0.8,0.8
955,,0.75,0.75,0.376,0.2,0.376,0.75,0.75,0.75
956,,0.7,0.7,0.326,0.15,0.326,0.7,0.7,0.7
957,,0.65,0.65,0.276,0.1,0.276,0.65,0.65,0.65
958,,0.6,0.6,0.226,0.05,0.226,0.6,0.6,0.6
959,,0.55,0.55,0.176,0.0,0.176,0.55,0.55,0.55
960,,0.5,0.5,0.126,-0.05,0.126,0.5,0.5,0.5
961,4,0.638,0.85,0.688,0.95,0.688,0.85,0.638,0.55
962,4,0.776,1.0,1.0,1.0,1.0,1.0,0.776,0.6
963,,0.726,0.95,0.95,0.95,0.95,0.95,0.726,0.55
964,,0.676,0.9,0.9,0.9,0.9,0.9,0.676,0.5
965,,0.626,0.85,0.85,0.85,0.85,0.85,0.626,0.45
966,,0.576,0.8,0.8,0.8,0.8,0.8,0.576,0.4
967,,0.526,0.75,0.75,0.75,0.75,0.75,0.526,0.35
968,,0.476,0.7,0.7,0.7,0.7,0.7,0.476,0.3
969,,0.426,0.65,0.65,0.65,0.65,0.65,0.426,0.25
970,,0.376,0.6,0.6,0.6,0.6,0.6,0.376,0.2
971,,0.326,0.55,0.55,0.55,0.55,0.55,0.326,0.15
972,,0.276,0.5,0.5,0.5,0.5,0.5,0.276,0.1
973,,0.226,0.45,0.45,0.45,0.45,0.45,0.226,0.05
974,,0.176,0.4,0.4,0.4,0.4,0.4,0.176,0.0
975,,0.126,0.35,0.35,0.35,0.35,0.35,0.126,-0.05
976,8,0.688,0.7,0.488,0.4,0.488,0.7,0.688,0.95
977,8,1.0,1.0,0.626,0.45,0.626,1.0,1.0,1.0
978,,0.95,0.95,0.576,0.4,0.576,0.95,0.95,0.95
979,,0.9,0.9,0.526,0.35,0.526,0.9,0.9,0.9
980,,0.85,0.85,0.476,0.3,0.476,0.85,0.85,0.85
981,,0.8,0.8,0.426,0.25,0.426,0.8,0.8,0.8
982,,0.75,0.75,0.376,0.2,0.376,0.75,0.75,0.75
983,,0.7,0.7,0.326,0.15,0.326,0.7,0.7,0.7
984,,0.65,0.65,0.276,0.1,0.276,0.65,0.65,0.65
985,,0.6,0.6,0.226,0.05,0.226,0.6,0.6,0.6
986,,0.55,0.55,0.176,0.0,0.176,0.55,0.55,0.55
987,,0.5,0.5,0.126,-0.05,0.126,0.5,0.5,0.5
988,4,0.638,0.85,0.688,0.95,0.688,0.85,0.638,0.55
989,4,0.776,1.0,1.0,1.0,1.0,1.0,0.776,0.6
990,,0.726,0.95,0.95,0.95,0.95,0.95,0.726,0.55
991,,0.676,0.9,0.9,0.9,0.9,0.9,0.676,0.5
992,,0.626,0.85,0.85,0.85,0.85,0.85,0.626,0.45
993,,0.576,0.8,0.8,0.8,0.8,0.8,0.576,0.4
994,,0.526,0.75,0.75,0.75,0.75,0.75,0.526,0.35
995,,0.476,0.7,0.7,0.7,0.7,0.7,0.476,0.3
996,,0.426,0.65,0.65,0.65,0.65,0.65,0.426,0.25
997,,0.376,0.6,0.6,0.6,0.6,0.6,0.376,0.2
998,,0.326,0.55,0.55,0.55,0.55,0.55,0.326,0.15
999,,0.276,0.5,0.5,0.5,0.5,0.5,0.276,0.1
