step,active_motive,motive_1,motive_2,motive_3,motive_4,motive_5,motive_6,motive_7,motive_8
0,,-0.25092,0.90143,0.46399,0.19732,-0.68796,-0.68801,-0.88383,0.73235
1,7,-0.25092,0.88343,0.43899,0.17932,-0.68796,-0.67001,1.0,0.75035
2,5,-0.27592,0.86543,0.43899,0.19732,1.0,-0.65201,1.0,0.73235
3,6,-0.29392,0.84043,0.42099,0.19732,1.0,1.0,1.0,0.73235
4,1,1.0,0.85843,0.42099,0.17932,0.975,0.982,1.0,0.75035
5,,0.95,0.80843,0.37099,0.12932,0.925,0.932,0.95,0.70035
6,,0.9,0.75843,0.32099,0.07932,0.875,0.882,0.9,0.65035
7,,0.85,0.70843,0.27099,0.02932,0.825,0.832,0.85,0.60035
8,,0.8,0.65843,0.22099,-0.02068,0.775,0.782,0.8,0.55035
9,4,0.782,0.65843,0.23899,1.0,0.793,0.782,0.782,0.52535
10,,0.732,0.60843,0.18899,0.95,0.743,0.732,0.732,0.47535
11,,0.682,0.55843,0.13899,0.9,0.693,0.682,0.682,0.42535
12,,0.632,0.50843,0.08899,0.85,0.643,0.632,0.632,0.37535
13,,0.582,0.45843,0.03899,0.8,0.593,0.582,0.582,0.32535
14,,0.532,0.40843,-0.01101,0.75,0.543,0.532,0.532,0.27535
15,3,0.532,0.42643,1.0,0.768,0.543,0.514,0.507,0.25735
16,,0.482,0.37643,0.95,0.718,0.493,0.464,0.457,0.20735
17,,0.432,0.32643,0.9,0.668,0.443,0.414,0.407,0.15735
18,,0.382,0.27643,0.85,0.618,0.393,0.364,0.357,0.10735
19,,0.332,0.22643,0.8,0.568,0.343,0.314,0.307,0.05735
20,,0.282,0.17643,0.75,0.518,0.293,0.264,0.257,0.00735
21,,0.232,0.12643,0.7,0.468,0.243,0.214,0.207,-0.04265
22,8,0.25,0.12643,0.682,0.443,0.225,0.214,0.225,1.0
23,,0.2,0.07643,0.632,0.393,0.175,0.164,0.175,0.95
24,,0.15,0.02643,0.582,0.343,0.125,0.114,0.125,0.9
25,,0.1,-0.02357,0.532,0.293,0.075,0.064,0.075,0.85
26,2,0.118,1.0,0.55,0.293,0.057,0.039,0.057,0.85
27,,0.068,0.95,0.5,0.243,0.007,-0.011,0.007,0.8
28,6,0.05,0.925,0.482,0.243,0.025,1.0,0.025,0.8
29,,0.0,0.875,0.432,0.193,-0.025,0.95,-0.025,0.75
30,7,0.0,0.857,0.407,0.175,-0.025,0.968,1.0,0.768
31,5,-0.025,0.839,0.407,0.193,1.0,0.986,1.0,0.75
32,1,1.0,0.857,0.407,0.175,0.975,0.968,1.0,0.768
33,,0.95,0.807,0.357,0.125,0.925,0.918,0.95,0.718
34,,0.9,0.757,0.307,0.075,0.875,0.868,0.9,0.668
35,,0.85,0.707,0.257,0.025,0.825,0.818,0.85,0.618
36,,0.8,0.657,0.207,-0.025,0.775,0.768,0.8,0.568
37,4,0.782,0.657,0.225,1.0,0.793,0.768,0.782,0.543
38,,0.732,0.607,0.175,0.95,0.743,0.718,0.732,0.493
39,,0.682,0.557,0.125,0.9,0.693,0.668,0.682,0.443
40,,0.632,0.507,0.075,0.85,0.643,0.618,0.632,0.393
41,,0.582,0.457,0.025,0.8,0.593,0.568,0.582,0.343
42,,0.532,0.407,-0.025,0.75,0.543,0.518,0.532,0.293
43,3,0.532,0.425,1.0,0.768,0.543,0.5,0.507,0.275
44,,0.482,0.375,0.95,0.718,0.493,0.45,0.457,0.225
45,,0.432,0.325,0.9,0.668,0.443,0.4,0.407,0.175
46,,0.382,0.275,0.85,0.618,0.393,0.35,0.357,0.125
47,,0.332,0.225,0.8,0.568,0.343,0.3,0.307,0.075
48,,0.282,0.175,0.75,0.518,0.293,0.25,0.257,0.025
49,,0.232,0.125,0.7,0.468,0.243,0.2,0.207,-0.025
50,8,0.25,0.125,0.682,0.443,0.225,0.2,0.225,1.0
51,,0.2,0.075,0.632,0.393,0.175,0.15,0.175,0.95
52,,0.15,0.025,0.582,0.343,0.125,0.1,0.125,0.9
53,,0.1,-0.025,0.532,0.293,0.075,0.05,0.075,0.85
54,2,0.118,1.0,0.55,0.293,0.057,0.025,0.057,0.85
55,,0.068,0.95,0.5,0.243,0.007,-0.025,0.007,0.8
56,6,0.05,0.925,0.482,0.243,0.025,1.0,0.025,0.8
57,,0.0,0.875,0.432,0.193,-0.025,0.95,-0.025,0.75
58,7,0.0,0.857,0.407,0.175,-0.025,0.968,1.0,0.768
59,5,-0.025,0.839,0.407,0.193,1.0,0.986,1.0,0.75
60,1,1.0,0.857,0.407,0.175,0.975,0.968,1.0,0.768
61,,0.95,0.807,0.357,0.125,0.925,0.918,0.95,0.718
62,,0.9,0.757,0.307,0.075,0.875,0.868,0.9,0.668
63,,0.85,0.707,0.257,0.025,0.825,0.818,0.85,0.618
64,,0.8,0.657,0.207,-0.025,0.775,0.768,0.8,0.568
65,4,0.782,0.657,0.225,1.0,0.793,0.768,0.782,0.543
66,,0.732,0.607,0.175,0.95,0.743,0.718,0.732,0.493
67,,0.682,0.557,0.125,0.9,0.693,0.668,0.682,0.443
68,,0.632,0.507,0.075,0.85,0.643,0.618,0.632,0.393
69,,0.582,0.457,0.025,0.8,0.593,0.568,0.582,0.343
70,,0.532,0.407,-0.025,0.75,0.543,0.518,0.532,0.293
71,3,0.532,0.425,1.0,0.768,0.543,0.5,0.507,0.275
72,,0.482,0.375,0.95,0.718,0.493,0.45,0.457,0.225
73,,0.432,0.325,0.9,0.668,0.443,0.4,0.407,0.175
74,,0.382,0.275,0.85,0.618,0.393,0.35,0.357,0.125
75,,0.332,0.225,0.8,0.568,0.343,0.3,0.307,0.075
76,,0.282,0.175,0.75,0.518,0.293,0.25,0.257,0.025
77,,0.232,0.125,0.7,0.468,0.243,0.2,0.207,-0.025
78,8,0.25,0.125,0.682,0.443,0.225,0.2,0.225,1.0
79,,0.2,0.075,0.632,0.393,0.175,0.15,0.175,0.95
80,,0.15,0.025,0.582,0.343,0.125,0.1,0.125,0.9
81,,0.1,-0.025,0.532,0.293,0.075,0.05,0.075,0.85
82,2,0.118,1.0,0.55,0.293,0.057,0.025,0.057,0.85
83,,0.068,0.95,0.5,0.243,0.007,-0.025,0.007,0.8
84,6,0.05,0.925,0.482,0.243,0.025,1.0,0.025,0.8
85,,0.0,0.875,0.432,0.193,-0.025,0.95,-0.025,0.75
86,7,0.0,0.857,0.407,0.175,-0.025,0.968,1.0,0.768
87,5,-0.025,0.839,0.407,0.193,1.0,0.986,1.0,0.75
88,1,1.0,0.857,0.407,0.175,0.975,0.968,1.0,0.768
89,,0.95,0.807,0.357,0.125,0.925,0.918,0.95,0.718
90,,0.9,0.757,0.307,0.075,0.875,0.868,0.9,0.668
91,,0.85,0.707,0.257,0.025,0.825,0.818,0.85,0.618
92,,0.8,0.657,0.207,-0.025,0.775,0.768,0.8,0.568
93,4,0.782,0.657,0.225,1.0,0.793,0.768,0.782,0.543
94,,0.732,0.607,0.175,0.95,0.743,0.718,0.732,0.493
95,,0.682,0.557,0.125,0.9,0.693,0.668,0.682,0.443
96,,0.632,0.507,0.075,0.85,0.643,0.618,0.632,0.393
97,,0.582,0.457,0.025,0.8,0.593,0.568,0.582,0.343
98,,0.532,0.407,-0.025,0.75,0.543,0.518,0.532,0.293
99,3,0.532,0.425,1.0,0.768,0.543,0.5,0.507,0.275
100,,0.482,0.375,0.95,0.718,0.493,0.45,0.457,0.225
101,,0.432,0.325,0.9,0.668,0.443,0.4,0.407,0.175
102,,0.382,0.275,0.85,0.618,0.393,0.35,0.357,0.125
103,,0.332,0.225,0.8,0.568,0.343,0.3,0.307,0.075
104,,0.282,0.175,0.75,0.518,0.293,0.25,0.257,0.025
105,,0.232,0.125,0.7,0.468,0.243,0.2,0.207,-0.025
106,8,0.25,0.125,0.682,0.443,0.225,0.2,0.225,1.0
107,,0.2,0.075,0.632,0.393,0.175,0.15,0.175,0.95
108,,0.15,0.025,0.582,0.343,0.125,0.1,0.125,0.9
109,,0.1,-0.025,0.532,0.293,0.075,0.05,0.075,0.85
110,2,0.118,1.0,0.55,0.293,0.057,0.025,0.057,0.85
111,,0.068,0.95,0.5,0.243,0.007,-0.025,0.007,0.8
112,6,0.05,0.925,0.482,0.243,0.025,1.0,0.025,0.8
113,,0.0,0.875,0.432,0.193,-0.025,0.95,-0.025,0.75
114,5,-0.025,0.857,0.432,0.211,1.0,0.968,-0.025,0.732
115,7,-0.025,0.839,0.407,0.193,1.0,0.986,1.0,0.75
116,1,1.0,0.857,0.407,0.175,0.975,0.968,1.0,0.768
117,,0.95,0.807,0.357,0.125,0.925,0.918,0.95,0.718
118,,0.9,0.757,0.307,0.075,0.875,0.868,0.9,0.668
119,,0.85,0.707,0.257,0.025,0.825,0.818,0.85,0.618
120,,0.8,0.657,0.207,-0.025,0.775,0.768,0.8,0.568
121,4,0.782,0.657,0.225,1.0,0.793,0.768,0.782,0.543
122,,0.732,0.607,0.175,0.95,0.743,0.718,0.732,0.493
123,,0.682,0.557,0.125,0.9,0.693,0.668,0.682,0.443
124,,0.632,0.507,0.075,0.85,0.643,0.618,0.632,0.393
125,,0.582,0.457,0.025,0.8,0.593,0.568,0.582,0.343
126,,0.532,0.407,-0.025,0.75,0.543,0.518,0.532,0.293
127,3,0.532,0.425,1.0,0.768,0.543,0.5,0.507,0.275
128,,0.482,0.375,0.95,0.718,0.493,0.45,0.457,0.225
129,,0.432,0.325,0.9,0.668,0.443,0.4,0.407,0.175
130,,0.382,0.275,0.85,0.618,0.393,0.35,0.357,0.125
131,,0.332,0.225,0.8,0.568,0.343,0.3,0.307,0.075
132,,0.282,0.175,0.75,0.518,0.293,0.25,0.257,0.025
133,,0.232,0.125,0.7,0.468,0.243,0.2,0.207,-0.025
134,8,0.25,0.125,0.682,0.443,0.225,0.2,0.225,1.0
135,,0.2,0.075,0.632,0.393,0.175,0.15,0.175,0.95
136,,0.15,0.025,0.582,0.343,0.125,0.1,0.125,0.9
137,,0.1,-0.025,0.532,0.293,0.075,0.05,0.075,0.85
138,2,0.118,1.0,0.55,0.293,0.057,0.025,0.057,0.85
139,,0.068,0.95,0.5,0.243,0.007,-0.025,0.007,0.8
140,6,0.05,0.925,0.482,0.243,0.025,1.0,0.025,0.8
141,,0.0,0.875,0.432,0.193,-0.025,0.95,-0.025,0.75
142,5,-0.025,0.857,0.432,0.211,1.0,0.968,-0.025,0.732
143,7,-0.025,0.839,0.407,0.193,1.0,0.986,1.0,0.75
144,1,1.0,0.857,0.407,0.175,0.975,0.968,1.0,0.768
145,,0.95,0.807,0.357,0.125,0.925,0.918,0.95,0.718
146,,0.9,0.757,0.307,0.075,0.875,0.868,0.9,0.668
147,,0.85,0.707,0.257,0.025,0.825,0.818,0.85,0.618
148,,0.8,0.657,0.207,-0.025,0.775,0.768,0.8,0.568
149,4,0.782,0.657,0.225,1.0,0.793,0.768,0.782,0.543
150,,0.732,0.607,0.175,0.95,0.743,0.718,0.732,0.493
151,,0.682,0.557,0.125,0.9,0.693,0.668,0.682,0.443
152,,0.632,0.507,0.075,0.85,0.643,0.618,0.632,0.393
153,,0.582,0.457,0.025,0.8,0.593,0.568,0.582,0.343
154,,0.532,0.407,-0.025,0.75,0.543,0.518,0.532,0.293
155,3,0.532,0.425,1.0,0.768,0.543,0.5,0.507,0.275
156,,0.482,0.375,0.95,0.718,0.493,0.45,0.457,0.225
157,,0.432,0.325,0.9,0.668,0.443,0.4,0.407,0.175
158,,0.382,0.275,0.85,0.618,0.393,0.35,0.357,0.125
159,,0.332,0.225,0.8,0.568,0.343,0.3,0.307,0.075
160,,0.282,0.175,0.75,0.518,0.293,0.25,0.257,0.025
161,,0.232,0.125,0.7,0.468,0.243,0.2,0.207,-0.025
162,8,0.25,0.125,0.682,0.443,0.225,0.2,0.225,1.0
163,,0.2,0.075,0.632,0.393,0.175,0.15,0.175,0.95
164,,0.15,0.025,0.582,0.343,0.125,0.1,0.125,0.9
165,,0.1,-0.025,0.532,0.293,0.075,0.05,0.075,0.85
166,2,0.118,1.0,0.55,0.293,0.057,0.025,0.057,0.85
167,,0.068,0.95,0.5,0.243,0.007,-0.025,0.007,0.8
168,6,0.05,0.925,0.482,0.243,0.025,1.0,0.025,0.8
169,,0.0,0.875,0.432,0.193,-0.025,0.95,-0.025,0.75
170,7,0.0,0.857,0.407,0.175,-0.025,0.968,1.0,0.768
171,5,-0.025,0.839,0.407,0.193,1.0,0.986,1.0,0.75
172,1,1.0,0.857,0.407,0.175,0.975,0.968,1.0,0.768
173,,0.95,0.807,0.357,0.125,0.925,0.918,0.95,0.718
174,,0.9,0.757,0.307,0.075,0.875,0.868,0.9,0.668
175,,0.85,0.707,0.257,0.025,0.825,0.818,0.85,0.618
176,,0.8,0.657,0.207,-0.025,0.775,0.768,0.8,0.568
177,4,0.782,0.657,0.225,1.0,0.793,0.768,0.782,0.543
178,,0.732,0.607,0.175,0.95,0.743,0.718,0.732,0.493
179,,0.682,0.557,0.125,0.9,0.693,0.668,0.682,0.443
180,,0.632,0.507,0.075,0.85,0.643,0.618,0.632,0.393
181,,0.582,0.457,0.025,0.8,0.593,0.568,0.582,0.343
182,,0.532,0.407,-0.025,0.75,0.543,0.518,0.532,0.293
183,3,0.532,0.425,1.0,0.768,0.543,0.5,0.507,0.275
184,,0.482,0.375,0.95,0.718,0.493,0.45,0.457,0.225
185,,0.432,0.325,0.9,0.668,0.443,0.4,0.407,0.175
186,,0.382,0.275,0.85,0.618,0.393,0.35,0.357,0.125
187,,0.332,0.225,0.8,0.568,0.343,0.3,0.307,0.075
188,,0.282,0.175,0.75,0.518,0.293,0.25,0.257,0.025
189,,0.232,0.125,0.7,0.468,0.243,0.2,0.207,-0.025
190,8,0.25,0.125,0.682,0.443,0.225,0.2,0.225,1.0
191,,0.2,0.075,0.632,0.393,0.175,0.15,0.175,0.95
192,,0.15,0.025,0.582,0.343,0.125,0.1,0.125,0.9
193,,0.1,-0.025,0.532,0.293,0.075,0.05,0.075,0.85
194,2,0.118,1.0,0.55,0.293,0.057,0.025,0.057,0.85
195,,0.068,0.95,0.5,0.243,0.007,-0.025,0.007,0.8
196,6,0.05,0.925,0.482,0.243,0.025,1.0,0.025,0.8
197,,0.0,0.875,0.432,0.193,-0.025,0.95,-0.025,0.75
198,7,0.0,0.857,0.407,0.175,-0.025,0.968,1.0,0.768
199,5,-0.025,0.839,0.407,0.193,1.0,0.986,1.0,0.75
200,1,1.0,0.857,0.407,0.175,0.975,0.968,1.0,0.768
201,,0.95,0.807,0.357,0.125,0.925,0.918,0.95,0.718
202,,0.9,0.757,0.307,0.075,0.875,0.868,0.9,0.668
203,,0.85,0.707,0.257,0.025,0.825,0.818,0.85,0.618
204,,0.8,0.657,0.207,-0.025,0.775,0.768,0.8,0.568
205,4,0.782,0.657,0.225,1.0,0.793,0.768,0.782,0.543
206,,0.732,0.607,0.175,0.95,0.743,0.718,0.732,0.493
207,,0.682,0.557,0.125,0.9,0.693,0.668,0.682,0.443
208,,0.632,0.507,0.075,0.85,0.643,0.618,0.632,0.393
209,,0.582,0.457,0.025,0.8,0.593,0.568,0.582,0.343
210,,0.532,0.407,-0.025,0.75,0.543,0.518,0.532,0.293
211,3,0.532,0.425,1.0,0.768,0.543,0.5,0.507,0.275
212,,0.482,0.375,0.95,0.718,0.493,0.45,0.457,0.225
213,,0.432,0.325,0.9,0.668,0.443,0.4,0.407,0.175
214,,0.382,0.275,0.85,0.618,0.393,0.35,0.357,0.125
215,,0.332,0.225,0.8,0.568,0.343,0.3,0.307,0.075
216,,0.282,0.175,0.75,0.518,0.293,0.25,0.257,0.025
217,,0.232,0.125,0.7,0.468,0.243,0.2,0.207,-0.025
218,8,0.25,0.125,0.682,0.443,0.225,0.2,0.225,1.0
219,,0.2,0.075,0.632,0.393,0.175,0.15,0.175,0.95
220,,0.15,0.025,0.582,0.343,0.125,0.1,0.125,0.9
221,,0.1,-0.025,0.532,0.293,0.075,0.05,0.075,0.85
222,2,0.118,1.0,0.55,0.293,0.057,0.025,0.057,0.85
223,,0.068,0.95,0.5,0.243,0.007,-0.025,0.007,0.8
224,6,0.05,0.925,0.482,0.243,0.025,1.0,0.025,0.8
225,,0.0,0.875,0.432,0.193,-0.025,0.95,-0.025,0.75
226,7,0.0,0.857,0.407,0.175,-0.025,0.968,1.0,0.768
227,5,-0.025,0.839,0.407,0.193,1.0,0.986,1.0,0.75
228,1,1.0,0.857,0.407,0.175,0.975,0.968,1.0,0.768
229,,0.95,0.807,0.357,0.125,0.925,0.918,0.95,0.718
230,,0.9,0.757,0.307,0.075,0.875,0.868,0.9,0.668
231,,0.85,0.707,0.257,0.025,0.825,0.818,0.85,0.618
232,,0.8,0.657,0.207,-0.025,0.775,0.768,0.8,0.568
233,4,0.782,0.657,0.225,1.0,0.793,0.768,0.782,0.543
234,,0.732,0.607,0.175,0.95,0.743,0.718,0.732,0.493
235,,0.682,0.557,0.125,0.9,0.693,0.668,0.682,0.443
236,,0.632,0.507,0.075,0.85,0.643,0.618,0.632,0.393
237,,0.582,0.457,0.025,0.8,0.593,0.568,0.582,0.343
238,,0.532,0.407,-0.025,0.75,0.543,0.518,0.532,0.293
239,3,0.532,0.425,1.0,0.768,0.543,0.5,0.507,0.275
240,,0.482,0.375,0.95,0.718,0.493,0.45,0.457,0.225
241,,0.432,0.325,0.9,0.668,0.443,0.4,0.407,0.175
242,,0.382,0.275,0.85,0.618,0.393,0.35,0.357,0.125
243,,0.332,0.225,0.8,0.568,0.343,0.3,0.307,0.075
244,,0.282,0.175,0.75,0.518,0.293,0.25,0.257,0.025
245,,0.232,0.125,0.7,0.468,0.243,0.2,0.207,-0.025
246,8,0.25,0.125,0.682,0.443,0.225,0.2,0.225,1.0
247,,0.2,0.075,0.632,0.393,0.175,0.15,0.175,0.95
248,,0.15,0.025,0.582,0.343,0.125,0.1,0.125,0.9
249,,0.1,-0.025,0.532,0.293,0.075,0.05,0.075,0.85
250,2,0.118,1.0,0.55,0.293,0.057,0.025,0.057,0.85
251,,0.068,0.95,0.5,0.243,0.007,-0.025,0.007,0.8
252,6,0.05,0.925,0.482,0.243,0.025,1.0,0.025,0.8
253,,0.0,0.875,0.432,0.193,-0.025,0.95,-0.025,0.75
254,7,0.0,0.857,0.407,0.175,-0.025,0.968,1.0,0.768
255,5,-0.025,0.839,0.407,0.193,1.0,0.986,1.0,0.75
256,1,1.0,0.857,0.407,0.175,0.975,0.968,1.0,0.768
257,,0.95,0.807,0.357,0.125,0.925,0.918,0.95,0.718
258,,0.9,0.757,0.307,0.075,0.875,0.868,0.9,0.668
259,,0.85,0.707,0.257,0.025,0.825,0.818,0.85,0.618
260,,0.8,0.657,0.207,-0.025,0.775,0.768,0.8,0.568
261,4,0.782,0.657,0.225,1.0,0.793,0.768,0.782,0.543
262,,0.732,0.607,0.175,0.95,0.743,0.718,0.732,0.493
263,,0.682,0.557,0.125,0.9,0.693,0.668,0.682,0.443
264,,0.632,0.507,0.075,0.85,0.643,0.618,0.632,0.393
265,,0.582,0.457,0.025,0.8,0.593,0.568,0.582,0.343
266,,0.532,0.407,-0.025,0.75,0.543,0.518,0.532,0.293
267,3,0.532,0.425,1.0,0.768,0.543,0.5,0.507,0.275
268,,0.482,0.375,0.95,0.718,0.493,0.45,0.457,0.225
269,,0.432,0.325,0.9,0.668,0.443,0.4,0.407,0.175
270,,0.382,0.275,0.85,0.618,0.393,0.35,0.357,0.125
271,,0.332,0.225,0.8,0.568,0.343,0.3,0.307,0.075
272,,0.282,0.175,0.75,0.518,0.293,0.25,0.257,0.025
273,,0.232,0.125,0.7,0.468,0.243,0.2,0.207,-0.025
274,8,0.25,0.125,0.682,0.443,0.225,0.2,0.225,1.0
275,,0.2,0.075,0.632,0.393,0.175,0.15,0.175,0.95
276,,0.15,0.025,0.582,0.343,0.125,0.1,0.125,0.9
277,,0.1,-0.025,0.532,0.293,0.075,0.05,0.075,0.85
278,2,0.118,1.0,0.55,0.293,0.057,0.025,0.057,0.85
279,,0.068,0.95,0.5,0.243,0.007,-0.025,0.007,0.8
280,6,0.05,0.925,0.482,0.243,0.025,1.0,0.025,0.8
281,,0.0,0.875,0.432,0.193,-0.025,0.95,-0.025,0.75
282,7,0.0,0.857,0.407,0.175,-0.025,0.968,1.0,0.768
283,5,-0.025,0.839,0.407,0.193,1.0,0.986,1.0,0.75
284,1,1.0,0.857,0.407,0.175,0.975,0.968,1.0,0.768
285,,0.95,0.807,0.357,0.125,0.925,0.918,0.95,0.718
286,,0.9,0.757,0.307,0.075,0.875,0.868,0.9,0.668
287,,0.85,0.707,0.257,0.025,0.825,0.818,0.85,0.618
288,,0.8,0.657,0.207,-0.025,0.775,0.768,0.8,0.568
289,4,0.782,0.657,0.225,1.0,0.793,0.768,0.782,0.543
290,,0.732,0.607,0.175,0.95,0.743,0.718,0.732,0.493
291,,0.682,0.557,0.125,0.9,0.693,0.668,0.682,0.443
292,,0.632,0.507,0.075,0.85,0.643,0.618,0.632,0.393
293,,0.582,0.457,0.025,0.8,0.593,0.568,0.582,0.343
294,,0.532,0.407,-0.025,0.75,0.543,0.518,0.532,0.293
295,3,0.532,0.425,1.0,0.768,0.543,0.5,0.507,0.275
296,,0.482,0.375,0.95,0.718,0.493,0.45,0.457,0.225
297,,0.432,0.325,0.9,0.668,0.443,0.4,0.407,0.175
298,,0.382,0.275,0.85,0.618,0.393,0.35,0.357,0.125
299,,0.332,0.225,0.8,0.568,0.343,0.3,0.307,0.075
300,,0.282,0.175,0.75,0.518,0.293,0.25,0.257,0.025
301,,0.232,0.125,0.7,0.468,0.243,0.2,0.207,-0.025
302,8,0.25,0.125,0.682,0.443,0.225,0.2,0.225,1.0
303,,0.2,0.075,0.632,0.393,0.175,0.15,0.175,0.95
304,,0.15,0.025,0.582,0.343,0.125,0.1,0.125,0.9
305,,0.1,-0.025,0.532,0.293,0.075,0.05,0.075,0.85
306,2,0.118,1.0,0.55,0.293,0.057,0.025,0.057,0.85
307,,0.068,0.95,0.5,0.243,0.007,-0.025,0.007,0.8
308,6,0.05,0.925,0.482,0.243,0.025,1.0,0.025,0.8
309,,0.0,0.875,0.432,0.193,-0.025,0.95,-0.025,0.75
310,7,0.0,0.857,0.407,0.175,-0.025,0.968,1.0,0.768
311,5,-0.025,0.839,0.407,0.193,1.0,0.986,1.0,0.75
312,1,1.0,0.857,0.407,0.175,0.975,0.968,1.0,0.768
313,,0.95,0.807,0.357,0.125,0.925,0.918,0.95,0.718
314,,0.9,0.757,0.307,0.075,0.875,0.868,0.9,0.668
315,,0.85,0.707,0.257,0.025,0.825,0.818,0.85,0.618
316,,0.8,0.657,0.207,-0.025,0.775,0.768,0.8,0.568
317,4,0.782,0.657,0.225,1.0,0.793,0.768,0.782,0.543
318,,0.732,0.607,0.175,0.95,0.743,0.718,0.732,0.493
319,,0.682,0.557,0.125,0.9,0.693,0.668,0.682,0.443
320,,0.632,0.507,0.075,0.85,0.643,0.618,0.632,0.393
321,,0.582,0.457,0.025,0.8,0.593,0.568,0.582,0.343
322,,0.532,0.407,-0.025,0.75,0.543,0.518,0.532,0.293
323,3,0.532,0.425,1.0,0.768,0.543,0.5,0.507,0.275
324,,0.482,0.375,0.95,0.718,0.493,0.45,0.457,0.225
325,,0.432,0.325,0.9,0.668,0.443,0.4,0.407,0.175
326,,0.382,0.275,0.85,0.618,0.393,0.35,0.357,0.125
327,,0.332,0.225,0.8,0.568,0.343,0.3,0.307,0.075
328,,0.282,0.175,0.75,0.518,0.293,0.25,0.257,0.025
329,,0.232,0.125,0.7,0.468,0.243,0.2,0.207,-0.025
330,8,0.25,0.125,0.682,0.443,0.225,0.2,0.225,1.0
331,,0.2,0.075,0.632,0.393,0.175,0.15,0.175,0.95
332,,0.15,0.025,0.582,0.343,0.125,0.1,0.125,0.9
333,,0.1,-0.025,0.532,0.293,0.075,0.05,0.075,0.85
334,2,0.118,1.0,0.55,0.293,0.057,0.025,0.057,0.85
335,,0.068,0.95,0.5,0.243,0.007,-0.025,0.007,0.8
336,6,0.05,0.925,0.482,0.243,0.025,1.0,0.025,0.8
337,,0.0,0.875,0.432,0.193,-0.025,0.95,-0.025,0.75
338,7,0.0,0.857,0.407,0.175,-0.025,0.968,1.0,0.768
339,5,-0.025,0.839,0.407,0.193,1.0,0.986,1.0,0.75
340,1,1.0,0.857,0.407,0.175,0.975,0.968,1.0,0.768
341,,0.95,0.807,0.357,0.125,0.925,0.918,0.95,0.718
342,,0.9,0.757,0.307,0.075,0.875,0.868,0.9,0.668
343,,0.85,0.707,0.257,0.025,0.825,0.818,0.85,0.618
344,,0.8,0.657,0.207,-0.025,0.775,0.768,0.8,0.568
345,4,0.782,0.657,0.225,1.0,0.793,0.768,0.782,0.543
346,,0.732,0.607,0.175,0.95,0.743,0.718,0.732,0.493
347,,0.682,0.557,0.125,0.9,0.693,0.668,0.682,0.443
348,,0.632,0.507,0.075,0.85,0.643,0.618,0.632,0.393
349,,0.582,0.457,0.025,0.8,0.593,0.568,0.582,0.343
350,,0.532,0.407,-0.025,0.75,0.543,0.518,0.532,0.293
351,3,0.532,0.425,1.0,0.768,0.543,0.5,0.507,0.275
352,,0.482,0.375,0.95,0.718,0.493,0.45,0.457,0.225
353,,0.432,0.325,0.9,0.668,0.443,0.4,0.407,0.175
354,,0.382,0.275,0.85,0.618,0.393,0.35,0.357,0.125
355,,0.332,0.225,0.8,0.568,0.343,0.3,0.307,0.075
356,,0.282,0.175,0.75,0.518,0.293,0.25,0.257,0.025
357,,0.232,0.125,0.7,0.468,0.243,0.2,0.207,-0.025
358,8,0.25,0.125,0.682,0.443,0.225,0.2,0.225,1.0
359,,0.2,0.075,0.632,0.393,0.175,0.15,0.175,0.95
360,,0.15,0.025,0.582,0.343,0.125,0.1,0.125,0.9
361,,0.1,-0.025,0.532,0.293,0.075,0.05,0.075,0.85
362,2,0.118,1.0,0.55,0.293,0.057,0.025,0.057,0.85
363,,0.068,0.95,0.5,0.243,0.007,-0.025,0.007,0.8
364,6,0.05,0.925,0.482,0.243,0.025,1.0,0.025,0.8
365,,0.0,0.875,0.432,0.193,-0.025,0.95,-0.025,0.75
366,5,-0.025,0.857,0.432,0.211,1.0,0.968,-0.025,0.732
367,1,1.0,0.875,0.432,0.193,0.975,0.95,-0.025,0.75
368,7,1.0,0.857,0.407,0.175,0.975,0.968,1.0,0.768
369,,0.95,0.807,0.357,0.125,0.925,0.918,0.95,0.718
370,,0.9,0.757,0.307,0.075,0.875,0.868,0.9,0.668
371,,0.85,0.707,0.257,0.025,0.825,0.818,0.85,0.618
372,,0.8,0.657,0.207,-0.025,0.775,0.768,0.8,0.568
373,4,0.782,0.657,0.225,1.0,0.793,0.768,0.782,0.543
374,,0.732,0.607,0.175,0.95,0.743,0.718,0.732,0.493
375,,0.682,0.557,0.125,0.9,0.693,0.668,0.682,0.443
376,,0.632,0.507,0.075,0.85,0.643,0.618,0.632,0.393
377,,0.582,0.457,0.025,0.8,0.593,0.568,0.582,0.343
378,,0.532,0.407,-0.025,0.75,0.543,0.518,0.532,0.293
379,3,0.532,0.425,1.0,0.768,0.543,0.5,0.507,0.275
380,,0.482,0.375,0.95,0.718,0.493,0.45,0.457,0.225
381,,0.432,0.325,0.9,0.668,0.443,0.4,0.407,0.175
382,,0.382,0.275,0.85,0.618,0.393,0.35,0.357,0.125
383,,0.332,0.225,0.8,0.568,0.343,0.3,0.307,0.075
384,,0.282,0.175,0.75,0.518,0.293,0.25,0.257,0.025
385,,0.232,0.125,0.7,0.468,0.243,0.2,0.207,-0.025
386,8,0.25,0.125,0.682,0.443,0.225,0.2,0.225,1.0
387,,0.2,0.075,0.632,0.393,0.175,0.15,0.175,0.95
388,,0.15,0.025,0.582,0.343,0.125,0.1,0.125,0.9
389,,0.1,-0.025,0.532,0.293,0.075,0.05,0.075,0.85
390,2,0.118,1.0,0.55,0.293,0.057,0.025,0.057,0.85
391,,0.068,0.95,0.5,0.243,0.007,-0.025,0.007,0.8
392,6,0.05,0.925,0.482,0.243,0.025,1.0,0.025,0.8
393,,0.0,0.875,0.432,0.193,-0.025,0.95,-0.025,0.75
394,7,0.0,0.857,0.407,0.175,-0.025,0.968,1.0,0.768
395,5,-0.025,0.839,0.407,0.193,1.0,0.986,1.0,0.75
396,1,1.0,0.857,0.407,0.175,0.975,0.968,1.0,0.768
397,,0.95,0.807,0.357,0.125,0.925,0.918,0.95,0.718
398,,0.9,0.757,0.307,0.075,0.875,0.868,0.9,0.668
399,,0.85,0.707,0.257,0.025,0.825,0.818,0.85,0.618
400,,0.8,0.657,0.207,-0.025,0.775,0.768,0.8,0.568
401,4,0.782,0.657,0.225,1.0,0.793,0.768,0.782,0.543
402,,0.732,0.607,0.175,0.95,0.743,0.718,0.732,0.493
403,,0.682,0.557,0.125,0.9,0.693,0.668,0.682,0.443
404,,0.632,0.507,0.075,0.85,0.643,0.618,0.632,0.393
405,,0.582,0.457,0.025,0.8,0.593,0.568,0.582,0.343
406,,0.532,0.407,-0.025,0.75,0.543,0.518,0.532,0.293
407,3,0.532,0.425,1.0,0.768,0.543,0.5,0.507,0.275
408,,0.482,0.375,0.95,0.718,0.493,0.45,0.457,0.225
409,,0.432,0.325,0.9,0.668,0.443,0.4,0.407,0.175
410,,0.382,0.275,0.85,0.618,0.393,0.35,0.357,0.125
411,,0.332,0.225,0.8,0.568,0.343,0.3,0.307,0.075
412,,0.282,0.175,0.75,0.518,0.293,0.25,0.257,0.025
413,,0.232,0.125,0.7,0.468,0.243,0.2,0.207,-0.025
414,8,0.25,0.125,0.682,0.443,0.225,0.2,0.225,1.0
415,,0.2,0.075,0.632,0.393,0.175,0.15,0.175,0.95
416,,0.15,0.025,0.582,0.343,0.125,0.1,0.125,0.9
417,,0.1,-0.025,0.532,0.293,0.075,0.05,0.075,0.85
418,2,0.118,1.0,0.55,0.293,0.057,0.025,0.057,0.85
419,,0.068,0.95,0.5,0.243,0.007,-0.025,0.007,0.8
420,6,0.05,0.925,0.482,0.243,0.025,1.0,0.025,0.8
421,,0.0,0.875,0.432,0.193,-0.025,0.95,-0.025,0.75
422,7,0.0,0.857,0.407,0.175,-0.025,0.968,1.0,0.768
423,5,-0.025,0.839,0.407,0.193,1.0,0.986,1.0,0.75
424,1,1.0,0.857,0.407,0.175,0.975,0.968,1.0,0.768
425,,0.95,0.807,0.357,0.125,0.925,0.918,0.95,0.718
426,,0.9,0.757,0.307,0.075,0.875,0.868,0.9,0.668
427,,0.85,0.707,0.257,0.025,0.825,0.818,0.85,0.618
428,,0.8,0.657,0.207,-0.025,0.775,0.768,0.8,0.568
429,4,0.782,0.657,0.225,1.0,0.793,0.768,0.782,0.543
430,,0.732,0.607,0.175,0.95,0.743,0.718,0.732,0.493
431,,0.682,0.557,0.125,0.9,0.693,0.668,0.682,0.443
432,,0.632,0.507,0.075,0.85,0.643,0.618,0.632,0.393
433,,0.582,0.457,0.025,0.8,0.593,0.568,0.582,0.343
434,,0.532,0.407,-0.025,0.75,0.543,0.518,0.532,0.293
435,3,0.532,0.425,1.0,0.768,0.543,0.5,0.507,0.275
436,,0.482,0.375,0.95,0.718,0.493,0.45,0.457,0.225
437,,0.432,0.325,0.9,0.668,0.443,0.4,0.407,0.175
438,,0.382,0.275,0.85,0.618,0.393,0.35,0.357,0.125
439,,0.332,0.225,0.8,0.568,0.343,0.3,0.307,0.075
440,,0.282,0.175,0.75,0.518,0.293,0.25,0.257,0.025
441,,0.232,0.125,0.7,0.468,0.243,0.2,0.207,-0.025
442,8,0.25,0.125,0.682,0.443,0.225,0.2,0.225,1.0
443,,0.2,0.075,0.632,0.393,0.175,0.15,0.175,0.95
444,,0.15,0.025,0.582,0.343,0.125,0.1,0.125,0.9
445,,0.1,-0.025,0.532,0.293,0.075,0.05,0.075,0.85
446,2,0.118,1.0,0.55,0.293,0.057,0.025,0.057,0.85
447,,0.068,0.95,0.5,0.243,0.007,-0.025,0.007,0.8
448,6,0.05,0.925,0.482,0.243,0.025,1.0,0.025,0.8
449,,0.0,0.875,0.432,0.193,-0.025,0.95,-0.025,0.75
450,7,0.0,0.857,0.407,0.175,-0.025,0.968,1.0,0.768
451,5,-0.025,0.839,0.407,0.193,1.0,0.986,1.0,0.75
452,1,1.0,0.857,0.407,0.175,0.975,0.968,1.0,0.768
453,,0.95,0.807,0.357,0.125,0.925,0.918,0.95,0.718
454,,0.9,0.757,0.307,0.075,0.875,0.868,0.9,0.668
455,,0.85,0.707,0.257,0.025,0.825,0.818,0.85,0.618
456,,0.8,0.657,0.207,-0.025,0.775,0.768,0.8,0.568
457,4,0.782,0.657,0.225,1.0,0.793,0.768,0.782,0.543
458,,0.732,0.607,0.175,0.95,0.743,0.718,0.732,0.493
459,,0.682,0.557,0.125,0.9,0.693,0.668,0.682,0.443
460,,0.632,0.507,0.075,0.85,0.643,0.618,0.632,0.393
461,,0.582,0.457,0.025,0.8,0.593,0.568,0.582,0.343
462,,0.532,0.407,-0.025,0.75,0.543,0.518,0.532,0.293
463,3,0.532,0.425,1.0,0.768,0.543,0.5,0.507,0.275
464,,0.482,0.375,0.95,0.718,0.493,0.45,0.457,0.225
465,,0.432,0.325,0.9,0.668,0.443,0.4,0.407,0.175
466,,0.382,0.275,0.85,0.618,0.393,0.35,0.357,0.125
467,,0.332,0.225,0.8,0.568,0.343,0.3,0.307,0.075
468,,0.282,0.175,0.75,0.518,0.293,0.25,0.257,0.025
469,,0.232,0.125,0.7,0.468,0.243,0.2,0.207,-0.025
470,8,0.25,0.125,0.682,0.443,0.225,0.2,0.225,1.0
471,,0.2,0.075,0.632,0.393,0.175,0.15,0.175,0.95
472,,0.15,0.025,0.582,0.343,0.125,0.1,0.125,0.9
473,,0.1,-0.025,0.532,0.293,0.075,0.05,0.075,0.85
474,2,0.118,1.0,0.55,0.293,0.057,0.025,0.057,0.85
475,,0.068,0.95,0.5,0.243,0.007,-0.025,0.007,0.8
476,6,0.05,0.925,0.482,0.243,0.025,1.0,0.025,0.8
477,,0.0,0.875,0.432,0.193,-0.025,0.95,-0.025,0.75
478,5,-0.025,0.857,0.432,0.211,1.0,0.968,-0.025,0.732
479,7,-0.025,0.839,0.407,0.193,1.0,0.986,1.0,0.75
480,1,1.0,0.857,0.407,0.175,0.975,0.968,1.0,0.768
481,,0.95,0.807,0.357,0.125,0.925,0.918,0.95,0.718
482,,0.9,0.757,0.307,0.075,0.875,0.868,0.9,0.668
483,,0.85,0.707,0.257,0.025,0.825,0.818,0.85,0.618
484,,0.8,0.657,0.207,-0.025,0.775,0.768,0.8,0.568
485,4,0.782,0.657,0.225,1.0,0.793,0.768,0.782,0.543
486,,0.732,0.607,0.175,0.95,0.743,0.718,0.732,0.493
487,,0.682,0.557,0.125,0.9,0.693,0.668,0.682,0.443
488,,0.632,0.507,0.075,0.85,0.643,0.618,0.632,0.393
489,,0.582,0.457,0.025,0.8,0.593,0.568,0.582,0.343
490,,0.532,0.407,-0.025,0.75,0.543,0.518,0.532,0.293
491,3,0.532,0.425,1.0,0.768,0.543,0.5,0.507,0.275
492,,0.482,0.375,0.95,0.718,0.493,0.45,0.457,0.225
493,,0.432,0.325,0.9,0.668,0.443,0.4,0.407,0.175
494,,0.382,0.275,0.85,0.618,0.393,0.35,0.357,0.125
495,,0.332,0.225,0.8,0.568,0.343,0.3,0.307,0.075
496,,0.282,0.175,0.75,0.518,0.293,0.25,0.257,0.025
497,,0.232,0.125,0.7,0.468,0.243,0.2,0.207,-0.025
498,8,0.25,0.125,0.682,0.443,0.225,0.2,0.225,1.0
499,,0.2,0.075,0.632,0.393,0.175,0.15,0.175,0.95
500,,0.15,0.025,0.582,0.343,0.125,0.1,0.125,0.9
501,,0.1,-0.025,0.532,0.293,0.075,0.05,0.075,0.85
502,2,0.118,1.0,0.55,0.293,0.057,0.025,0.057,0.85
503,,0.068,0.95,0.5,0.243,0.007,-0.025,0.007,0.8
504,6,0.05,0.925,0.482,0.243,0.025,1.0,0.025,0.8
505,,0.0,0.875,0.432,0.193,-0.025,0.95,-0.025,0.75
506,5,-0.025,0.857,0.432,0.211,1.0,0.968,-0.025,0.732
507,1,1.0,0.875,0.432,0.193,0.975,0.95,-0.025,0.75
508,7,1.0,0.857,0.407,0.175,0.975,0.968,1.0,0.768
509,,0.95,0.807,0.357,0.125,0.925,0.918,0.95,0.718
510,,0.9,0.757,0.307,0.075,0.875,0.868,0.9,0.668
511,,0.85,0.707,0.257,0.025,0.825,0.818,0.85,0.618
512,,0.8,0.657,0.207,-0.025,0.775,0.768,0.8,0.568
513,4,0.782,0.657,0.225,1.0,0.793,0.768,0.782,0.543
514,,0.732,0.607,0.175,0.95,0.743,0.718,0.732,0.493
515,,0.682,0.557,0.125,0.9,0.693,0.668,0.682,0.443
516,,0.632,0.507,0.075,0.85,0.643,0.618,0.632,0.393
517,,0.582,0.457,0.025,0.8,0.593,0.568,0.582,0.343
518,,0.532,0.407,-0.025,0.75,0.543,0.518,0.532,0.293
519,3,0.532,0.425,1.0,0.768,0.543,0.5,0.507,0.275
520,,0.482,0.375,0.95,0.718,0.493,0.45,0.457,0.225
521,,0.432,0.325,0.9,0.668,0.443,0.4,0.407,0.175
522,,0.382,0.275,0.85,0.618,0.393,0.35,0.357,0.125
523,,0.332,0.225,0.8,0.568,0.343,0.3,0.307,0.075
524,,0.282,0.175,0.75,0.518,0.293,0.25,0.257,0.025
525,,0.232,0.125,0.7,0.468,0.243,0.2,0.207,-0.025
526,8,0.25,0.125,0.682,0.443,0.225,0.2,0.225,1.0
527,,0.2,0.075,0.632,0.393,0.175,0.15,0.175,0.95
528,,0.15,0.025,0.582,0.343,0.125,0.1,0.125,0.9
529,,0.1,-0.025,0.532,0.293,0.075,0.05,0.075,0.85
530,2,0.118,1.0,0.55,0.293,0.057,0.025,0.057,0.85
531,,0.068,0.95,0.5,0.243,0.007,-0.025,0.007,0.8
532,6,0.05,0.925,0.482,0.243,0.025,1.0,0.025,0.8
533,,0.0,0.875,0.432,0.193,-0.025,0.95,-0.025,0.75
534,5,-0.025,0.857,0.432,0.211,1.0,0.968,-0.025,0.732
535,1,1.0,0.875,0.432,0.193,0.975,0.95,-0.025,0.75
536,7,1.0,0.857,0.407,0.175,0.975,0.968,1.0,0.768
537,,0.95,0.807,0.357,0.125,0.925,0.918,0.95,0.718
538,,0.9,0.757,0.307,0.075,0.875,0.868,0.9,0.668
539,,0.85,0.707,0.257,0.025,0.825,0.818,0.85,0.618
540,,0.8,0.657,0.207,-0.025,0.775,0.768,0.8,0.568
541,4,0.782,0.657,0.225,1.0,0.793,0.768,0.782,0.543
542,,0.732,0.607,0.175,0.95,0.743,0.718,0.732,0.493
543,,0.682,0.557,0.125,0.9,0.693,0.668,0.682,0.443
544,,0.632,0.507,0.075,0.85,0.643,0.618,0.632,0.393
545,,0.582,0.457,0.025,0.8,0.593,0.568,0.582,0.343
546,,0.532,0.407,-0.025,0.75,0.543,0.518,0.532,0.293
547,3,0.532,0.425,1.0,0.768,0.543,0.5,0.507,0.275
548,,0.482,0.375,0.95,0.718,0.493,0.45,0.457,0.225
549,,0.432,0.325,0.9,0.668,0.443,0.4,0.407,0.175
550,,0.382,0.275,0.85,0.618,0.393,0.35,0.357,0.125
551,,0.332,0.225,0.8,0.568,0.343,0.3,0.307,0.075
552,,0.282,0.175,0.75,0.518,0.293,0.25,0.257,0.025
553,,0.232,0.125,0.7,0.468,0.243,0.2,0.207,-0.025
554,8,0.25,0.125,0.682,0.443,0.225,0.2,0.225,1.0
555,,0.2,0.075,0.632,0.393,0.175,0.15,0.175,0.95
556,,0.15,0.025,0.582,0.343,0.125,0.1,0.125,0.9
557,,0.1,-0.025,0.532,0.293,0.075,0.05,0.075,0.85
558,2,0.118,1.0,0.55,0.293,0.057,0.025,0.057,0.85
559,,0.068,0.95,0.5,0.243,0.007,-0.025,0.007,0.8
560,6,0.05,0.925,0.482,0.243,0.025,1.0,0.025,0.8
561,,0.0,0.875,0.432,0.193,-0.025,0.95,-0.025,0.75
562,5,-0.025,0.857,0.432,0.211,1.0,0.968,-0.025,0.732
563,7,-0.025,0.839,0.407,0.193,1.0,0.986,1.0,0.75
564,1,1.0,0.857,0.407,0.175,0.975,0.968,1.0,0.768
565,,0.95,0.807,0.357,0.125,0.925,0.918,0.95,0.718
566,,0.9,0.757,0.307,0.075,0.875,0.868,0.9,0.668
567,,0.85,0.707,0.257,0.025,0.825,0.818,0.85,0.618
568,,0.8,0.657,0.207,-0.025,0.775,0.768,0.8,0.568
569,4,0.782,0.657,0.225,1.0,0.793,0.768,0.782,0.543
570,,0.732,0.607,0.175,0.95,0.743,0.718,0.732,0.493
571,,0.682,0.557,0.125,0.9,0.693,0.668,0.682,0.443
572,,0.632,0.507,0.075,0.85,0.643,0.618,0.632,0.393
573,,0.582,0.457,0.025,0.8,0.593,0.568,0.582,0.343
574,,0.532,0.407,-0.025,0.75,0.543,0.518,0.532,0.293
575,3,0.532,0.425,1.0,0.768,0.543,0.5,0.507,0.275
576,,0.482,0.375,0.95,0.718,0.493,0.45,0.457,0.225
577,,0.432,0.325,0.9,0.668,0.443,0.4,0.407,0.175
578,,0.382,0.275,0.85,0.618,0.393,0.35,0.357,0.125
579,,0.332,0.225,0.8,0.568,0.343,0.3,0.307,0.075
580,,0.282,0.175,0.75,0.518,0.293,0.25,0.257,0.025
581,,0.232,0.125,0.7,0.468,0.243,0.2,0.207,-0.025
582,8,0.25,0.125,0.682,0.443,0.225,0.2,0.225,1.0
583,,0.2,0.075,0.632,0.393,0.175,0.15,0.175,0.95
584,,0.15,0.025,0.582,0.343,0.125,0.1,0.125,0.9
585,,0.1,-0.025,0.532,0.293,0.075,0.05,0.075,0.85
586,2,0.118,1.0,0.55,0.293,0.057,0.025,0.057,0.85
587,,0.068,0.95,0.5,0.243,0.007,-0.025,0.007,0.8
588,6,0.05,0.925,0.482,0.243,0.025,1.0,0.025,0.8
589,,0.0,0.875,0.432,0.193,-0.025,0.95,-0.025,0.75
590,7,0.0,0.857,0.407,0.175,-0.025,0.968,1.0,0.768
591,5,-0.025,0.839,0.407,0.193,1.0,0.986,1.0,0.75
592,1,1.0,0.857,0.407,0.175,0.975,0.968,1.0,0.768
593,,0.95,0.807,0.357,0.125,0.925,0.918,0.95,0.718
594,,0.9,0.757,0.307,0.075,0.875,0.868,0.9,0.668
595,,0.85,0.707,0.257,0.025,0.825,0.818,0.85,0.618
596,,0.8,0.657,0.207,-0.025,0.775,0.768,0.8,0.568
597,4,0.782,0.657,0.225,1.0,0.793,0.768,0.782,0.543
598,,0.732,0.607,0.175,0.95,0.743,0.718,0.732,0.493
599,,0.682,0.557,0.125,0.9,0.693,0.668,0.682,0.443
600,,0.632,0.507,0.075,0.85,0.643,0.618,0.632,0.393
601,,0.582,0.457,0.025,0.8,0.593,0.568,0.582,0.343
602,,0.532,0.407,-0.025,0.75,0.543,0.518,0.532,0.293
603,3,0.532,0.425,1.0,0.768,0.543,0.5,0.507,0.275
604,,0.482,0.375,0.95,0.718,0.493,0.45,0.457,0.225
605,,0.432,0.325,0.9,0.668,0.443,0.4,0.407,0.175
606,,0.382,0.275,0.85,0.618,0.393,0.35,0.357,0.125
607,,0.332,0.225,0.8,0.568,0.343,0.3,0.307,0.075
608,,0.282,0.175,0.75,0.518,0.293,0.25,0.257,0.025
609,,0.232,0.125,0.7,0.468,0.243,0.2,0.207,-0.025
610,8,0.25,0.125,0.682,0.443,0.225,0.2,0.225,1.0
611,,0.2,0.075,0.632,0.393,0.175,0.15,0.175,0.95
612,,0.15,0.025,0.582,0.343,0.125,0.1,0.125,0.9
613,,0.1,-0.025,0.532,0.293,0.075,0.05,0.075,0.85
614,2,0.118,1.0,0.55,0.293,0.057,0.025,0.057,0.85
615,,0.068,0.95,0.5,0.243,0.007,-0.025,0.007,0.8
616,6,0.05,0.925,0.482,0.243,0.025,1.0,0.025,0.8
617,,0.0,0.875,0.432,0.193,-0.025,0.95,-0.025,0.75
618,7,0.0,0.857,0.407,0.175,-0.025,0.968,1.0,0.768
619,5,-0.025,0.839,0.407,0.193,1.0,0.986,1.0,0.75
620,1,1.0,0.857,0.407,0.175,0.975,0.968,1.0,0.768
621,,0.95,0.807,0.357,0.125,0.925,0.918,0.95,0.718
622,,0.9,0.757,0.307,0.075,0.875,0.868,0.9,0.668
623,,0.85,0.707,0.257,0.025,0.825,0.818,0.85,0.618
624,,0.8,0.657,0.207,-0.025,0.775,0.768,0.8,0.568
625,4,0.782,0.657,0.225,1.0,0.793,0.768,0.782,0.543
626,,0.732,0.607,0.175,0.95,0.743,0.718,0.732,0.493
627,,0.682,0.557,0.125,0.9,0.693,0.668,0.682,0.443
628,,0.632,0.507,0.075,0.85,0.643,0.618,0.632,0.393
629,,0.582,0.457,0.025,0.8,0.593,0.568,0.582,0.343
630,,0.532,0.407,-0.025,0.75,0.543,0.518,0.532,0.293
631,3,0.532,0.425,1.0,0.768,0.543,0.5,0.507,0.275
632,,0.482,0.375,0.95,0.718,0.493,0.45,0.457,0.225
633,,0.432,0.325,0.9,0.668,0.443,0.4,0.407,0.175
634,,0.382,0.275,0.85,0.618,0.393,0.35,0.357,0.125
635,,0.332,0.225,0.8,0.568,0.343,0.3,0.307,0.075
636,,0.282,0.175,0.75,0.518,0.293,0.25,0.257,0.025
637,,0.232,0.125,0.7,0.468,0.243,0.2,0.207,-0.025
638,8,0.25,0.125,0.682,0.443,0.225,0.2,0.225,1.0
639,,0.2,0.075,0.632,0.393,0.175,0.15,0.175,0.95
640,,0.15,0.025,0.582,0.343,0.125,0.1,0.125,0.9
641,,0.1,-0.025,0.532,0.293,0.075,0.05,0.075,0.85
642,2,0.118,1.0,0.55,0.293,0.057,0.025,0.057,0.85
643,,0.068,0.95,0.5,0.243,0.007,-0.025,0.007,0.8
644,6,0.05,0.925,0.482,0.243,0.025,1.0,0.025,0.8
645,,0.0,0.875,0.432,0.193,-0.025,0.95,-0.025,0.75
646,7,0.0,0.857,0.407,0.175,-0.025,0.968,1.0,0.768
647,5,-0.025,0.839,0.407,0.193,1.0,0.986,1.0,0.75
648,1,1.0,0.857,0.407,0.175,0.975,0.968,1.0,0.768
649,,0.95,0.807,0.357,0.125,0.925,0.918,0.95,0.718
650,,0.9,0.757,0.307,0.075,0.875,0.868,0.9,0.668
651,,0.85,0.707,0.257,0.025,0.825,0.818,0.85,0.618
652,,0.8,0.657,0.207,-0.025,0.775,0.768,0.8,0.568
653,4,0.782,0.657,0.225,1.0,0.793,0.768,0.782,0.543
654,,0.732,0.607,0.175,0.95,0.743,0.718,0.732,0.493
655,,0.682,0.557,0.125,0.9,0.693,0.668,0.682,0.443
656,,0.632,0.507,0.075,0.85,0.643,0.618,0.632,0.393
657,,0.582,0.457,0.025,0.8,0.593,0.568,0.582,0.343
658,,0.532,0.407,-0.025,0.75,0.543,0.518,0.532,0.293
659,3,0.532,0.425,1.0,0.768,0.543,0.5,0.507,0.275
660,,0.482,0.375,0.95,0.718,0.493,0.45,0.457,0.225
661,,0.432,0.325,0.9,0.668,0.443,0.4,0.407,0.175
662,,0.382,0.275,0.85,0.618,0.393,0.35,0.357,0.125
663,,0.332,0.225,0.8,0.568,0.343,0.3,0.307,0.075
664,,0.282,0.175,0.75,0.518,0.293,0.25,0.257,0.025
665,,0.232,0.125,0.7,0.468,0.243,0.2,0.207,-0.025
666,8,0.25,0.125,0.682,0.443,0.225,0.2,0.225,1.0
667,,0.2,0.075,0.632,0.393,0.175,0.15,0.175,0.95
668,,0.15,0.025,0.582,0.343,0.125,0.1,0.125,0.9
669,,0.1,-0.025,0.532,0.293,0.075,0.05,0.075,0.85
670,2,0.118,1.0,0.55,0.293,0.057,0.025,0.057,0.85
671,,0.068,0.95,0.5,0.243,0.007,-0.025,0.007,0.8
672,6,0.05,0.925,0.482,0.243,0.025,1.0,0.025,0.8
673,,0.0,0.875,0.432,0.193,-0.025,0.95,-0.025,0.75
674,7,0.0,0.857,0.407,0.175,-0.025,0.968,1.0,0.768
675,5,-0.025,0.839,0.407,0.193,1.0,0.986,1.0,0.75
676,1,1.0,0.857,0.407,0.175,0.975,0.968,1.0,0.768
677,,0.95,0.807,0.357,0.125,0.925,0.918,0.95,0.718
678,,0.9,0.757,0.307,0.075,0.875,0.868,0.9,0.668
679,,0.85,0.707,0.257,0.025,0.825,0.818,0.85,0.618
680,,0.8,0.657,0.207,-0.025,0.775,0.768,0.8,0.568
681,4,0.782,0.657,0.225,1.0,0.793,0.768,0.782,0.543
682,,0.732,0.607,0.175,0.95,0.743,0.718,0.732,0.493
683,,0.682,0.557,0.125,0.9,0.693,0.668,0.682,0.443
684,,0.632,0.507,0.075,0.85,0.643,0.618,0.632,0.393
685,,0.582,0.457,0.025,0.8,0.593,0.568,0.582,0.343
686,,0.532,0.407,-0.025,0.75,0.543,0.518,0.532,0.293
687,3,0.532,0.425,1.0,0.768,0.543,0.5,0.507,0.275
688,,0.482,0.375,0.95,0.718,0.493,0.45,0.457,0.225
689,,0.432,0.325,0.9,0.668,0.443,0.4,0.407,0.175
690,,0.382,0.275,0.85,0.618,0.393,0.35,0.357,0.125
691,,0.332,0.225,0.8,0.568,0.343,0.3,0.307,0.075
692,,0.282,0.175,0.75,0.518,0.293,0.25,0.257,0.025
693,,0.232,0.125,0.7,0.468,0.243,0.2,0.207,-0.025
694,8,0.25,0.125,0.682,0.443,0.225,0.2,0.225,1.0
695,,0.2,0.075,0.632,0.393,0.175,0.15,0.175,0.95
696,,0.15,0.025,0.582,0.343,0.125,0.1,0.125,0.9
697,,0.1,-0.025,0.532,0.293,0.075,0.05,0.075,0.85
698,2,0.118,1.0,0.55,0.293,0.057,0.025,0.057,0.85
699,,0.068,0.95,0.5,0.243,0.007,-0.025,0.007,0.8
700,6,0.05,0.925,0.482,0.243,0.025,1.0,0.025,0.8
701,,0.0,0.875,0.432,0.193,-0.025,0.95,-0.025,0.75
702,5,-0.025,0.857,0.432,0.211,1.0,0.968,-0.025,0.732
703,7,-0.025,0.839,0.407,0.193,1.0,0.986,1.0,0.75
704,1,1.0,0.857,0.407,0.175,0.975,0.968,1.0,0.768
705,,0.95,0.807,0.357,0.125,0.925,0.918,0.95,0.718
706,,0.9,0.757,0.307,0.075,0.875,0.868,0.9,0.668
707,,0.85,0.707,0.257,0.025,0.825,0.818,0.85,0.618
708,,0.8,0.657,0.207,-0.025,0.775,0.768,0.8,0.568
709,4,0.782,0.657,0.225,1.0,0.793,0.768,0.782,0.543
710,,0.732,0.607,0.175,0.95,0.743,0.718,0.732,0.493
711,,0.682,0.557,0.125,0.9,0.693,0.668,0.682,0.443
712,,0.632,0.507,0.075,0.85,0.643,0.618,0.632,0.393
713,,0.582,0.457,0.025,0.8,0.593,0.568,0.582,0.343
714,,0.532,0.407,-0.025,0.75,0.543,0.518,0.532,0.293
715,3,0.532,0.425,1.0,0.768,0.543,0.5,0.507,0.275
716,,0.482,0.375,0.95,0.718,0.493,0.45,0.457,0.225
717,,0.432,0.325,0.9,0.668,0.443,0.4,0.407,0.175
718,,0.382,0.275,0.85,0.618,0.393,0.35,0.357,0.125
719,,0.332,0.225,0.8,0.568,0.343,0.3,0.307,0.075
720,,0.282,0.175,0.75,0.518,0.293,0.25,0.257,0.025
721,,0.232,0.125,0.7,0.468,0.243,0.2,0.207,-0.025
722,8,0.25,0.125,0.682,0.443,0.225,0.2,0.225,1.0
723,,0.2,0.075,0.632,0.393,0.175,0.15,0.175,0.95
724,,0.15,0.025,0.582,0.343,0.125,0.1,0.125,0.9
725,,0.1,-0.025,0.532,0.293,0.075,0.05,0.075,0.85
726,2,0.118,1.0,0.55,0.293,0.057,0.025,0.057,0.85
727,,0.068,0.95,0.5,0.243,0.007,-0.025,0.007,0.8
728,6,0.05,0.925,0.482,0.243,0.025,1.0,0.025,0.8
729,,0.0,0.875,0.432,0.193,-0.025,0.95,-0.025,0.75
730,7,0.0,0.857,0.407,0.175,-0.025,0.968,1.0,0.768
731,5,-0.025,0.839,0.407,0.193,1.0,0.986,1.0,0.75
732,1,1.0,0.857,0.407,0.175,0.975,0.968,1.0,0.768
733,,0.95,0.807,0.357,0.125,0.925,0.918,0.95,0.718
734,,0.9,0.757,0.307,0.075,0.875,0.868,0.9,0.668
735,,0.85,0.707,0.257,0.025,0.825,0.818,0.85,0.618
736,,0.8,0.657,0.207,-0.025,0.775,0.768,0.8,0.568
737,4,0.782,0.657,0.225,1.0,0.793,0.768,0.782,0.543
738,,0.732,0.607,0.175,0.95,0.743,0.718,0.732,0.493
739,,0.682,0.557,0.125,0.9,0.693,0.668,0.682,0.443
740,,0.632,0.507,0.075,0.85,0.643,0.618,0.632,0.393
741,,0.582,0.457,0.025,0.8,0.593,0.568,0.582,0.343
742,,0.532,0.407,-0.025,0.75,0.543,0.518,0.532,0.293
743,3,0.532,0.425,1.0,0.768,0.543,0.5,0.507,0.275
744,,0.482,0.375,0.95,0.718,0.493,0.45,0.457,0.225
745,,0.432,0.325,0.9,0.668,0.443,0.4,0.407,0.175
746,,0.382,0.275,0.85,0.618,0.393,0.35,0.357,0.125
747,,0.332,0.225,0.8,0.568,0.343,0.3,0.307,0.075
748,,0.282,0.175,0.75,0.518,0.293,0.25,0.257,0.025
749,,0.232,0.125,0.7,0.468,0.243,0.2,0.207,-0.025
750,8,0.25,0.125,0.682,0.443,0.225,0.2,0.225,1.0
751,,0.2,0.075,0.632,0.393,0.175,0.15,0.175,0.95
752,,0.15,0.025,0.582,0.343,0.125,0.1,0.125,0.9
753,,0.1,-0.025,0.532,0.293,0.075,0.05,0.075,0.85
754,2,0.118,1.0,0.55,0.293,0.057,0.025,0.057,0.85
755,,0.068,0.95,0.5,0.243,0.007,-0.025,0.007,0.8
756,6,0.05,0.925,0.482,0.243,0.025,1.0,0.025,0.8
757,,0.0,0.875,0.432,0.193,-0.025,0.95,-0.025,0.75
758,5,-0.025,0.857,0.432,0.211,1.0,0.968,-0.025,0.732
759,7,-0.025,0.839,0.407,0.193,1.0,0.986,1.0,0.75
760,1,1.0,0.857,0.407,0.175,0.975,0.968,1.0,0.768
761,,0.95,0.807,0.357,0.125,0.925,0.918,0.95,0.718
762,,0.9,0.757,0.307,0.075,0.875,0.868,0.9,0.668
763,,0.85,0.707,0.257,0.025,0.825,0.818,0.85,0.618
764,,0.8,0.657,0.207,-0.025,0.775,0.768,0.8,0.568
765,4,0.782,0.657,0.225,1.0,0.793,0.768,0.782,0.543
766,,0.732,0.607,0.175,0.95,0.743,0.718,0.732,0.493
767,,0.682,0.557,0.125,0.9,0.693,0.668,0.682,0.443
768,,0.632,0.507,0.075,0.85,0.643,0.618,0.632,0.393
769,,0.582,0.457,0.025,0.8,0.593,0.568,0.582,0.343
770,,0.532,0.407,-0.025,0.75,0.543,0.518,0.532,0.293
771,3,0.532,0.425,1.0,0.768,0.543,0.5,0.507,0.275
772,,0.482,0.375,0.95,0.718,0.493,0.45,0.457,0.225
773,,0.432,0.325,0.9,0.668,0.443,0.4,0.407,0.175
774,,0.382,0.275,0.85,0.618,0.393,0.35,0.357,0.125
775,,0.332,0.225,0.8,0.568,0.343,0.3,0.307,0.075
776,,0.282,0.175,0.75,0.518,0.293,0.25,0.257,0.025
777,,0.232,0.125,0.7,0.468,0.243,0.2,0.207,-0.025
778,8,0.25,0.125,0.682,0.443,0.225,0.2,0.225,1.0
779,,0.2,0.075,0.632,0.393,0.175,0.15,0.175,0.95
780,,0.15,0.025,0.582,0.343,0.125,0.1,0.125,0.9
781,,0.1,-0.025,0.532,0.293,0.075,0.05,0.075,0.85
782,2,0.118,1.0,0.55,0.293,0.057,0.025,0.057,0.85
783,,0.068,0.95,0.5,0.243,0.007,-0.025,0.007,0.8
784,6,0.05,0.925,0.482,0.243,0.025,1.0,0.025,0.8
785,,0.0,0.875,0.432,0.193,-0.025,0.95,-0.025,0.75
786,5,-0.025,0.857,0.432,0.211,1.0,0.968,-0.025,0.732
787,7,-0.025,0.839,0.407,0.193,1.0,0.986,1.0,0.75
788,1,1.0,0.857,0.407,0.175,0.975,0.968,1.0,0.768
789,,0.95,0.807,0.357,0.125,0.925,0.918,0.95,0.718
790,,0.9,0.757,0.307,0.075,0.875,0.868,0.9,0.668
791,,0.85,0.707,0.257,0.025,0.825,0.818,0.85,0.618
792,,0.8,0.657,0.207,-0.025,0.775,0.768,0.8,0.568
793,4,0.782,0.657,0.225,1.0,0.793,0.768,0.782,0.543
794,,0.732,0.607,0.175,0.95,0.743,0.718,0.732,0.493
795,,0.682,0.557,0.125,0.9,0.693,0.668,0.682,0.443
796,,0.632,0.507,0.075,0.85,0.643,0.618,0.632,0.393
797,,0.582,0.457,0.025,0.8,0.593,0.568,0.582,0.343
798,,0.532,0.407,-0.025,0.75,0.543,0.518,0.532,0.293
799,3,0.532,0.425,1.0,0.768,0.543,0.5,0.507,0.275
800,,0.482,0.375,0.95,0.718,0.493,0.45,0.457,0.225
801,,0.432,0.325,0.9,0.668,0.443,0.4,0.407,0.175
802,,0.382,0.275,0.85,0.618,0.393,0.35,0.357,0.125
803,,0.332,0.225,0.8,0.568,0.343,0.3,0.307,0.075
804,,0.282,0.175,0.75,0.518,0.293,0.25,0.257,0.025
805,,0.232,0.125,0.7,0.468,0.243,0.2,0.207,-0.025
806,8,0.25,0.125,0.682,0.443,0.225,0.2,0.225,1.0
807,,0.2,0.075,0.632,0.393,0.175,0.15,0.175,0.95
808,,0.15,0.025,0.582,0.343,0.125,0.1,0.125,0.9
809,,0.1,-0.025,0.532,0.293,0.075,0.05,0.075,0.85
810,2,0.118,1.0,0.55,0.293,0.057,0.025,0.057,0.85
811,,0.068,0.95,0.5,0.243,0.007,-0.025,0.007,0.8
812,6,0.05,0.925,0.482,0.243,0.025,1.0,0.025,0.8
813,,0.0,0.875,0.432,0.193,-0.025,0.95,-0.025,0.75
814,5,-0.025,0.857,0.432,0.211,1.0,0.968,-0.025,0.732
815,7,-0.025,0.839,0.407,0.193,1.0,0.986,1.0,0.75
816,1,1.0,0.857,0.407,0.175,0.975,0.968,1.0,0.768
817,,0.95,0.807,0.357,0.125,0.925,0.918,0.95,0.718
818,,0.9,0.757,0.307,0.075,0.875,0.868,0.9,0.668
819,,0.85,0.707,0.257,0.025,0.825,0.818,0.85,0.618
820,,0.8,0.657,0.207,-0.025,0.775,0.768,0.8,0.568
821,4,0.782,0.657,0.225,1.0,0.793,0.768,0.782,0.543
822,,0.732,0.607,0.175,0.95,0.743,0.718,0.732,0.493
823,,0.682,0.557,0.125,0.9,0.693,0.668,0.682,0.443
824,,0.632,0.507,0.075,0.85,0.643,0.618,0.632,0.393
825,,0.582,0.457,0.025,0.8,0.593,0.568,0.582,0.343
826,,0.532,0.407,-0.025,0.75,0.543,0.518,0.532,0.293
827,3,0.532,0.425,1.0,0.768,0.543,0.5,0.507,0.275
828,,0.482,0.375,0.95,0.718,0.493,0.45,0.457,0.225
829,,0.432,0.325,0.9,0.668,0.443,0.4,0.407,0.175
830,,0.382,0.275,0.85,0.618,0.393,0.35,0.357,0.125
831,,0.332,0.225,0.8,0.568,0.343,0.3,0.307,0.075
832,,0.282,0.175,0.75,0.518,0.293,0.25,0.257,0.025
833,,0.232,0.125,0.7,0.468,0.243,0.2,0.207,-0.025
834,8,0.25,0.125,0.682,0.443,0.225,0.2,0.225,1.0
835,,0.2,0.075,0.632,0.393,0.175,0.15,0.175,0.95
836,,0.15,0.025,0.582,0.343,0.125,0.1,0.125,0.9
837,,0.1,-0.025,0.532,0.293,0.075,0.05,0.075,0.85
838,2,0.118,1.0,0.55,0.293,0.057,0.025,0.057,0.85
839,,0.068,0.95,0.5,0.243,0.007,-0.025,0.007,0.8
840,6,0.05,0.925,0.482,0.243,0.025,1.0,0.025,0.8
841,,0.0,0.875,0.432,0.193,-0.025,0.95,-0.025,0.75
842,7,0.0,0.857,0.407,0.175,-0.025,0.968,1.0,0.768
843,5,-0.025,0.839,0.407,0.193,1.0,0.986,1.0,0.75
844,1,1.0,0.857,0.407,0.175,0.975,0.968,1.0,0.768
845,,0.95,0.807,0.357,0.125,0.925,0.918,0.95,0.718
846,,0.9,0.757,0.307,0.075,0.875,0.868,0.9,0.668
847,,0.85,0.707,0.257,0.025,0.825,0.818,0.85,0.618
848,,0.8,0.657,0.207,-0.025,0.775,0.768,0.8,0.568
849,4,0.782,0.657,0.225,1.0,0.793,0.768,0.782,0.543
850,,0.732,0.607,0.175,0.95,0.743,0.718,0.732,0.493
851,,0.682,0.557,0.125,0.9,0.693,0.668,0.682,0.443
852,,0.632,0.507,0.075,0.85,0.643,0.618,0.632,0.393
853,,0.582,0.457,0.025,0.8,0.593,0.568,0.582,0.343
854,,0.532,0.407,-0.025,0.75,0.543,0.518,0.532,0.293
855,3,0.532,0.425,1.0,0.768,0.543,0.5,0.507,0.275
856,,0.482,0.375,0.95,0.718,0.493,0.45,0.457,0.225
857,,0.432,0.325,0.9,0.668,0.443,0.4,0.407,0.175
858,,0.382,0.275,0.85,0.618,0.393,0.35,0.357,0.125
859,,0.332,0.225,0.8,0.568,0.343,0.3,0.307,0.075
860,,0.282,0.175,0.75,0.518,0.293,0.25,0.257,0.025
861,,0.232,0.125,0.7,0.468,0.243,0.2,0.207,-0.025
862,8,0.25,0.125,0.682,0.443,0.225,0.2,0.225,1.0
863,,0.2,0.075,0.632,0.393,0.175,0.15,0.175,0.95
864,,0.15,0.025,0.582,0.343,0.125,0.1,0.125,0.9
865,,0.1,-0.025,0.532,0.293,0.075,0.05,0.075,0.85
866,2,0.118,1.0,0.55,0.293,0.057,0.025,0.057,0.85
867,,0.068,0.95,0.5,0.243,0.007,-0.025,0.007,0.8
868,6,0.05,0.925,0.482,0.243,0.025,1.0,0.025,0.8
869,,0.0,0.875,0.432,0.193,-0.025,0.95,-0.025,0.75
870,5,-0.025,0.857,0.432,0.211,1.0,0.968,-0.025,0.732
871,1,1.0,0.875,0.432,0.193,0.975,0.95,-0.025,0.75
872,7,1.0,0.857,0.407,0.175,0.975,0.968,1.0,0.768
873,,0.95,0.807,0.357,0.125,0.925,0.918,0.95,0.718
874,,0.9,0.757,0.307,0.075,0.875,0.868,0.9,0.668
875,,0.85,0.707,0.257,0.025,0.825,0.818,0.85,0.618
876,,0.8,0.657,0.207,-0.025,0.775,0.768,0.8,0.568
877,4,0.782,0.657,0.225,1.0,0.793,0.768,0.782,0.543
878,,0.732,0.607,0.175,0.95,0.743,0.718,0.732,0.493
879,,0.682,0.557,0.125,0.9,0.693,0.668,0.682,0.443
880,,0.632,0.507,0.075,0.85,0.643,0.618,0.632,0.393
881,,0.582,0.457,0.025,0.8,0.593,0.568,0.582,0.343
882,,0.532,0.407,-0.025,0.75,0.543,0.518,0.532,0.293
883,3,0.532,0.425,1.0,0.768,0.543,0.5,0.507,0.275
884,,0.482,0.375,0.95,0.718,0.493,0.45,0.457,0.225
885,,0.432,0.325,0.9,0.668,0.443,0.4,0.407,0.175
886,,0.382,0.275,0.85,0.618,0.393,0.35,0.357,0.125
887,,0.332,0.225,0.8,0.568,0.343,0.3,0.307,0.075
888,,0.282,0.175,0.75,0.518,0.293,0.25,0.257,0.025
889,,0.232,0.125,0.7,0.468,0.243,0.2,0.207,-0.025
890,8,0.25,0.125,0.682,0.443,0.225,0.2,0.225,1.0
891,,0.2,0.075,0.632,0.393,0.175,0.15,0.175,0.95
892,,0.15,0.025,0.582,0.343,0.125,0.1,0.125,0.9
893,,0.1,-0.025,0.532,0.293,0.075,0.05,0.075,0.85
894,2,0.118,1.0,0.55,0.293,0.057,0.025,0.057,0.85
895,,0.068,0.95,0.5,0.243,0.007,-0.025,0.007,0.8
896,6,0.05,0.925,0.482,0.243,0.025,1.0,0.025,0.8
897,,0.0,0.875,0.432,0.193,-0.025,0.95,-0.025,0.75
898,5,-0.025,0.857,0.432,0.211,1.0,0.968,-0.025,0.732
899,1,1.0,0.875,0.432,0.193,0.975,0.95,-0.025,0.75
900,7,1.0,0.857,0.407,0.175,0.975,0.968,1.0,0.768
901,,0.95,0.807,0.357,0.125,0.925,0.918,0.95,0.718
902,,0.9,0.757,0.307,0.075,0.875,0.868,0.9,0.668
903,,0.85,0.707,0.257,0.025,0.825,0.818,0.85,0.618
904,,0.8,0.657,0.207,-0.025,0.775,0.768,0.8,0.568
905,4,0.782,0.657,0.225,1.0,0.793,0.768,0.782,0.543
906,,0.732,0.607,0.175,0.95,0.743,0.718,0.732,0.493
907,,0.682,0.557,0.125,0.9,0.693,0.668,0.682,0.443
908,,0.632,0.507,0.075,0.85,0.643,0.618,0.632,0.393
909,,0.582,0.457,0.025,0.8,0.593,0.568,0.582,0.343
910,,0.532,0.407,-0.025,0.75,0.543,0.518,0.532,0.293
911,3,0.532,0.425,1.0,0.768,0.543,0.5,0.507,0.275
912,,0.482,0.375,0.95,0.718,0.493,0.45,0.457,0.225
913,,0.432,0.325,0.9,0.668,0.443,0.4,0.407,0.175
914,,0.382,0.275,0.85,0.618,0.393,0.35,0.357,0.125
915,,0.332,0.225,0.8,0.568,0.343,0.3,0.307,0.075
916,,0.282,0.175,0.75,0.518,0.293,0.25,0.257,0.025
917,,0.232,0.125,0.7,0.468,0.243,0.2,0.207,-0.025
918,8,0.25,0.125,0.682,0.443,0.225,0.2,0.225,1.0
919,,0.2,0.075,0.632,0.393,0.175,0.15,0.175,0.95
920,,0.15,0.025,0.582,0.343,0.125,0.1,0.125,0.9
921,,0.1,-0.025,0.532,0.293,0.075,0.05,0.075,0.85
922,2,0.118,1.0,0.55,0.293,0.057,0.025,0.057,0.85
923,,0.068,0.95,0.5,0.243,0.007,-0.025,0.007,0.8
924,6,0.05,0.925,0.482,0.243,0.025,1.0,0.025,0.8
925,,0.0,0.875,0.432,0.193,-0.025,0.95,-0.025,0.75
926,5,-0.025,0.857,0.432,0.211,1.0,0.968,-0.025,0.732
927,1,1.0,0.875,0.432,0.193,0.975,0.95,-0.025,0.75
928,7,1.0,0.857,0.407,0.175,0.975,0.968,1.0,0.768
929,,0.95,0.807,0.357,0.125,0.925,0.918,0.95,0.718
930,,0.9,0.757,0.307,0.075,0.875,0.868,0.9,0.668
931,,0.85,0.707,0.257,0.025,0.825,0.818,0.85,0.618
932,,0.8,0.657,0.207,-0.025,0.775,0.768,0.8,0.568
933,4,0.782,0.657,0.225,1.0,0.793,0.768,0.782,0.543
934,,0.732,0.607,0.175,0.95,0.743,0.718,0.732,0.493
935,,0.682,0.557,0.125,0.9,0.693,0.668,0.682,0.443
936,,0.632,0.507,0.075,0.85,0.643,0.618,0.632,0.393
937,,0.582,0.457,0.025,0.8,0.593,0.568,0.582,0.343
938,,0.532,0.407,-0.025,0.75,0.543,0.518,0.532,0.293
939,3,0.532,0.425,1.0,0.768,0.543,0.5,0.507,0.275
940,,0.482,0.375,0.95,0.718,0.493,0.45,0.457,0.225
941,,0.432,0.325,0.9,0.668,0.443,0.4,0.407,0.175
942,,0.382,0.275,0.85,0.618,0.393,0.35,0.357,0.125
943,,0.332,0.225,0.8,0.568,0.343,0.3,0.307,0.075
944,,0.282,0.175,0.75,0.518,0.293,0.25,0.257,0.025
945,,0.232,0.125,0.7,0.468,0.243,0.2,0.207,-0.025
946,8,0.25,0.125,0.682,0.443,0.225,0.2,0.225,1.0
947,,0.2,0.075,0.632,0.393,0.175,0.15,0.175,0.95
948,,0.15,0.025,0.582,0.343,0.125,0.1,0.125,0.9
949,,0.1,-0.025,0.532,0.293,0.075,0.05,0.075,0.85
950,2,0.118,1.0,0.55,0.293,0.057,0.025,0.057,0.85
951,,0.068,0.95,0.5,0.243,0.007,-0.025,0.007,0.8
952,6,0.05,0.925,0.482,0.243,0.025,1.0,0.025,0.8
953,,0.0,0.875,0.432,0.193,-0.025,0.95,-0.025,0.75
954,5,-0.025,0.857,0.432,0.211,1.0,0.968,-0.025,0.732
955,1,1.0,0.875,0.432,0.193,0.975,0.95,-0.025,0.75
956,7,1.0,0.857,0.407,0.175,0.975,0.968,1.0,0.768
957,,0.95,0.807,0.357,0.125,0.925,0.918,0.95,0.718
958,,0.9,0.757,0.307,0.075,0.875,0.868,0.9,0.668
959,,0.85,0.707,0.257,0.025,0.825,0.818,0.85,0.618
960,,0.8,0.657,0.207,-0.025,0.775,0.768,0.8,0.568
961,4,0.782,0.657,0.225,1.0,0.793,0.768,0.782,0.543
962,,0.732,0.607,0.175,0.95,0.743,0.718,0.732,0.493
963,,0.682,0.557,0.125,0.9,0.693,0.668,0.682,0.443
964,,0.632,0.507,0.075,0.85,0.643,0.618,0.632,0.393
965,,0.582,0.457,0.025,0.8,0.593,0.568,0.582,0.343
966,,0.532,0.407,-0.025,0.75,0.543,0.518,0.532,0.293
967,3,0.532,0.425,1.0,0.768,0.543,0.5,0.507,0.275
968,,0.482,0.375,0.95,0.718,0.493,0.45,0.457,0.225
969,,0.432,0.325,0.9,0.668,0.443,0.4,0.407,0.175
970,,0.382,0.275,0.85,0.618,0.393,0.35,0.357,0.125
971,,0.332,0.225,0.8,0.568,0.343,0.3,0.307,0.075
972,,0.282,0.175,0.75,0.518,0.293,0.25,0.257,0.025
973,,0.232,0.125,0.7,0.468,0.243,0.2,0.207,-0.025
974,8,0.25,0.125,0.682,0.443,0.225,0.2,0.225,1.0
975,,0.2,0.075,0.632,0.393,0.175,0.15,0.175,0.95
976,,0.15,0.025,0.582,0.343,0.125,0.1,0.125,0.9
977,,0.1,-0.025,0.532,0.293,0.075,0.05,0.075,0.85
978,2,0.118,1.0,0.55,0.293,0.057,0.025,0.057,0.85
979,,0.068,0.95,0.5,0.243,0.007,-0.025,0.007,0.8
980,6,0.05,0.925,0.482,0.243,0.025,1.0,0.025,0.8
981,,0.0,0.875,0.432,0.193,-0.025,0.95,-0.025,0.75
982,7,0.0,0.857,0.407,0.175,-0.025,0.968,1.0,0.768
983,5,-0.025,0.839,0.407,0.193,1.0,0.986,1.0,0.75
984,1,1.0,0.857,0.407,0.175,0.975,0.968,1.0,0.768
985,,0.95,0.807,0.357,0.125,0.925,0.918,0.95,0.718
986,,0.9,0.757,0.307,0.075,0.875,0.868,0.9,0.668
987,,0.85,0.707,0.257,0.025,0.825,0.818,0.85,0.618
988,,0.8,0.657,0.207,-0.025,0.775,0.768,0.8,0.568
989,4,0.782,0.657,0.225,1.0,0.793,0.768,0.782,0.543
990,,0.732,0.607,0.175,0.95,0.743,0.718,0.732,0.493
991,,0.682,0.557,0.125,0.9,0.693,0.668,0.682,0.443
992,,0.632,0.507,0.075,0.85,0.643,0.618,0.632,0.393
993,,0.582,0.457,0.025,0.8,0.593,0.568,0.582,0.343
994,,0.532,0.407,-0.025,0.75,0.543,0.518,0.532,0.293
995,3,0.532,0.425,1.0,0.768,0.543,0.5,0.507,0.275
996,,0.482,0.375,0.95,0.718,0.493,0.45,0.457,0.225
997,,0.432,0.325,0.9,0.668,0.443,0.4,0.407,0.175
998,,0.382,0.275,0.85,0.618,0.393,0.35,0.357,0.125
999,,0.332,0.225,0.8,0.568,0.343,0.3,0.307,0.075
1000,,0.282,0.175,0.75,0.518,0.293,0.25,0.257,0.025
1001,,0.232,0.125,0.7,0.468,0.243,0.2,0.207,-0.025
1002,8,0.25,0.125,0.682,0.443,0.225,0.2,0.225,1.0
1003,,0.2,0.075,0.632,0.393,0.175,0.15,0.175,0.95
1004,,0.15,0.025,0.582,0.343,0.125,0.1,0.125,0.9
1005,,0.1,-0.025,0.532,0.293,0.075,0.05,0.075,0.85
1006,2,0.118,1.0,0.55,0.293,0.057,0.025,0.057,0.85
1007,,0.068,0.95,0.5,0.243,0.007,-0.025,0.007,0.8
1008,6,0.05,0.925,0.482,0.243,0.025,1.0,0.025,0.8
1009,,0.0,0.875,0.432,0.193,-0.025,0.95,-0.025,0.75
1010,7,0.0,0.857,0.407,0.175,-0.025,0.968,1.0,0.768
1011,5,-0.025,0.839,0.407,0.193,1.0,0.986,1.0,0.75
1012,1,1.0,0.857,0.407,0.175,0.975,0.968,1.0,0.768
1013,,0.95,0.807,0.357,0.125,0.925,0.918,0.95,0.718
1014,,0.9,0.757,0.307,0.075,0.875,0.868,0.9,0.668
1015,,0.85,0.707,0.257,0.025,0.825,0.818,0.85,0.618
1016,,0.8,0.657,0.207,-0.025,0.775,0.768,0.8,0.568
1017,4,0.782,0.657,0.225,1.0,0.793,0.768,0.782,0.543
1018,,0.732,0.607,0.175,0.95,0.743,0.718,0.732,0.493
1019,,0.682,0.557,0.125,0.9,0.693,0.668,0.682,0.443
1020,,0.632,0.507,0.075,0.85,0.643,0.618,0.632,0.393
1021,,0.582,0.457,0.025,0.8,0.593,0.568,0.582,0.343
1022,,0.532,0.407,-0.025,0.75,0.543,0.518,0.532,0.293
1023,3,0.532,0.425,1.0,0.768,0.543,0.5,0.507,0.275
1024,,0.482,0.375,0.95,0.718,0.493,0.45,0.457,0.225
1025,,0.432,0.325,0.9,0.668,0.443,0.4,0.407,0.175
1026,,0.382,0.275,0.85,0.618,0.393,0.35,0.357,0.125
1027,,0.332,0.225,0.8,0.568,0.343,0.3,0.307,0.075
1028,,0.282,0.175,0.75,0.518,0.293,0.25,0.257,0.025
1029,,0.232,0.125,0.7,0.468,0.243,0.2,0.207,-0.025
1030,8,0.25,0.125,0.682,0.443,0.225,0.2,0.225,1.0
1031,,0.2,0.075,0.632,0.393,0.175,0.15,0.175,0.95
1032,,0.15,0.025,0.582,0.343,0.125,0.1,0.125,0.9
1033,,0.1,-0.025,0.532,0.293,0.075,0.05,0.075,0.85
1034,2,0.118,1.0,0.55,0.293,0.057,0.025,0.057,0.85
1035,,0.068,0.95,0.5,0.243,0.007,-0.025,0.007,0.8
1036,6,0.05,0.925,0.482,0.243,0.025,1.0,0.025,0.8
1037,,0.0,0.875,0.432,0.193,-0.025,0.95,-0.025,0.75
1038,5,-0.025,0.857,0.432,0.211,1.0,0.968,-0.025,0.732
1039,7,-0.025,0.839,0.407,0.193,1.0,0.986,1.0,0.75
1040,1,1.0,0.857,0.407,0.175,0.975,0.968,1.0,0.768
1041,,0.95,0.807,0.357,0.125,0.925,0.918,0.95,0.718
1042,,0.9,0.757,0.307,0.075,0.875,0.868,0.9,0.668
1043,,0.85,0.707,0.257,0.025,0.825,0.818,0.85,0.618
1044,,0.8,0.657,0.207,-0.025,0.775,0.768,0.8,0.568
1045,4,0.782,0.657,0.225,1.0,0.793,0.768,0.782,0.543
1046,,0.732,0.607,0.175,0.95,0.743,0.718,0.732,0.493
1047,,0.682,0.557,0.125,0.9,0.693,0.668,0.682,0.443
1048,,0.632,0.507,0.075,0.85,0.643,0.618,0.632,0.393
1049,,0.582,0.457,0.025,0.8,0.593,0.568,0.582,0.343
1050,,0.532,0.407,-0.025,0.75,0.543,0.518,0.532,0.293
1051,3,0.532,0.425,1.0,0.768,0.543,0.5,0.507,0.275
1052,,0.482,0.375,0.95,0.718,0.493,0.45,0.457,0.225
1053,,0.432,0.325,0.9,0.668,0.443,0.4,0.407,0.175
1054,,0.382,0.275,0.85,0.618,0.393,0.35,0.357,0.125
1055,,0.332,0.225,0.8,0.568,0.343,0.3,0.307,0.075
1056,,0.282,0.175,0.75,0.518,0.293,0.25,0.257,0.025
1057,,0.232,0.125,0.7,0.468,0.243,0.2,0.207,-0.025
1058,8,0.25,0.125,0.682,0.443,0.225,0.2,0.225,1.0
1059,,0.2,0.075,0.632,0.393,0.175,0.15,0.175,0.95
1060,,0.15,0.025,0.582,0.343,0.125,0.1,0.125,0.9
1061,,0.1,-0.025,0.532,0.293,0.075,0.05,0.075,0.85
1062,2,0.118,1.0,0.55,0.293,0.057,0.025,0.057,0.85
1063,,0.068,0.95,0.5,0.243,0.007,-0.025,0.007,0.8
1064,6,0.05,0.925,0.482,0.243,0.025,1.0,0.025,0.8
1065,,0.0,0.875,0.432,0.193,-0.025,0.95,-0.025,0.75
1066,7,0.0,0.857,0.407,0.175,-0.025,0.968,1.0,0.768
1067,5,-0.025,0.839,0.407,0.193,1.0,0.986,1.0,0.75
1068,1,1.0,0.857,0.407,0.175,0.975,0.968,1.0,0.768
1069,,0.95,0.807,0.357,0.125,0.925,0.918,0.95,0.718
1070,,0.9,0.757,0.307,0.075,0.875,0.868,0.9,0.668
1071,,0.85,0.707,0.257,0.025,0.825,0.818,0.85,0.618
1072,,0.8,0.657,0.207,-0.025,0.775,0.768,0.8,0.568
1073,4,0.782,0.657,0.225,1.0,0.793,0.768,0.782,0.543
1074,,0.732,0.607,0.175,0.95,0.743,0.718,0.732,0.493
1075,,0.682,0.557,0.125,0.9,0.693,0.668,0.682,0.443
1076,,0.632,0.507,0.075,0.85,0.643,0.618,0.632,0.393
1077,,0.582,0.457,0.025,0.8,0.593,0.568,0.582,0.343
1078,,0.532,0.407,-0.025,0.75,0.543,0.518,0.532,0.293
1079,3,0.532,0.425,1.0,0.768,0.543,0.5,0.507,0.275
1080,,0.482,0.375,0.95,0.718,0.493,0.45,0.457,0.225
1081,,0.432,0.325,0.9,0.668,0.443,0.4,0.407,0.175
1082,,0.382,0.275,0.85,0.618,0.393,0.35,0.357,0.125
1083,,0.332,0.225,0.8,0.568,0.343,0.3,0.307,0.075
1084,,0.282,0.175,0.75,0.518,0.293,0.25,0.257,0.025
1085,,0.232,0.125,0.7,0.468,0.243,0.2,0.207,-0.025
1086,8,0.25,0.125,0.682,0.443,0.225,0.2,0.225,1.0
1087,,0.2,0.075,0.632,0.393,0.175,0.15,0.175,0.95
1088,,0.15,0.025,0.582,0.343,0.125,0.1,0.125,0.9
1089,,0.1,-0.025,0.532,0.293,0.075,0.05,0.075,0.85
1090,2,0.118,1.0,0.55,0.293,0.057,0.025,0.057,0.85
1091,,0.068,0.95,0.5,0.243,0.007,-0.025,0.007,0.8
1092,6,0.05,0.925,0.482,0.243,0.025,1.0,0.025,0.8
1093,,0.0,0.875,0.432,0.193,-0.025,0.95,-0.025,0.75
1094,7,0.0,0.857,0.407,0.175,-0.025,0.968,1.0,0.768
1095,5,-0.025,0.839,0.407,0.193,1.0,0.986,1.0,0.75
1096,1,1.0,0.857,0.407,0.175,0.975,0.968,1.0,0.768
1097,,0.95,0.807,0.357,0.125,0.925,0.918,0.95,0.718
1098,,0.9,0.757,0.307,0.075,0.875,0.868,0.9,0.668
1099,,0.85,0.707,0.257,0.025,0.825,0.818,0.85,0.618
1100,,0.8,0.657,0.207,-0.025,0.775,0.768,0.8,0.568
1101,4,0.782,0.657,0.225,1.0,0.793,0.768,0.782,0.543
1102,,0.732,0.607,0.175,0.95,0.743,0.718,0.732,0.493
1103,,0.682,0.557,0.125,0.9,0.693,0.668,0.682,0.443
1104,,0.632,0.507,0.075,0.85,0.643,0.618,0.632,0.393
1105,,0.582,0.457,0.025,0.8,0.593,0.568,0.582,0.343
1106,,0.532,0.407,-0.025,0.75,0.543,0.518,0.532,0.293
1107,3,0.532,0.425,1.0,0.768,0.543,0.5,0.507,0.275
1108,,0.482,0.375,0.95,0.718,0.493,0.45,0.457,0.225
1109,,0.432,0.325,0.9,0.668,0.443,0.4,0.407,0.175
1110,,0.382,0.275,0.85,0.618,0.393,0.35,0.357,0.125
1111,,0.332,0.225,0.8,0.568,0.343,0.3,0.307,0.075
1112,,0.282,0.175,0.75,0.518,0.293,0.25,0.257,0.025
1113,,0.232,0.125,0.7,0.468,0.243,0.2,0.207,-0.025
1114,8,0.25,0.125,0.682,0.443,0.225,0.2,0.225,1.0
1115,,0.2,0.075,0.632,0.393,0.175,0.15,0.175,0.95
1116,,0.15,0.025,0.582,0.343,0.125,0.1,0.125,0.9
1117,,0.1,-0.025,0.532,0.293,0.075,0.05,0.075,0.85
1118,2,0.118,1.0,0.55,0.293,0.057,0.025,0.057,0.85
1119,,0.068,0.95,0.5,0.243,0.007,-0.025,0.007,0.8
1120,6,0.05,0.925,0.482,0.243,0.025,1.0,0.025,0.8
1121,,0.0,0.875,0.432,0.193,-0.025,0.95,-0.025,0.75
1122,7,0.0,0.857,0.407,0.175,-0.025,0.968,1.0,0.768
1123,5,-0.025,0.839,0.407,0.193,1.0,0.986,1.0,0.75
1124,1,1.0,0.857,0.407,0.175,0.975,0.968,1.0,0.768
1125,,0.95,0.807,0.357,0.125,0.925,0.918,0.95,0.718
1126,,0.9,0.757,0.307,0.075,0.875,0.868,0.9,0.668
1127,,0.85,0.707,0.257,0.025,0.825,0.818,0.85,0.618
1128,,0.8,0.657,0.207,-0.025,0.775,0.768,0.8,0.568
1129,4,0.782,0.657,0.225,1.0,0.793,0.768,0.782,0.543
1130,,0.732,0.607,0.175,0.95,0.743,0.718,0.732,0.493
1131,,0.682,0.557,0.125,0.9,0.693,0.668,0.682,0.443
1132,,0.632,0.507,0.075,0.85,0.643,0.618,0.632,0.393
1133,,0.582,0.457,0.025,0.8,0.593,0.568,0.582,0.343
1134,,0.532,0.407,-0.025,0.75,0.543,0.518,0.532,0.293
1135,3,0.532,0.425,1.0,0.768,0.543,0.5,0.507,0.275
1136,,0.482,0.375,0.95,0.718,0.493,0.45,0.457,0.225
1137,,0.432,0.325,0.9,0.668,0.443,0.4,0.407,0.175
1138,,0.382,0.275,0.85,0.618,0.393,0.35,0.357,0.125
1139,,0.332,0.225,0.8,0.568,0.343,0.3,0.307,0.075
1140,,0.282,0.175,0.75,0.518,0.293,0.25,0.257,0.025
1141,,0.232,0.125,0.7,0.468,0.243,0.2,0.207,-0.025
1142,8,0.25,0.125,0.682,0.443,0.225,0.2,0.225,1.0
1143,,0.2,0.075,0.632,0.393,0.175,0.15,0.175,0.95
1144,,0.15,0.025,0.582,0.343,0.125,0.1,0.125,0.9
1145,,0.1,-0.025,0.532,0.293,0.075,0.05,0.075,0.85
1146,2,0.118,1.0,0.55,0.293,0.057,0.025,0.057,0.85
1147,,0.068,0.95,0.5,0.243,0.007,-0.025,0.007,0.8
1148,6,0.05,0.925,0.482,0.243,0.025,1.0,0.025,0.8
1149,,0.0,0.875,0.432,0.193,-0.025,0.95,-0.025,0.75
1150,5,-0.025,0.857,0.432,0.211,1.0,0.968,-0.025,0.732
1151,7,-0.025,0.839,0.407,0.193,1.0,0.986,1.0,0.75
1152,1,1.0,0.857,0.407,0.175,0.975,0.968,1.0,0.768
1153,,0.95,0.807,0.357,0.125,0.925,0.918,0.95,0.718
1154,,0.9,0.757,0.307,0.075,0.875,0.868,0.9,0.668
1155,,0.85,0.707,0.257,0.025,0.825,0.818,0.85,0.618
1156,,0.8,0.657,0.207,-0.025,0.775,0.768,0.8,0.568
1157,4,0.782,0.657,0.225,1.0,0.793,0.768,0.782,0.543
1158,,0.732,0.607,0.175,0.95,0.743,0.718,0.732,0.493
1159,,0.682,0.557,0.125,0.9,0.693,0.668,0.682,0.443
1160,,0.632,0.507,0.075,0.85,0.643,0.618,0.632,0.393
1161,,0.582,0.457,0.025,0.8,0.593,0.568,0.582,0.343
1162,,0.532,0.407,-0.025,0.75,0.543,0.518,0.532,0.293
1163,3,0.532,0.425,1.0,0.768,0.543,0.5,0.507,0.275
1164,,0.482,0.375,0.95,0.718,0.493,0.45,0.457,0.225
1165,,0.432,0.325,0.9,0.668,0.443,0.4,0.407,0.175
1166,,0.382,0.275,0.85,0.618,0.393,0.35,0.357,0.125
1167,,0.332,0.225,0.8,0.568,0.343,0.3,0.307,0.075
1168,,0.282,0.175,0.75,0.518,0.293,0.25,0.257,0.025
1169,,0.232,0.125,0.7,0.468,0.243,0.2,0.207,-0.025
1170,8,0.25,0.125,0.682,0.443,0.225,0.2,0.225,1.0
1171,,0.2,0.075,0.632,0.393,0.175,0.15,0.175,0.95
1172,,0.15,0.025,0.582,0.343,0.125,0.1,0.125,0.9
1173,,0.1,-0.025,0.532,0.293,0.075,0.05,0.075,0.85
1174,2,0.118,1.0,0.55,0.293,0.057,0.025,0.057,0.85
1175,,0.068,0.95,0.5,0.243,0.007,-0.025,0.007,0.8
1176,6,0.05,0.925,0.482,0.243,0.025,1.0,0.025,0.8
1177,,0.0,0.875,0.432,0.193,-0.025,0.95,-0.025,0.75
1178,5,-0.025,0.857,0.432,0.211,1.0,0.968,-0.025,0.732
1179,7,-0.025,0.839,0.407,0.193,1.0,0.986,1.0,0.75
1180,1,1.0,0.857,0.407,0.175,0.975,0.968,1.0,0.768
1181,,0.95,0.807,0.357,0.125,0.925,0.918,0.95,0.718
1182,,0.9,0.757,0.307,0.075,0.875,0.868,0.9,0.668
1183,,0.85,0.707,0.257,0.025,0.825,0.818,0.85,0.618
1184,,0.8,0.657,0.207,-0.025,0.775,0.768,0.8,0.568
1185,4,0.782,0.657,0.225,1.0,0.793,0.768,0.782,0.543
1186,,0.732,0.607,0.175,0.95,0.743,0.718,0.732,0.493
1187,,0.682,0.557,0.125,0.9,0.693,0.668,0.682,0.443
1188,,0.632,0.507,0.075,0.85,0.643,0.618,0.632,0.393
1189,,0.582,0.457,0.025,0.8,0.593,0.568,0.582,0.343
1190,,0.532,0.407,-0.025,0.75,0.543,0.518,0.532,0.293
1191,3,0.532,0.425,1.0,0.768,0.543,0.5,0.507,0.275
1192,,0.482,0.375,0.95,0.718,0.493,0.45,0.457,0.225
1193,,0.432,0.325,0.9,0.668,0.443,0.4,0.407,0.175
1194,,0.382,0.275,0.85,0.618,0.393,0.35,0.357,0.125
1195,,0.332,0.225,0.8,0.568,0.343,0.3,0.307,0.075
1196,,0.282,0.175,0.75,0.518,0.293,0.25,0.257,0.025
1197,,0.232,0.125,0.7,0.468,0.243,0.2,0.207,-0.025
1198,8,0.25,0.125,0.682,0.443,0.225,0.2,0.225,1.0
1199,,0.2,0.075,0.632,0.393,0.175,0.15,0.175,0.95
1200,,0.15,0.025,0.582,0.343,0.125,0.1,0.125,0.9
1201,,0.1,-0.025,0.532,0.293,0.075,0.05,0.075,0.85
1202,2,0.118,1.0,0.55,0.293,0.057,0.025,0.057,0.85
1203,,0.068,0.95,0.5,0.243,0.007,-0.025,0.007,0.8
1204,6,0.05,0.925,0.482,0.243,0.025,1.0,0.025,0.8
1205,,0.0,0.875,0.432,0.193,-0.025,0.95,-0.025,0.75
1206,7,0.0,0.857,0.407,0.175,-0.025,0.968,1.0,0.768
1207,5,-0.025,0.839,0.407,0.193,1.0,0.986,1.0,0.75
1208,1,1.0,0.857,0.407,0.175,0.975,0.968,1.0,0.768
1209,,0.95,0.807,0.357,0.125,0.925,0.918,0.95,0.718
1210,,0.9,0.757,0.307,0.075,0.875,0.868,0.9,0.668
1211,,0.85,0.707,0.257,0.025,0.825,0.818,0.85,0.618
1212,,0.8,0.657,0.207,-0.025,0.775,0.768,0.8,0.568
1213,4,0.782,0.657,0.225,1.0,0.793,0.768,0.782,0.543
1214,,0.732,0.607,0.175,0.95,0.743,0.718,0.732,0.493
1215,,0.682,0.557,0.125,0.9,0.693,0.668,0.682,0.443
1216,,0.632,0.507,0.075,0.85,0.643,0.618,0.632,0.393
1217,,0.582,0.457,0.025,0.8,0.593,0.568,0.582,0.343
1218,,0.532,0.407,-0.025,0.75,0.543,0.518,0.532,0.293
1219,3,0.532,0.425,1.0,0.768,0.543,0.5,0.507,0.275
1220,,0.482,0.375,0.95,0.718,0.493,0.45,0.457,0.225
1221,,0.432,0.325,0.9,0.668,0.443,0.4,0.407,0.175
1222,,0.382,0.275,0.85,0.618,0.393,0.35,0.357,0.125
1223,,0.332,0.225,0.8,0.568,0.343,0.3,0.307,0.075
1224,,0.282,0.175,0.75,0.518,0.293,0.25,0.257,0.025
1225,,0.232,0.125,0.7,0.468,0.243,0.2,0.207,-0.025
1226,8,0.25,0.125,0.682,0.443,0.225,0.2,0.225,1.0
1227,,0.2,0.075,0.632,0.393,0.175,0.15,0.175,0.95
1228,,0.15,0.025,0.582,0.343,0.125,0.1,0.125,0.9
1229,,0.1,-0.025,0.532,0.293,0.075,0.05,0.075,0.85
1230,2,0.118,1.0,0.55,0.293,0.057,0.025,0.057,0.85
1231,,0.068,0.95,0.5,0.243,0.007,-0.025,0.007,0.8
1232,6,0.05,0.925,0.482,0.243,0.025,1.0,0.025,0.8
1233,,0.0,0.875,0.432,0.193,-0.025,0.95,-0.025,0.75
1234,7,0.0,0.857,0.407,0.175,-0.025,0.968,1.0,0.768
1235,5,-0.025,0.839,0.407,0.193,1.0,0.986,1.0,0.75
1236,1,1.0,0.857,0.407,0.175,0.975,0.968,1.0,0.768
1237,,0.95,0.807,0.357,0.125,0.925,0.918,0.95,0.718
1238,,0.9,0.757,0.307,0.075,0.875,0.868,0.9,0.668
1239,,0.85,0.707,0.257,0.025,0.825,0.818,0.85,0.618
1240,,0.8,0.657,0.207,-0.025,0.775,0.768,0.8,0.568
1241,4,0.782,0.657,0.225,1.0,0.793,0.768,0.782,0.543
1242,,0.732,0.607,0.175,0.95,0.743,0.718,0.732,0.493
1243,,0.682,0.557,0.125,0.9,0.693,0.668,0.682,0.443
1244,,0.632,0.507,0.075,0.85,0.643,0.618,0.632,0.393
1245,,0.582,0.457,0.025,0.8,0.593,0.568,0.582,0.343
1246,,0.532,0.407,-0.025,0.75,0.543,0.518,0.532,0.293
1247,3,0.532,0.425,1.0,0.768,0.543,0.5,0.507,0.275
1248,,0.482,0.375,0.95,0.718,0.493,0.45,0.457,0.225
1249,,0.432,0.325,0.9,0.668,0.443,0.4,0.407,0.175
1250,,0.382,0.275,0.85,0.618,0.393,0.35,0.357,0.125
1251,,0.332,0.225,0.8,0.568,0.343,0.3,0.307,0.075
1252,,0.282,0.175,0.75,0.518,0.293,0.25,0.257,0.025
1253,,0.232,0.125,0.7,0.468,0.243,0.2,0.207,-0.025
1254,8,0.25,0.125,0.682,0.443,0.225,0.2,0.225,1.0
1255,,0.2,0.075,0.632,0.393,0.175,0.15,0.175,0.95
1256,,0.15,0.025,0.582,0.343,0.125,0.1,0.125,0.9
1257,,0.1,-0.025,0.532,0.293,0.075,0.05,0.075,0.85
1258,2,0.118,1.0,0.55,0.293,0.057,0.025,0.057,0.85
1259,,0.068,0.95,0.5,0.243,0.007,-0.025,0.007,0.8
1260,6,0.05,0.925,0.482,0.243,0.025,1.0,0.025,0.8
1261,,0.0,0.875,0.432,0.193,-0.025,0.95,-0.025,0.75
1262,5,-0.025,0.857,0.432,0.211,1.0,0.968,-0.025,0.732
1263,7,-0.025,0.839,0.407,0.193,1.0,0.986,1.0,0.75
1264,1,1.0,0.857,0.407,0.175,0.975,0.968,1.0,0.768
1265,,0.95,0.807,0.357,0.125,0.925,0.918,0.95,0.718
1266,,0.9,0.757,0.307,0.075,0.875,0.868,0.9,0.668
1267,,0.85,0.707,0.257,0.025,0.825,0.818,0.85,0.618
1268,,0.8,0.657,0.207,-0.025,0.775,0.768,0.8,0.568
1269,4,0.782,0.657,0.225,1.0,0.793,0.768,0.782,0.543
1270,,0.732,0.607,0.175,0.95,0.743,0.718,0.732,0.493
1271,,0.682,0.557,0.125,0.9,0.693,0.668,0.682,0.443
1272,,0.632,0.507,0.075,0.85,0.643,0.618,0.632,0.393
1273,,0.582,0.457,0.025,0.8,0.593,0.568,0.582,0.343
1274,,0.532,0.407,-0.025,0.75,0.543,0.518,0.532,0.293
1275,3,0.532,0.425,1.0,0.768,0.543,0.5,0.507,0.275
1276,,0.482,0.375,0.95,0.718,0.493,0.45,0.457,0.225
1277,,0.432,0.325,0.9,0.668,0.443,0.4,0.407,0.175
1278,,0.382,0.275,0.85,0.618,0.393,0.35,0.357,0.125
1279,,0.332,0.225,0.8,0.568,0.343,0.3,0.307,0.075
1280,,0.282,0.175,0.75,0.518,0.293,0.25,0.257,0.025
1281,,0.232,0.125,0.7,0.468,0.243,0.2,0.207,-0.025
1282,8,0.25,0.125,0.682,0.443,0.225,0.2,0.225,1.0
1283,,0.2,0.075,0.632,0.393,0.175,0.15,0.175,0.95
1284,,0.15,0.025,0.582,0.343,0.125,0.1,0.125,0.9
1285,,0.1,-0.025,0.532,0.293,0.075,0.05,0.075,0.85
1286,2,0.118,1.0,0.55,0.293,0.057,0.025,0.057,0.85
1287,,0.068,0.95,0.5,0.243,0.007,-0.025,0.007,0.8
1288,6,0.05,0.925,0.482,0.243,0.025,1.0,0.025,0.8
1289,,0.0,0.875,0.432,0.193,-0.025,0.95,-0.025,0.75
1290,5,-0.025,0.857,0.432,0.211,1.0,0.968,-0.025,0.732
1291,7,-0.025,0.839,0.407,0.193,1.0,0.986,1.0,0.75
1292,1,1.0,0.857,0.407,0.175,0.975,0.968,1.0,0.768
1293,,0.95,0.807,0.357,0.125,0.925,0.918,0.95,0.718
1294,,0.9,0.757,0.307,0.075,0.875,0.868,0.9,0.668
1295,,0.85,0.707,0.257,0.025,0.825,0.818,0.85,0.618
1296,,0.8,0.657,0.207,-0.025,0.775,0.768,0.8,0.568
1297,4,0.782,0.657,0.225,1.0,0.793,0.768,0.782,0.543
1298,,0.732,0.607,0.175,0.95,0.743,0.718,0.732,0.493
1299,,0.682,0.557,0.125,0.9,0.693,0.668,0.682,0.443
1300,,0.632,0.507,0.075,0.85,0.643,0.618,0.632,0.393
1301,,0.582,0.457,0.025,0.8,0.593,0.568,0.582,0.343
1302,,0.532,0.407,-0.025,0.75,0.543,0.518,0.532,0.293
1303,3,0.532,0.425,1.0,0.768,0.543,0.5,0.507,0.275
1304,,0.482,0.375,0.95,0.718,0.493,0.45,0.457,0.225
1305,,0.432,0.325,0.9,0.668,0.443,0.4,0.407,0.175
1306,,0.382,0.275,0.85,0.618,0.393,0.35,0.357,0.125
1307,,0.332,0.225,0.8,0.568,0.343,0.3,0.307,0.075
1308,,0.282,0.175,0.75,0.518,0.293,0.25,0.257,0.025
1309,,0.232,0.125,0.7,0.468,0.243,0.2,0.207,-0.025
1310,8,0.25,0.125,0.682,0.443,0.225,0.2,0.225,1.0
1311,,0.2,0.075,0.632,0.393,0.175,0.15,0.175,0.95
1312,,0.15,0.025,0.582,0.343,0.125,0.1,0.125,0.9
1313,,0.1,-0.025,0.532,0.293,0.075,0.05,0.075,0.85
1314,2,0.118,1.0,0.55,0.293,0.057,0.025,0.057,0.85
1315,,0.068,0.95,0.5,0.243,0.007,-0.025,0.007,0.8
1316,6,0.05,0.925,0.482,0.243,0.025,1.0,0.025,0.8
1317,,0.0,0.875,0.432,0.193,-0.025,0.95,-0.025,0.75
1318,5,-0.025,0.857,0.432,0.211,1.0,0.968,-0.025,0.732
1319,7,-0.025,0.839,0.407,0.193,1.0,0.986,1.0,0.75
1320,1,1.0,0.857,0.407,0.175,0.975,0.968,1.0,0.768
1321,,0.95,0.807,0.357,0.125,0.925,0.918,0.95,0.718
1322,,0.9,0.757,0.307,0.075,0.875,0.868,0.9,0.668
1323,,0.85,0.707,0.257,0.025,0.825,0.818,0.85,0.618
1324,,0.8,0.657,0.207,-0.025,0.775,0.768,0.8,0.568
1325,4,0.782,0.657,0.225,1.0,0.793,0.768,0.782,0.543
1326,,0.732,0.607,0.175,0.95,0.743,0.718,0.732,0.493
1327,,0.682,0.557,0.125,0.9,0.693,0.668,0.682,0.443
1328,,0.632,0.507,0.075,0.85,0.643,0.618,0.632,0.393
1329,,0.582,0.457,0.025,0.8,0.593,0.568,0.582,0.343
1330,,0.532,0.407,-0.025,0.75,0.543,0.518,0.532,0.293
1331,3,0.532,0.425,1.0,0.768,0.543,0.5,0.507,0.275
1332,,0.482,0.375,0.95,0.718,0.493,0.45,0.457,0.225
1333,,0.432,0.325,0.9,0.668,0.443,0.4,0.407,0.175
1334,,0.382,0.275,0.85,0.618,0.393,0.35,0.357,0.125
1335,,0.332,0.225,0.8,0.568,0.343,0.3,0.307,0.075
1336,,0.282,0.175,0.75,0.518,0.293,0.25,0.257,0.025
1337,,0.232,0.125,0.7,0.468,0.243,0.2,0.207,-0.025
1338,8,0.25,0.125,0.682,0.443,0.225,0.2,0.225,1.0
1339,,0.2,0.075,0.632,0.393,0.175,0.15,0.175,0.95
1340,,0.15,0.025,0.582,0.343,0.125,0.1,0.125,0.9
1341,,0.1,-0.025,0.532,0.293,0.075,0.05,0.075,0.85
1342,2,0.118,1.0,0.55,0.293,0.057,0.025,0.057,0.85
1343,,0.068,0.95,0.5,0.243,0.007,-0.025,0.007,0.8
1344,6,0.05,0.925,0.482,0.243,0.025,1.0,0.025,0.8
1345,,0.0,0.875,0.432,0.193,-0.025,0.95,-0.025,0.75
1346,5,-0.025,0.857,0.432,0.211,1.0,0.968,-0.025,0.732
1347,1,1.0,0.875,0.432,0.193,0.975,0.95,-0.025,0.75
1348,7,1.0,0.857,0.407,0.175,0.975,0.968,1.0,0.768
1349,,0.95,0.807,0.357,0.125,0.925,0.918,0.95,0.718
1350,,0.9,0.757,0.307,0.075,0.875,0.868,0.9,0.668
1351,,0.85,0.707,0.257,0.025,0.825,0.818,0.85,0.618
1352,,0.8,0.657,0.207,-0.025,0.775,0.768,0.8,0.568
1353,4,0.782,0.657,0.225,1.0,0.793,0.768,0.782,0.543
1354,,0.732,0.607,0.175,0.95,0.743,0.718,0.732,0.493
1355,,0.682,0.557,0.125,0.9,0.693,0.668,0.682,0.443
1356,,0.632,0.507,0.075,0.85,0.643,0.618,0.632,0.393
1357,,0.582,0.457,0.025,0.8,0.593,0.568,0.582,0.343
1358,,0.532,0.407,-0.025,0.75,0.543,0.518,0.532,0.293
1359,3,0.532,0.425,1.0,0.768,0.543,0.5,0.507,0.275
1360,,0.482,0.375,0.95,0.718,0.493,0.45,0.457,0.225
1361,,0.432,0.325,0.9,0.668,0.443,0.4,0.407,0.175
1362,,0.382,0.275,0.85,0.618,0.393,0.35,0.357,0.125
1363,,0.332,0.225,0.8,0.568,0.343,0.3,0.307,0.075
1364,,0.282,0.175,0.75,0.518,0.293,0.25,0.257,0.025
1365,,0.232,0.125,0.7,0.468,0.243,0.2,0.207,-0.025
1366,8,0.25,0.125,0.682,0.443,0.225,0.2,0.225,1.0
1367,,0.2,0.075,0.632,0.393,0.175,0.15,0.175,0.95
1368,,0.15,0.025,0.582,0.343,0.125,0.1,0.125,0.9
1369,,0.1,-0.025,0.532,0.293,0.075,0.05,0.075,0.85
1370,2,0.118,1.0,0.55,0.293,0.057,0.025,0.057,0.85
1371,,0.068,0.95,0.5,0.243,0.007,-0.025,0.007,0.8
1372,6,0.05,0.925,0.482,0.243,0.025,1.0,0.025,0.8
1373,,0.0,0.875,0.432,0.193,-0.025,0.95,-0.025,0.75
1374,7,0.0,0.857,0.407,0.175,-0.025,0.968,1.0,0.768
1375,5,-0.025,0.839,0.407,0.193,1.0,0.986,1.0,0.75
1376,1,1.0,0.857,0.407,0.175,0.975,0.968,1.0,0.768
1377,,0.95,0.807,0.357,0.125,0.925,0.918,0.95,0.718
1378,,0.9,0.757,0.307,0.075,0.875,0.868,0.9,0.668
1379,,0.85,0.707,0.257,0.025,0.825,0.818,0.85,0.618
1380,,0.8,0.657,0.207,-0.025,0.775,0.768,0.8,0.568
1381,4,0.782,0.657,0.225,1.0,0.793,0.768,0.782,0.543
1382,,0.732,0.607,0.175,0.95,0.743,0.718,0.732,0.493
1383,,0.682,0.557,0.125,0.9,0.693,0.668,0.682,0.443
1384,,0.632,0.507,0.075,0.85,0.643,0.618,0.632,0.393
1385,,0.582,0.457,0.025,0.8,0.593,0.568,0.582,0.343
1386,,0.532,0.407,-0.025,0.75,0.543,0.518,0.532,0.293
1387,3,0.532,0.425,1.0,0.768,0.543,0.5,0.507,0.275
1388,,0.482,0.375,0.95,0.718,0.493,0.45,0.457,0.225
1389,,0.432,0.325,0.9,0.668,0.443,0.4,0.407,0.175
1390,,0.382,0.275,0.85,0.618,0.393,0.35,0.357,0.125
1391,,0.332,0.225,0.8,0.568,0.343,0.3,0.307,0.075
1392,,0.282,0.175,0.75,0.518,0.293,0.25,0.257,0.025
1393,,0.232,0.125,0.7,0.468,0.243,0.2,0.207,-0.025
1394,8,0.25,0.125,0.682,0.443,0.225,0.2,0.225,1.0
1395,,0.2,0.075,0.632,0.393,0.175,0.15,0.175,0.95
1396,,0.15,0.025,0.582,0.343,0.125,0.1,0.125,0.9
1397,,0.1,-0.025,0.532,0.293,0.075,0.05,0.075,0.85
1398,2,0.118,1.0,0.55,0.293,0.057,0.025,0.057,0.85
1399,,0.068,0.95,0.5,0.243,0.007,-0.025,0.007,0.8
1400,6,0.05,0.925,0.482,0.243,0.025,1.0,0.025,0.8
1401,,0.0,0.875,0.432,0.193,-0.025,0.95,-0.025,0.75
1402,5,-0.025,0.857,0.432,0.211,1.0,0.968,-0.025,0.732
1403,7,-0.025,0.839,0.407,0.193,1.0,0.986,1.0,0.75
1404,1,1.0,0.857,0.407,0.175,0.975,0.968,1.0,0.768
1405,,0.95,0.807,0.357,0.125,0.925,0.918,0.95,0.718
1406,,0.9,0.757,0.307,0.075,0.875,0.868,0.9,0.668
1407,,0.85,0.707,0.257,0.025,0.825,0.818,0.85,0.618
1408,,0.8,0.657,0.207,-0.025,0.775,0.768,0.8,0.568
1409,4,0.782,0.657,0.225,1.0,0.793,0.768,0.782,0.543
1410,,0.732,0.607,0.175,0.95,0.743,0.718,0.732,0.493
1411,,0.682,0.557,0.125,0.9,0.693,0.668,0.682,0.443
1412,,0.632,0.507,0.075,0.85,0.643,0.618,0.632,0.393
1413,,0.582,0.457,0.025,0.8,0.593,0.568,0.582,0.343
1414,,0.532,0.407,-0.025,0.75,0.543,0.518,0.532,0.293
1415,3,0.532,0.425,1.0,0.768,0.543,0.5,0.507,0.275
1416,,0.482,0.375,0.95,0.718,0.493,0.45,0.457,0.225
1417,,0.432,0.325,0.9,0.668,0.443,0.4,0.407,0.175
1418,,0.382,0.275,0.85,0.618,0.393,0.35,0.357,0.125
1419,,0.332,0.225,0.8,0.568,0.343,0.3,0.307,0.075
1420,,0.282,0.175,0.75,0.518,0.293,0.25,0.257,0.025
1421,,0.232,0.125,0.7,0.468,0.243,0.2,0.207,-0.025
1422,8,0.25,0.125,0.682,0.443,0.225,0.2,0.225,1.0
1423,,0.2,0.075,0.632,0.393,0.175,0.15,0.175,0.95
1424,,0.15,0.025,0.582,0.343,0.125,0.1,0.125,0.9
1425,,0.1,-0.025,0.532,0.293,0.075,0.05,0.075,0.85
1426,2,0.118,1.0,0.55,0.293,0.057,0.025,0.057,0.85
1427,,0.068,0.95,0.5,0.243,0.007,-0.025,0.007,0.8
1428,6,0.05,0.925,0.482,0.243,0.025,1.0,0.025,0.8
1429,,0.0,0.875,0.432,0.193,-0.025,0.95,-0.025,0.75
1430,7,0.0,0.857,0.407,0.175,-0.025,0.968,1.0,0.768
1431,5,-0.025,0.839,0.407,0.193,1.0,0.986,1.0,0.75
1432,1,1.0,0.857,0.407,0.175,0.975,0.968,1.0,0.768
1433,,0.95,0.807,0.357,0.125,0.925,0.918,0.95,0.718
1434,,0.9,0.757,0.307,0.075,0.875,0.868,0.9,0.668
1435,,0.85,0.707,0.257,0.025,0.825,0.818,0.85,0.618
1436,,0.8,0.657,0.207,-0.025,0.775,0.768,0.8,0.568
1437,4,0.782,0.657,0.225,1.0,0.793,0.768,0.782,0.543
1438,,0.732,0.607,0.175,0.95,0.743,0.718,0.732,0.493
1439,,0.682,0.557,0.125,0.9,0.693,0.668,0.682,0.443
1440,,0.632,0.507,0.075,0.85,0.643,0.618,0.632,0.393
1441,,0.582,0.457,0.025,0.8,0.593,0.568,0.582,0.343
1442,,0.532,0.407,-0.025,0.75,0.543,0.518,0.532,0.293
1443,3,0.532,0.425,1.0,0.768,0.543,0.5,0.507,0.275
1444,,0.482,0.375,0.95,0.718,0.493,0.45,0.457,0.225
1445,,0.432,0.325,0.9,0.668,0.443,0.4,0.407,0.175
1446,,0.382,0.275,0.85,0.618,0.393,0.35,0.357,0.125
1447,,0.332,0.225,0.8,0.568,0.343,0.3,0.307,0.075
1448,,0.282,0.175,0.75,0.518,0.293,0.25,0.257,0.025
1449,,0.232,0.125,0.7,0.468,0.243,0.2,0.207,-0.025
1450,8,0.25,0.125,0.682,0.443,0.225,0.2,0.225,1.0
1451,,0.2,0.075,0.632,0.393,0.175,0.15,0.175,0.95
1452,,0.15,0.025,0.582,0.343,0.125,0.1,0.125,0.9
1453,,0.1,-0.025,0.532,0.293,0.075,0.05,0.075,0.85
1454,2,0.118,1.0,0.55,0.293,0.057,0.025,0.057,0.85
1455,,0.068,0.95,0.5,0.243,0.007,-0.025,0.007,0.8
1456,6,0.05,0.925,0.482,0.243,0.025,1.0,0.025,0.8
1457,,0.0,0.875,0.432,0.193,-0.025,0.95,-0.025,0.75
1458,7,0.0,0.857,0.407,0.175,-0.025,0.968,1.0,0.768
1459,5,-0.025,0.839,0.407,0.193,1.0,0.986,1.0,0.75
1460,1,1.0,0.857,0.407,0.175,0.975,0.968,1.0,0.768
1461,,0.95,0.807,0.357,0.125,0.925,0.918,0.95,0.718
1462,,0.9,0.757,0.307,0.075,0.875,0.868,0.9,0.668
1463,,0.85,0.707,0.257,0.025,0.825,0.818,0.85,0.618
1464,,0.8,0.657,0.207,-0.025,0.775,0.768,0.8,0.568
1465,4,0.782,0.657,0.225,1.0,0.793,0.768,0.782,0.543
1466,,0.732,0.607,0.175,0.95,0.743,0.718,0.732,0.493
1467,,0.682,0.557,0.125,0.9,0.693,0.668,0.682,0.443
1468,,0.632,0.507,0.075,0.85,0.643,0.618,0.632,0.393
1469,,0.582,0.457,0.025,0.8,0.593,0.568,0.582,0.343
1470,,0.532,0.407,-0.025,0.75,0.543,0.518,0.532,0.293
1471,3,0.532,0.425,1.0,0.768,0.543,0.5,0.507,0.275
1472,,0.482,0.375,0.95,0.718,0.493,0.45,0.457,0.225
1473,,0.432,0.325,0.9,0.668,0.443,0.4,0.407,0.175
1474,,0.382,0.275,0.85,0.618,0.393,0.35,0.357,0.125
1475,,0.332,0.225,0.8,0.568,0.343,0.3,0.307,0.075
1476,,0.282,0.175,0.75,0.518,0.293,0.25,0.257,0.025
1477,,0.232,0.125,0.7,0.468,0.243,0.2,0.207,-0.025
1478,8,0.25,0.125,0.682,0.443,0.225,0.2,0.225,1.0
1479,,0.2,0.075,0.632,0.393,0.175,0.15,0.175,0.95
1480,,0.15,0.025,0.582,0.343,0.125,0.1,0.125,0.9
1481,,0.1,-0.025,0.532,0.293,0.075,0.05,0.075,0.85
1482,2,0.118,1.0,0.55,0.293,0.057,0.025,0.057,0.85
1483,,0.068,0.95,0.5,0.243,0.007,-0.025,0.007,0.8
1484,6,0.05,0.925,0.482,0.243,0.025,1.0,0.025,0.8
1485,,0.0,0.875,0.432,0.193,-0.025,0.95,-0.025,0.75
1486,7,0.0,0.857,0.407,0.175,-0.025,0.968,1.0,0.768
1487,5,-0.025,0.839,0.407,0.193,1.0,0.986,1.0,0.75
1488,1,1.0,0.857,0.407,0.175,0.975,0.968,1.0,0.768
1489,,0.95,0.807,0.357,0.125,0.925,0.918,0.95,0.718
1490,,0.9,0.757,0.307,0.075,0.875,0.868,0.9,0.668
1491,,0.85,0.707,0.257,0.025,0.825,0.818,0.85,0.618
1492,,0.8,0.657,0.207,-0.025,0.775,0.768,0.8,0.568
1493,4,0.782,0.657,0.225,1.0,0.793,0.768,0.782,0.543
1494,,0.732,0.607,0.175,0.95,0.743,0.718,0.732,0.493
1495,,0.682,0.557,0.125,0.9,0.693,0.668,0.682,0.443
1496,,0.632,0.507,0.075,0.85,0.643,0.618,0.632,0.393
1497,,0.582,0.457,0.025,0.8,0.593,0.568,0.582,0.343
1498,,0.532,0.407,-0.025,0.75,0.543,0.518,0.532,0.293
1499,3,0.532,0.425,1.0,0.768,0.543,0.5,0.507,0.275
1500,,0.482,0.375,0.95,0.718,0.493,0.45,0.457,0.225
1501,,0.432,0.325,0.9,0.668,0.443,0.4,0.407,0.175
1502,,0.382,0.275,0.85,0.618,0.393,0.35,0.357,0.125
1503,,0.332,0.225,0.8,0.568,0.343,0.3,0.307,0.075
1504,,0.282,0.175,0.75,0.518,0.293,0.25,0.257,0.025
1505,,0.232,0.125,0.7,0.468,0.243,0.2,0.207,-0.025
1506,8,0.25,0.125,0.682,0.443,0.225,0.2,0.225,1.0
1507,,0.2,0.075,0.632,0.393,0.175,0.15,0.175,0.95
1508,,0.15,0.025,0.582,0.343,0.125,0.1,0.125,0.9
1509,,0.1,-0.025,0.532,0.293,0.075,0.05,0.075,0.85
1510,2,0.118,1.0,0.55,0.293,0.057,0.025,0.057,0.85
1511,,0.068,0.95,0.5,0.243,0.007,-0.025,0.007,0.8
1512,6,0.05,0.925,0.482,0.243,0.025,1.0,0.025,0.8
1513,,0.0,0.875,0.432,0.193,-0.025,0.95,-0.025,0.75
1514,7,0.0,0.857,0.407,0.175,-0.025,0.968,1.0,0.768
1515,5,-0.025,0.839,0.407,0.193,1.0,0.986,1.0,0.75
1516,1,1.0,0.857,0.407,0.175,0.975,0.968,1.0,0.768
1517,,0.95,0.807,0.357,0.125,0.925,0.918,0.95,0.718
1518,,0.9,0.757,0.307,0.075,0.875,0.868,0.9,0.668
1519,,0.85,0.707,0.257,0.025,0.825,0.818,0.85,0.618
1520,,0.8,0.657,0.207,-0.025,0.775,0.768,0.8,0.568
1521,4,0.782,0.657,0.225,1.0,0.793,0.768,0.782,0.543
1522,,0.732,0.607,0.175,0.95,0.743,0.718,0.732,0.493
1523,,0.682,0.557,0.125,0.9,0.693,0.668,0.682,0.443
1524,,0.632,0.507,0.075,0.85,0.643,0.618,0.632,0.393
1525,,0.582,0.457,0.025,0.8,0.593,0.568,0.582,0.343
1526,,0.532,0.407,-0.025,0.75,0.543,0.518,0.532,0.293
1527,3,0.532,0.425,1.0,0.768,0.543,0.5,0.507,0.275
1528,,0.482,0.375,0.95,0.718,0.493,0.45,0.457,0.225
1529,,0.432,0.325,0.9,0.668,0.443,0.4,0.407,0.175
1530,,0.382,0.275,0.85,0.618,0.393,0.35,0.357,0.125
1531,,0.332,0.225,0.8,0.568,0.343,0.3,0.307,0.075
1532,,0.282,0.175,0.75,0.518,0.293,0.25,0.257,0.025
1533,,0.232,0.125,0.7,0.468,0.243,0.2,0.207,-0.025
1534,8,0.25,0.125,0.682,0.443,0.225,0.2,0.225,1.0
1535,,0.2,0.075,0.632,0.393,0.175,0.15,0.175,0.95
1536,,0.15,0.025,0.582,0.343,0.125,0.1,0.125,0.9
1537,,0.1,-0.025,0.532,0.293,0.075,0.05,0.075,0.85
1538,2,0.118,1.0,0.55,0.293,0.057,0.025,0.057,0.85
1539,,0.068,0.95,0.5,0.243,0.007,-0.025,0.007,0.8
1540,6,0.05,0.925,0.482,0.243,0.025,1.0,0.025,0.8
1541,,0.0,0.875,0.432,0.193,-0.025,0.95,-0.025,0.75
1542,7,0.0,0.857,0.407,0.175,-0.025,0.968,1.0,0.768
1543,5,-0.025,0.839,0.407,0.193,1.0,0.986,1.0,0.75
1544,1,1.0,0.857,0.407,0.175,0.975,0.968,1.0,0.768
1545,,0.95,0.807,0.357,0.125,0.925,0.918,0.95,0.718
1546,,0.9,0.757,0.307,0.075,0.875,0.868,0.9,0.668
1547,,0.85,0.707,0.257,0.025,0.825,0.818,0.85,0.618
1548,,0.8,0.657,0.207,-0.025,0.775,0.768,0.8,0.568
1549,4,0.782,0.657,0.225,1.0,0.793,0.768,0.782,0.543
1550,,0.732,0.607,0.175,0.95,0.743,0.718,0.732,0.493
1551,,0.682,0.557,0.125,0.9,0.693,0.668,0.682,0.443
1552,,0.632,0.507,0.075,0.85,0.643,0.618,0.632,0.393
1553,,0.582,0.457,0.025,0.8,0.593,0.568,0.582,0.343
1554,,0.532,0.407,-0.025,0.75,0.543,0.518,0.532,0.293
1555,3,0.532,0.425,1.0,0.768,0.543,0.5,0.507,0.275
1556,,0.482,0.375,0.95,0.718,0.493,0.45,0.457,0.225
1557,,0.432,0.325,0.9,0.668,0.443,0.4,0.407,0.175
1558,,0.382,0.275,0.85,0.618,0.393,0.35,0.357,0.125
1559,,0.332,0.225,0.8,0.568,0.343,0.3,0.307,0.075
1560,,0.282,0.175,0.75,0.518,0.293,0.25,0.257,0.025
1561,,0.232,0.125,0.7,0.468,0.243,0.2,0.207,-0.025
1562,8,0.25,0.125,0.682,0.443,0.225,0.2,0.225,1.0
1563,,0.2,0.075,0.632,0.393,0.175,0.15,0.175,0.95
1564,,0.15,0.025,0.582,0.343,0.125,0.1,0.125,0.9
1565,,0.1,-0.025,0.532,0.293,0.075,0.05,0.075,0.85
1566,2,0.118,1.0,0.55,0.293,0.057,0.025,0.057,0.85
1567,,0.068,0.95,0.5,0.243,0.007,-0.025,0.007,0.8
1568,6,0.05,0.925,0.482,0.243,0.025,1.0,0.025,0.8
1569,,0.0,0.875,0.432,0.193,-0.025,0.95,-0.025,0.75
1570,7,0.0,0.857,0.407,0.175,-0.025,0.968,1.0,0.768
1571,5,-0.025,0.839,0.407,0.193,1.0,0.986,1.0,0.75
1572,1,1.0,0.857,0.407,0.175,0.975,0.968,1.0,0.768
1573,,0.95,0.807,0.357,0.125,0.925,0.918,0.95,0.718
1574,,0.9,0.757,0.307,0.075,0.875,0.868,0.9,0.668
1575,,0.85,0.707,0.257,0.025,0.825,0.818,0.85,0.618
1576,,0.8,0.657,0.207,-0.025,0.775,0.768,0.8,0.568
1577,4,0.782,0.657,0.225,1.0,0.793,0.768,0.782,0.543
1578,,0.732,0.607,0.175,0.95,0.743,0.718,0.732,0.493
1579,,0.682,0.557,0.125,0.9,0.693,0.668,0.682,0.443
1580,,0.632,0.507,0.075,0.85,0.643,0.618,0.632,0.393
1581,,0.582,0.457,0.025,0.8,0.593,0.568,0.582,0.343
1582,,0.532,0.407,-0.025,0.75,0.543,0.518,0.532,0.293
1583,3,0.532,0.425,1.0,0.768,0.543,0.5,0.507,0.275
1584,,0.482,0.375,0.95,0.718,0.493,0.45,0.457,0.225
1585,,0.432,0.325,0.9,0.668,0.443,0.4,0.407,0.175
1586,,0.382,0.275,0.85,0.618,0.393,0.35,0.357,0.125
1587,,0.332,0.225,0.8,0.568,0.343,0.3,0.307,0.075
1588,,0.282,0.175,0.75,0.518,0.293,0.25,0.257,0.025
1589,,0.232,0.125,0.7,0.468,0.243,0.2,0.207,-0.025
1590,8,0.25,0.125,0.682,0.443,0.225,0.2,0.225,1.0
1591,,0.2,0.075,0.632,0.393,0.175,0.15,0.175,0.95
1592,,0.15,0.025,0.582,0.343,0.125,0.1,0.125,0.9
1593,,0.1,-0.025,0.532,0.293,0.075,0.05,0.075,0.85
1594,2,0.118,1.0,0.55,0.293,0.057,0.025,0.057,0.85
1595,,0.068,0.95,0.5,0.243,0.007,-0.025,0.007,0.8
1596,6,0.05,0.925,0.482,0.243,0.025,1.0,0.025,0.8
1597,,0.0,0.875,0.432,0.193,-0.025,0.95,-0.025,0.75
1598,7,0.0,0.857,0.407,0.175,-0.025,0.968,1.0,0.768
1599,5,-0.025,0.839,0.407,0.193,1.0,0.986,1.0,0.75
1600,1,1.0,0.857,0.407,0.175,0.975,0.968,1.0,0.768
1601,,0.95,0.807,0.357,0.125,0.925,0.918,0.95,0.718
1602,,0.9,0.757,0.307,0.075,0.875,0.868,0.9,0.668
1603,,0.85,0.707,0.257,0.025,0.825,0.818,0.85,0.618
1604,,0.8,0.657,0.207,-0.025,0.775,0.768,0.8,0.568
1605,4,0.782,0.657,0.225,1.0,0.793,0.768,0.782,0.543
1606,,0.732,0.607,0.175,0.95,0.743,0.718,0.732,0.493
1607,,0.682,0.557,0.125,0.9,0.693,0.668,0.682,0.443
1608,,0.632,0.507,0.075,0.85,0.643,0.618,0.632,0.393
1609,,0.582,0.457,0.025,0.8,0.593,0.568,0.582,0.343
1610,,0.532,0.407,-0.025,0.75,0.543,0.518,0.532,0.293
1611,3,0.532,0.425,1.0,0.768,0.543,0.5,0.507,0.275
1612,,0.482,0.375,0.95,0.718,0.493,0.45,0.457,0.225
1613,,0.432,0.325,0.9,0.668,0.443,0.4,0.407,0.175
1614,,0.382,0.275,0.85,0.618,0.393,0.35,0.357,0.125
1615,,0.332,0.225,0.8,0.568,0.343,0.3,0.307,0.075
1616,,0.282,0.175,0.75,0.518,0.293,0.25,0.257,0.025
1617,,0.232,0.125,0.7,0.468,0.243,0.2,0.207,-0.025
1618,8,0.25,0.125,0.682,0.443,0.225,0.2,0.225,1.0
1619,,0.2,0.075,0.632,0.393,0.175,0.15,0.175,0.95
1620,,0.15,0.025,0.582,0.343,0.125,0.1,0.125,0.9
1621,,0.1,-0.025,0.532,0.293,0.075,0.05,0.075,0.85
1622,2,0.118,1.0,0.55,0.293,0.057,0.025,0.057,0.85
1623,,0.068,0.95,0.5,0.243,0.007,-0.025,0.007,0.8
1624,6,0.05,0.925,0.482,0.243,0.025,1.0,0.025,0.8
1625,,0.0,0.875,0.432,0.193,-0.025,0.95,-0.025,0.75
1626,7,0.0,0.857,0.407,0.175,-0.025,0.968,1.0,0.768
1627,5,-0.025,0.839,0.407,0.193,1.0,0.986,1.0,0.75
1628,1,1.0,0.857,0.407,0.175,0.975,0.968,1.0,0.768
1629,,0.95,0.807,0.357,0.125,0.925,0.918,0.95,0.718
1630,,0.9,0.757,0.307,0.075,0.875,0.868,0.9,0.668
1631,,0.85,0.707,0.257,0.025,0.825,0.818,0.85,0.618
1632,,0.8,0.657,0.207,-0.025,0.775,0.768,0.8,0.568
1633,4,0.782,0.657,0.225,1.0,0.793,0.768,0.782,0.543
1634,,0.732,0.607,0.175,0.95,0.743,0.718,0.732,0.493
1635,,0.682,0.557,0.125,0.9,0.693,0.668,0.682,0.443
1636,,0.632,0.507,0.075,0.85,0.643,0.618,0.632,0.393
1637,,0.582,0.457,0.025,0.8,0.593,0.568,0.582,0.343
1638,,0.532,0.407,-0.025,0.75,0.543,0.518,0.532,0.293
1639,3,0.532,0.425,1.0,0.768,0.543,0.5,0.507,0.275
1640,,0.482,0.375,0.95,0.718,0.493,0.45,0.457,0.225
1641,,0.432,0.325,0.9,0.668,0.443,0.4,0.407,0.175
1642,,0.382,0.275,0.85,0.618,0.393,0.35,0.357,0.125
1643,,0.332,0.225,0.8,0.568,0.343,0.3,0.307,0.075
1644,,0.282,0.175,0.75,0.518,0.293,0.25,0.257,0.025
1645,,0.232,0.125,0.7,0.468,0.243,0.2,0.207,-0.025
1646,8,0.25,0.125,0.682,0.443,0.225,0.2,0.225,1.0
1647,,0.2,0.075,0.632,0.393,0.175,0.15,0.175,0.95
1648,,0.15,0.025,0.582,0.343,0.125,0.1,0.125,0.9
1649,,0.1,-0.025,0.532,0.293,0.075,0.05,0.075,0.85
1650,2,0.118,1.0,0.55,0.293,0.057,0.025,0.057,0.85
1651,,0.068,0.95,0.5,0.243,0.007,-0.025,0.007,0.8
1652,6,0.05,0.925,0.482,0.243,0.025,1.0,0.025,0.8
1653,,0.0,0.875,0.432,0.193,-0.025,0.95,-0.025,0.75
1654,7,0.0,0.857,0.407,0.175,-0.025,0.968,1.0,0.768
1655,5,-0.025,0.839,0.407,0.193,1.0,0.986,1.0,0.75
1656,1,1.0,0.857,0.407,0.175,0.975,0.968,1.0,0.768
1657,,0.95,0.807,0.357,0.125,0.925,0.918,0.95,0.718
1658,,0.9,0.757,0.307,0.075,0.875,0.868,0.9,0.668
1659,,0.85,0.707,0.257,0.025,0.825,0.818,0.85,0.618
1660,,0.8,0.657,0.207,-0.025,0.775,0.768,0.8,0.568
1661,4,0.782,0.657,0.225,1.0,0.793,0.768,0.782,0.543
1662,,0.732,0.607,0.175,0.95,0.743,0.718,0.732,0.493
1663,,0.682,0.557,0.125,0.9,0.693,0.668,0.682,0.443
1664,,0.632,0.507,0.075,0.85,0.643,0.618,0.632,0.393
1665,,0.582,0.457,0.025,0.8,0.593,0.568,0.582,0.343
1666,,0.532,0.407,-0.025,0.75,0.543,0.518,0.532,0.293
1667,3,0.532,0.425,1.0,0.768,0.543,0.5,0.507,0.275
1668,,0.482,0.375,0.95,0.718,0.493,0.45,0.457,0.225
1669,,0.432,0.325,0.9,0.668,0.443,0.4,0.407,0.175
1670,,0.382,0.275,0.85,0.618,0.393,0.35,0.357,0.125
1671,,0.332,0.225,0.8,0.568,0.343,0.3,0.307,0.075
1672,,0.282,0.175,0.75,0.518,0.293,0.25,0.257,0.025
1673,,0.232,0.125,0.7,0.468,0.243,0.2,0.207,-0.025
1674,8,0.25,0.125,0.682,0.443,0.225,0.2,0.225,1.0
1675,,0.2,0.075,0.632,0.393,0.175,0.15,0.175,0.95
1676,,0.15,0.025,0.582,0.343,0.125,0.1,0.125,0.9
1677,,0.1,-0.025,0.532,0.293,0.075,0.05,0.075,0.85
1678,2,0.118,1.0,0.55,0.293,0.057,0.025,0.057,0.85
1679,,0.068,0.95,0.5,0.243,0.007,-0.025,0.007,0.8
1680,6,0.05,0.925,0.482,0.243,0.025,1.0,0.025,0.8
1681,,0.0,0.875,0.432,0.193,-0.025,0.95,-0.025,0.75
1682,7,0.0,0.857,0.407,0.175,-0.025,0.968,1.0,0.768
1683,5,-0.025,0.839,0.407,0.193,1.0,0.986,1.0,0.75
1684,1,1.0,0.857,0.407,0.175,0.975,0.968,1.0,0.768
1685,,0.95,0.807,0.357,0.125,0.925,0.918,0.95,0.718
1686,,0.9,0.757,0.307,0.075,0.875,0.868,0.9,0.668
1687,,0.85,0.707,0.257,0.025,0.825,0.818,0.85,0.618
1688,,0.8,0.657,0.207,-0.025,0.775,0.768,0.8,0.568
1689,4,0.782,0.657,0.225,1.0,0.793,0.768,0.782,0.543
1690,,0.732,0.607,0.175,0.95,0.743,0.718,0.732,0.493
1691,,0.682,0.557,0.125,0.9,0.693,0.668,0.682,0.443
1692,,0.632,0.507,0.075,0.85,0.643,0.618,0.632,0.393
1693,,0.582,0.457,0.025,0.8,0.593,0.568,0.582,0.343
1694,,0.532,0.407,-0.025,0.75,0.543,0.518,0.532,0.293
1695,3,0.532,0.425,1.0,0.768,0.543,0.5,0.507,0.275
1696,,0.482,0.375,0.95,0.718,0.493,0.45,0.457,0.225
1697,,0.432,0.325,0.9,0.668,0.443,0.4,0.407,0.175
1698,,0.382,0.275,0.85,0.618,0.393,0.35,0.357,0.125
1699,,0.332,0.225,0.8,0.568,0.343,0.3,0.307,0.075
1700,,0.282,0.175,0.75,0.518,0.293,0.25,0.257,0.025
1701,,0.232,0.125,0.7,0.468,0.243,0.2,0.207,-0.025
1702,8,0.25,0.125,0.682,0.443,0.225,0.2,0.225,1.0
1703,,0.2,0.075,0.632,0.393,0.175,0.15,0.175,0.95
1704,,0.15,0.025,0.582,0.343,0.125,0.1,0.125,0.9
1705,,0.1,-0.025,0.532,0.293,0.075,0.05,0.075,0.85
1706,2,0.118,1.0,0.55,0.293,0.057,0.025,0.057,0.85
1707,,0.068,0.95,0.5,0.243,0.007,-0.025,0.007,0.8
1708,6,0.05,0.925,0.482,0.243,0.025,1.0,0.025,0.8
1709,,0.0,0.875,0.432,0.193,-0.025,0.95,-0.025,0.75
1710,5,-0.025,0.857,0.432,0.211,1.0,0.968,-0.025,0.732
1711,1,1.0,0.875,0.432,0.193,0.975,0.95,-0.025,0.75
1712,7,1.0,0.857,0.407,0.175,0.975,0.968,1.0,0.768
1713,,0.95,0.807,0.357,0.125,0.925,0.918,0.95,0.718
1714,,0.9,0.757,0.307,0.075,0.875,0.868,0.9,0.668
1715,,0.85,0.707,0.257,0.025,0.825,0.818,0.85,0.618
1716,,0.8,0.657,0.207,-0.025,0.775,0.768,0.8,0.568
1717,4,0.782,0.657,0.225,1.0,0.793,0.768,0.782,0.543
1718,,0.732,0.607,0.175,0.95,0.743,0.718,0.732,0.493
1719,,0.682,0.557,0.125,0.9,0.693,0.668,0.682,0.443
1720,,0.632,0.507,0.075,0.85,0.643,0.618,0.632,0.393
1721,,0.582,0.457,0.025,0.8,0.593,0.568,0.582,0.343
1722,,0.532,0.407,-0.025,0.75,0.543,0.518,0.532,0.293
1723,3,0.532,0.425,1.0,0.768,0.543,0.5,0.507,0.275
1724,,0.482,0.375,0.95,0.718,0.493,0.45,0.457,0.225
1725,,0.432,0.325,0.9,0.668,0.443,0.4,0.407,0.175
1726,,0.382,0.275,0.85,0.618,0.393,0.35,0.357,0.125
1727,,0.332,0.225,0.8,0.568,0.343,0.3,0.307,0.075
1728,,0.282,0.175,0.75,0.518,0.293,0.25,0.257,0.025
1729,,0.232,0.125,0.7,0.468,0.243,0.2,0.207,-0.025
1730,8,0.25,0.125,0.682,0.443,0.225,0.2,0.225,1.0
1731,,0.2,0.075,0.632,0.393,0.175,0.15,0.175,0.95
1732,,0.15,0.025,0.582,0.343,0.125,0.1,0.125,0.9
1733,,0.1,-0.025,0.532,0.293,0.075,0.05,0.075,0.85
1734,2,0.118,1.0,0.55,0.293,0.057,0.025,0.057,0.85
1735,,0.068,0.95,0.5,0.243,0.007,-0.025,0.007,0.8
1736,6,0.05,0.925,0.482,0.243,0.025,1.0,0.025,0.8
1737,,0.0,0.875,0.432,0.193,-0.025,0.95,-0.025,0.75
1738,7,0.0,0.857,0.407,0.175,-0.025,0.968,1.0,0.768
1739,5,-0.025,0.839,0.407,0.193,1.0,0.986,1.0,0.75
1740,1,1.0,0.857,0.407,0.175,0.975,0.968,1.0,0.768
1741,,0.95,0.807,0.357,0.125,0.925,0.918,0.95,0.718
1742,,0.9,0.757,0.307,0.075,0.875,0.868,0.9,0.668
1743,,0.85,0.707,0.257,0.025,0.825,0.818,0.85,0.618
1744,,0.8,0.657,0.207,-0.025,0.775,0.768,0.8,0.568
1745,4,0.782,0.657,0.225,1.0,0.793,0.768,0.782,0.543
1746,,0.732,0.607,0.175,0.95,0.743,0.718,0.732,0.493
1747,,0.682,0.557,0.125,0.9,0.693,0.668,0.682,0.443
1748,,0.632,0.507,0.075,0.85,0.643,0.618,0.632,0.393
1749,,0.582,0.457,0.025,0.8,0.593,0.568,0.582,0.343
1750,,0.532,0.407,-0.025,0.75,0.543,0.518,0.532,0.293
1751,3,0.532,0.425,1.0,0.768,0.543,0.5,0.507,0.275
1752,,0.482,0.375,0.95,0.718,0.493,0.45,0.457,0.225
1753,,0.432,0.325,0.9,0.668,0.443,0.4,0.407,0.175
1754,,0.382,0.275,0.85,0.618,0.393,0.35,0.357,0.125
1755,,0.332,0.225,0.8,0.568,0.343,0.3,0.307,0.075
1756,,0.282,0.175,0.75,0.518,0.293,0.25,0.257,0.025
1757,,0.232,0.125,0.7,0.468,0.243,0.2,0.207,-0.025
1758,8,0.25,0.125,0.682,0.443,0.225,0.2,0.225,1.0
1759,,0.2,0.075,0.632,0.393,0.175,0.15,0.175,0.95
1760,,0.15,0.025,0.582,0.343,0.125,0.1,0.125,0.9
1761,,0.1,-0.025,0.532,0.293,0.075,0.05,0.075,0.85
1762,2,0.118,1.0,0.55,0.293,0.057,0.025,0.057,0.85
1763,,0.068,0.95,0.5,0.243,0.007,-0.025,0.007,0.8
1764,6,0.05,0.925,0.482,0.243,0.025,1.0,0.025,0.8
1765,,0.0,0.875,0.432,0.193,-0.025,0.95,-0.025,0.75
1766,7,0.0,0.857,0.407,0.175,-0.025,0.968,1.0,0.768
1767,5,-0.025,0.839,0.407,0.193,1.0,0.986,1.0,0.75
1768,1,1.0,0.857,0.407,0.175,0.975,0.968,1.0,0.768
1769,,0.95,0.807,0.357,0.125,0.925,0.918,0.95,0.718
1770,,0.9,0.757,0.307,0.075,0.875,0.868,0.9,0.668
1771,,0.85,0.707,0.257,0.025,0.825,0.818,0.85,0.618
1772,,0.8,0.657,0.207,-0.025,0.775,0.768,0.8,0.568
1773,4,0.782,0.657,0.225,1.0,0.793,0.768,0.782,0.543
1774,,0.732,0.607,0.175,0.95,0.743,0.718,0.732,0.493
1775,,0.682,0.557,0.125,0.9,0.693,0.668,0.682,0.443
1776,,0.632,0.507,0.075,0.85,0.643,0.618,0.632,0.393
1777,,0.582,0.457,0.025,0.8,0.593,0.568,0.582,0.343
1778,,0.532,0.407,-0.025,0.75,0.543,0.518,0.532,0.293
1779,3,0.532,0.425,1.0,0.768,0.543,0.5,0.507,0.275
1780,,0.482,0.375,0.95,0.718,0.493,0.45,0.457,0.225
1781,,0.432,0.325,0.9,0.668,0.443,0.4,0.407,0.175
1782,,0.382,0.275,0.85,0.618,0.393,0.35,0.357,0.125
1783,,0.332,0.225,0.8,0.568,0.343,0.3,0.307,0.075
1784,,0.282,0.175,0.75,0.518,0.293,0.25,0.257,0.025
1785,,0.232,0.125,0.7,0.468,0.243,0.2,0.207,-0.025
1786,8,0.25,0.125,0.682,0.443,0.225,0.2,0.225,1.0
1787,,0.2,0.075,0.632,0.393,0.175,0.15,0.175,0.95
1788,,0.15,0.025,0.582,0.343,0.125,0.1,0.125,0.9
1789,,0.1,-0.025,0.532,0.293,0.075,0.05,0.075,0.85
1790,2,0.118,1.0,0.55,0.293,0.057,0.025,0.057,0.85
1791,,0.068,0.95,0.5,0.243,0.007,-0.025,0.007,0.8
1792,6,0.05,0.925,0.482,0.243,0.025,1.0,0.025,0.8
1793,,0.0,0.875,0.432,0.193,-0.025,0.95,-0.025,0.75
1794,7,0.0,0.857,0.407,0.175,-0.025,0.968,1.0,0.768
1795,5,-0.025,0.839,0.407,0.193,1.0,0.986,1.0,0.75
1796,1,1.0,0.857,0.407,0.175,0.975,0.968,1.0,0.768
1797,,0.95,0.807,0.357,0.125,0.925,0.918,0.95,0.718
1798,,0.9,0.757,0.307,0.075,0.875,0.868,0.9,0.668
1799,,0.85,0.707,0.257,0.025,0.825,0.818,0.85,0.618
1800,,0.8,0.657,0.207,-0.025,0.775,0.768,0.8,0.568
1801,4,0.782,0.657,0.225,1.0,0.793,0.768,0.782,0.543
1802,,0.732,0.607,0.175,0.95,0.743,0.718,0.732,0.493
1803,,0.682,0.557,0.125,0.9,0.693,0.668,0.682,0.443
1804,,0.632,0.507,0.075,0.85,0.643,0.618,0.632,0.393
1805,,0.582,0.457,0.025,0.8,0.593,0.568,0.582,0.343
1806,,0.532,0.407,-0.025,0.75,0.543,0.518,0.532,0.293
1807,3,0.532,0.425,1.0,0.768,0.543,0.5,0.507,0.275
1808,,0.482,0.375,0.95,0.718,0.493,0.45,0.457,0.225
1809,,0.432,0.325,0.9,0.668,0.443,0.4,0.407,0.175
1810,,0.382,0.275,0.85,0.618,0.393,0.35,0.357,0.125
1811,,0.332,0.225,0.8,0.568,0.343,0.3,0.307,0.075
1812,,0.282,0.175,0.75,0.518,0.293,0.25,0.257,0.025
1813,,0.232,0.125,0.7,0.468,0.243,0.2,0.207,-0.025
1814,8,0.25,0.125,0.682,0.443,0.225,0.2,0.225,1.0
1815,,0.2,0.075,0.632,0.393,0.175,0.15,0.175,0.95
1816,,0.15,0.025,0.582,0.343,0.125,0.1,0.125,0.9
1817,,0.1,-0.025,0.532,0.293,0.075,0.05,0.075,0.85
1818,2,0.118,1.0,0.55,0.293,0.057,0.025,0.057,0.85
1819,,0.068,0.95,0.5,0.243,0.007,-0.025,0.007,0.8
1820,6,0.05,0.925,0.482,0.243,0.025,1.0,0.025,0.8
1821,,0.0,0.875,0.432,0.193,-0.025,0.95,-0.025,0.75
1822,7,0.0,0.857,0.407,0.175,-0.025,0.968,1.0,0.768
1823,5,-0.025,0.839,0.407,0.193,1.0,0.986,1.0,0.75
1824,1,1.0,0.857,0.407,0.175,0.975,0.968,1.0,0.768
1825,,0.95,0.807,0.357,0.125,0.925,0.918,0.95,0.718
1826,,0.9,0.757,0.307,0.075,0.875,0.868,0.9,0.668
1827,,0.85,0.707,0.257,0.025,0.825,0.818,0.85,0.618
1828,,0.8,0.657,0.207,-0.025,0.775,0.768,0.8,0.568
1829,4,0.782,0.657,0.225,1.0,0.793,0.768,0.782,0.543
1830,,0.732,0.607,0.175,0.95,0.743,0.718,0.732,0.493
1831,,0.682,0.557,0.125,0.9,0.693,0.668,0.682,0.443
1832,,0.632,0.507,0.075,0.85,0.643,0.618,0.632,0.393
1833,,0.582,0.457,0.025,0.8,0.593,0.568,0.582,0.343
1834,,0.532,0.407,-0.025,0.75,0.543,0.518,0.532,0.293
1835,3,0.532,0.425,1.0,0.768,0.543,0.5,0.507,0.275
1836,,0.482,0.375,0.95,0.718,0.493,0.45,0.457,0.225
1837,,0.432,0.325,0.9,0.668,0.443,0.4,0.407,0.175
1838,,0.382,0.275,0.85,0.618,0.393,0.35,0.357,0.125
1839,,0.332,0.225,0.8,0.568,0.343,0.3,0.307,0.075
1840,,0.282,0.175,0.75,0.518,0.293,0.25,0.257,0.025
1841,,0.232,0.125,0.7,0.468,0.243,0.2,0.207,-0.025
1842,8,0.25,0.125,0.682,0.443,0.225,0.2,0.225,1.0
1843,,0.2,0.075,0.632,0.393,0.175,0.15,0.175,0.95
1844,,0.15,0.025,0.582,0.343,0.125,0.1,0.125,0.9
1845,,0.1,-0.025,0.532,0.293,0.075,0.05,0.075,0.85
1846,2,0.118,1.0,0.55,0.293,0.057,0.025,0.057,0.85
1847,,0.068,0.95,0.5,0.243,0.007,-0.025,0.007,0.8
1848,6,0.05,0.925,0.482,0.243,0.025,1.0,0.025,0.8
1849,,0.0,0.875,0.432,0.193,-0.025,0.95,-0.025,0.75
1850,7,0.0,0.857,0.407,0.175,-0.025,0.968,1.0,0.768
1851,5,-0.025,0.839,0.407,0.193,1.0,0.986,1.0,0.75
1852,1,1.0,0.857,0.407,0.175,0.975,0.968,1.0,0.768
1853,,0.95,0.807,0.357,0.125,0.925,0.918,0.95,0.718
1854,,0.9,0.757,0.307,0.075,0.875,0.868,0.9,0.668
1855,,0.85,0.707,0.257,0.025,0.825,0.818,0.85,0.618
1856,,0.8,0.657,0.207,-0.025,0.775,0.768,0.8,0.568
1857,4,0.782,0.657,0.225,1.0,0.793,0.768,0.782,0.543
1858,,0.732,0.607,0.175,0.95,0.743,0.718,0.732,0.493
1859,,0.682,0.557,0.125,0.9,0.693,0.668,0.682,0.443
1860,,0.632,0.507,0.075,0.85,0.643,0.618,0.632,0.393
1861,,0.582,0.457,0.025,0.8,0.593,0.568,0.582,0.343
1862,,0.532,0.407,-0.025,0.75,0.543,0.518,0.532,0.293
1863,3,0.532,0.425,1.0,0.768,0.543,0.5,0.507,0.275
1864,,0.482,0.375,0.95,0.718,0.493,0.45,0.457,0.225
1865,,0.432,0.325,0.9,0.668,0.443,0.4,0.407,0.175
1866,,0.382,0.275,0.85,0.618,0.393,0.35,0.357,0.125
1867,,0.332,0.225,0.8,0.568,0.343,0.3,0.307,0.075
1868,,0.282,0.175,0.75,0.518,0.293,0.25,0.257,0.025
1869,,0.232,0.125,0.7,0.468,0.243,0.2,0.207,-0.025
1870,8,0.25,0.125,0.682,0.443,0.225,0.2,0.225,1.0
1871,,0.2,0.075,0.632,0.393,0.175,0.15,0.175,0.95
1872,,0.15,0.025,0.582,0.343,0.125,0.1,0.125,0.9
1873,,0.1,-0.025,0.532,0.293,0.075,0.05,0.075,0.85
1874,2,0.118,1.0,0.55,0.293,0.057,0.025,0.057,0.85
1875,,0.068,0.95,0.5,0.243,0.007,-0.025,0.007,0.8
1876,6,0.05,0.925,0.482,0.243,0.025,1.0,0.025,0.8
1877,,0.0,0.875,0.432,0.193,-0.025,0.95,-0.025,0.75
1878,7,0.0,0.857,0.407,0.175,-0.025,0.968,1.0,0.768
1879,5,-0.025,0.839,0.407,0.193,1.0,0.986,1.0,0.75
1880,1,1.0,0.857,0.407,0.175,0.975,0.968,1.0,0.768
1881,,0.95,0.807,0.357,0.125,0.925,0.918,0.95,0.718
1882,,0.9,0.757,0.307,0.075,0.875,0.868,0.9,0.668
1883,,0.85,0.707,0.257,0.025,0.825,0.818,0.85,0.618
1884,,0.8,0.657,0.207,-0.025,0.775,0.768,0.8,0.568
1885,4,0.782,0.657,0.225,1.0,0.793,0.768,0.782,0.543
1886,,0.732,0.607,0.175,0.95,0.743,0.718,0.732,0.493
1887,,0.682,0.557,0.125,0.9,0.693,0.668,0.682,0.443
1888,,0.632,0.507,0.075,0.85,0.643,0.618,0.632,0.393
1889,,0.582,0.457,0.025,0.8,0.593,0.568,0.582,0.343
1890,,0.532,0.407,-0.025,0.75,0.543,0.518,0.532,0.293
1891,3,0.532,0.425,1.0,0.768,0.543,0.5,0.507,0.275
1892,,0.482,0.375,0.95,0.718,0.493,0.45,0.457,0.225
1893,,0.432,0.325,0.9,0.668,0.443,0.4,0.407,0.175
1894,,0.382,0.275,0.85,0.618,0.393,0.35,0.357,0.125
1895,,0.332,0.225,0.8,0.568,0.343,0.3,0.307,0.075
1896,,0.282,0.175,0.75,0.518,0.293,0.25,0.257,0.025
1897,,0.232,0.125,0.7,0.468,0.243,0.2,0.207,-0.025
1898,8,0.25,0.125,0.682,0.443,0.225,0.2,0.225,1.0
1899,,0.2,0.075,0.632,0.393,0.175,0.15,0.175,0.95
1900,,0.15,0.025,0.582,0.343,0.125,0.1,0.125,0.9
1901,,0.1,-0.025,0.532,0.293,0.075,0.05,0.075,0.85
1902,2,0.118,1.0,0.55,0.293,0.057,0.025,0.057,0.85
1903,,0.068,0.95,0.5,0.243,0.007,-0.025,0.007,0.8
1904,6,0.05,0.925,0.482,0.243,0.025,1.0,0.025,0.8
1905,,0.0,0.875,0.432,0.193,-0.025,0.95,-0.025,0.75
1906,7,0.0,0.857,0.407,0.175,-0.025,0.968,1.0,0.768
1907,5,-0.025,0.839,0.407,0.193,1.0,0.986,1.0,0.75
1908,1,1.0,0.857,0.407,0.175,0.975,0.968,1.0,0.768
1909,,0.95,0.807,0.357,0.125,0.925,0.918,0.95,0.718
1910,,0.9,0.757,0.307,0.075,0.875,0.868,0.9,0.668
1911,,0.85,0.707,0.257,0.025,0.825,0.818,0.85,0.618
1912,,0.8,0.657,0.207,-0.025,0.775,0.768,0.8,0.568
1913,4,0.782,0.657,0.225,1.0,0.793,0.768,0.782,0.543
1914,,0.732,0.607,0.175,0.95,0.743,0.718,0.732,0.493
1915,,0.682,0.557,0.125,0.9,0.693,0.668,0.682,0.443
1916,,0.632,0.507,0.075,0.85,0.643,0.618,0.632,0.393
1917,,0.582,0.457,0.025,0.8,0.593,0.568,0.582,0.343
1918,,0.532,0.407,-0.025,0.75,0.543,0.518,0.532,0.293
1919,3,0.532,0.425,1.0,0.768,0.543,0.5,0.507,0.275
1920,,0.482,0.375,0.95,0.718,0.493,0.45,0.457,0.225
1921,,0.432,0.325,0.9,0.668,0.443,0.4,0.407,0.175
1922,,0.382,0.275,0.85,0.618,0.393,0.35,0.357,0.125
1923,,0.332,0.225,0.8,0.568,0.343,0.3,0.307,0.075
1924,,0.282,0.175,0.75,0.518,0.293,0.25,0.257,0.025
1925,,0.232,0.125,0.7,0.468,0.243,0.2,0.207,-0.025
1926,8,0.25,0.125,0.682,0.443,0.225,0.2,0.225,1.0
1927,,0.2,0.075,0.632,0.393,0.175,0.15,0.175,0.95
1928,,0.15,0.025,0.582,0.343,0.125,0.1,0.125,0.9
1929,,0.1,-0.025,0.532,0.293,0.075,0.05,0.075,0.85
1930,2,0.118,1.0,0.55,0.293,0.057,0.025,0.057,0.85
1931,,0.068,0.95,0.5,0.243,0.007,-0.025,0.007,0.8
1932,6,0.05,0.925,0.482,0.243,0.025,1.0,0.025,0.8
1933,,0.0,0.875,0.432,0.193,-0.025,0.95,-0.025,0.75
1934,7,0.0,0.857,0.407,0.175,-0.025,0.968,1.0,0.768
1935,5,-0.025,0.839,0.407,0.193,1.0,0.986,1.0,0.75
1936,1,1.0,0.857,0.407,0.175,0.975,0.968,1.0,0.768
1937,,0.95,0.807,0.357,0.125,0.925,0.918,0.95,0.718
1938,,0.9,0.757,0.307,0.075,0.875,0.868,0.9,0.668
1939,,0.85,0.707,0.257,0.025,0.825,0.818,0.85,0.618
1940,,0.8,0.657,0.207,-0.025,0.775,0.768,0.8,0.568
1941,4,0.782,0.657,0.225,1.0,0.793,0.768,0.782,0.543
1942,,0.732,0.607,0.175,0.95,0.743,0.718,0.732,0.493
1943,,0.682,0.557,0.125,0.9,0.693,0.668,0.682,0.443
1944,,0.632,0.507,0.075,0.85,0.643,0.618,0.632,0.393
1945,,0.582,0.457,0.025,0.8,0.593,0.568,0.582,0.343
1946,,0.532,0.407,-0.025,0.75,0.543,0.518,0.532,0.293
1947,3,0.532,0.425,1.0,0.768,0.543,0.5,0.507,0.275
1948,,0.482,0.375,0.95,0.718,0.493,0.45,0.457,0.225
1949,,0.432,0.325,0.9,0.668,0.443,0.4,0.407,0.175
1950,,0.382,0.275,0.85,0.618,0.393,0.35,0.357,0.125
1951,,0.332,0.225,0.8,0.568,0.343,0.3,0.307,0.075
1952,,0.282,0.175,0.75,0.518,0.293,0.25,0.257,0.025
1953,,0.232,0.125,0.7,0.468,0.243,0.2,0.207,-0.025
1954,8,0.25,0.125,0.682,0.443,0.225,0.2,0.225,1.0
1955,,0.2,0.075,0.632,0.393,0.175,0.15,0.175,0.95
1956,,0.15,0.025,0.582,0.343,0.125,0.1,0.125,0.9
1957,,0.1,-0.025,0.532,0.293,0.075,0.05,0.075,0.85
1958,2,0.118,1.0,0.55,0.293,0.057,0.025,0.057,0.85
1959,,0.068,0.95,0.5,0.243,0.007,-0.025,0.007,0.8
1960,6,0.05,0.925,0.482,0.243,0.025,1.0,0.025,0.8
1961,,0.0,0.875,0.432,0.193,-0.025,0.95,-0.025,0.75
1962,5,-0.025,0.857,0.432,0.211,1.0,0.968,-0.025,0.732
1963,7,-0.025,0.839,0.407,0.193,1.0,0.986,1.0,0.75
1964,1,1.0,0.857,0.407,0.175,0.975,0.968,1.0,0.768
1965,,0.95,0.807,0.357,0.125,0.925,0.918,0.95,0.718
1966,,0.9,0.757,0.307,0.075,0.875,0.868,0.9,0.668
1967,,0.85,0.707,0.257,0.025,0.825,0.818,0.85,0.618
1968,,0.8,0.657,0.207,-0.025,0.775,0.768,0.8,0.568
1969,4,0.782,0.657,0.225,1.0,0.793,0.768,0.782,0.543
1970,,0.732,0.607,0.175,0.95,0.743,0.718,0.732,0.493
1971,,0.682,0.557,0.125,0.9,0.693,0.668,0.682,0.443
1972,,0.632,0.507,0.075,0.85,0.643,0.618,0.632,0.393
1973,,0.582,0.457,0.025,0.8,0.593,0.568,0.582,0.343
1974,,0.532,0.407,-0.025,0.75,0.543,0.518,0.532,0.293
1975,3,0.532,0.425,1.0,0.768,0.543,0.5,0.507,0.275
1976,,0.482,0.375,0.95,0.718,0.493,0.45,0.457,0.225
1977,,0.432,0.325,0.9,0.668,0.443,0.4,0.407,0.175
1978,,0.382,0.275,0.85,0.618,0.393,0.35,0.357,0.125
1979,,0.332,0.225,0.8,0.568,0.343,0.3,0.307,0.075
1980,,0.282,0.175,0.75,0.518,0.293,0.25,0.257,0.025
1981,,0.232,0.125,0.7,0.468,0.243,0.2,0.207,-0.025
1982,8,0.25,0.125,0.682,0.443,0.225,0.2,0.225,1.0
1983,,0.2,0.075,0.632,0.393,0.175,0.15,0.175,0.95
1984,,0.15,0.025,0.582,0.343,0.125,0.1,0.125,0.9
1985,,0.1,-0.025,0.532,0.293,0.075,0.05,0.075,0.85
1986,2,0.118,1.0,0.55,0.293,0.057,0.025,0.057,0.85
1987,,0.068,0.95,0.5,0.243,0.007,-0.025,0.007,0.8
1988,6,0.05,0.925,0.482,0.243,0.025,1.0,0.025,0.8
1989,,0.0,0.875,0.432,0.193,-0.025,0.95,-0.025,0.75
1990,5,-0.025,0.857,0.432,0.211,1.0,0.968,-0.025,0.732
1991,7,-0.025,0.839,0.407,0.193,1.0,0.986,1.0,0.75
1992,1,1.0,0.857,0.407,0.175,0.975,0.968,1.0,0.768
1993,,0.95,0.807,0.357,0.125,0.925,0.918,0.95,0.718
1994,,0.9,0.757,0.307,0.075,0.875,0.868,0.9,0.668
1995,,0.85,0.707,0.257,0.025,0.825,0.818,0.85,0.618
1996,,0.8,0.657,0.207,-0.025,0.775,0.768,0.8,0.568
1997,4,0.782,0.657,0.225,1.0,0.793,0.768,0.782,0.543
1998,,0.732,0.607,0.175,0.95,0.743,0.718,0.732,0.493
1999,,0.682,0.557,0.125,0.9,0.693,0.668,0.682,0.443
2000,,0.632,0.507,0.075,0.85,0.643,0.618,0.632,0.393
2001,,0.582,0.457,0.025,0.8,0.593,0.568,0.582,0.343
2002,,0.532,0.407,-0.025,0.75,0.543,0.518,0.532,0.293
2003,3,0.532,0.425,1.0,0.768,0.543,0.5,0.507,0.275
2004,,0.482,0.375,0.95,0.718,0.493,0.45,0.457,0.225
2005,,0.432,0.325,0.9,0.668,0.443,0.4,0.407,0.175
2006,,0.382,0.275,0.85,0.618,0.393,0.35,0.357,0.125
2007,,0.332,0.225,0.8,0.568,0.343,0.3,0.307,0.075
2008,,0.282,0.175,0.75,0.518,0.293,0.25,0.257,0.025
2009,,0.232,0.125,0.7,0.468,0.243,0.2,0.207,-0.025
2010,8,0.25,0.125,0.682,0.443,0.225,0.2,0.225,1.0
2011,,0.2,0.075,0.632,0.393,0.175,0.15,0.175,0.95
2012,,0.15,0.025,0.582,0.343,0.125,0.1,0.125,0.9
2013,,0.1,-0.025,0.532,0.293,0.075,0.05,0.075,0.85
2014,2,0.118,1.0,0.55,0.293,0.057,0.025,0.057,0.85
2015,,0.068,0.95,0.5,0.243,0.007,-0.025,0.007,0.8
2016,6,0.05,0.925,0.482,0.243,0.025,1.0,0.025,0.8
2017,,0.0,0.875,0.432,0.193,-0.025,0.95,-0.025,0.75
2018,7,0.0,0.857,0.407,0.175,-0.025,0.968,1.0,0.768
2019,5,-0.025,0.839,0.407,0.193,1.0,0.986,1.0,0.75
2020,1,1.0,0.857,0.407,0.175,0.975,0.968,1.0,0.768
2021,,0.95,0.807,0.357,0.125,0.925,0.918,0.95,0.718
2022,,0.9,0.757,0.307,0.075,0.875,0.868,0.9,0.668
2023,,0.85,0.707,0.257,0.025,0.825,0.818,0.85,0.618
2024,,0.8,0.657,0.207,-0.025,0.775,0.768,0.8,0.568
2025,4,0.782,0.657,0.225,1.0,0.793,0.768,0.782,0.543
2026,,0.732,0.607,0.175,0.95,0.743,0.718,0.732,0.493
2027,,0.682,0.557,0.125,0.9,0.693,0.668,0.682,0.443
2028,,0.632,0.507,0.075,0.85,0.643,0.618,0.632,0.393
2029,,0.582,0.457,0.025,0.8,0.593,0.568,0.582,0.343
2030,,0.532,0.407,-0.025,0.75,0.543,0.518,0.532,0.293
2031,3,0.532,0.425,1.0,0.768,0.543,0.5,0.507,0.275
2032,,0.482,0.375,0.95,0.718,0.493,0.45,0.457,0.225
2033,,0.432,0.325,0.9,0.668,0.443,0.4,0.407,0.175
2034,,0.382,0.275,0.85,0.618,0.393,0.35,0.357,0.125
2035,,0.332,0.225,0.8,0.568,0.343,0.3,0.307,0.075
2036,,0.282,0.175,0.75,0.518,0.293,0.25,0.257,0.025
2037,,0.232,0.125,0.7,0.468,0.243,0.2,0.207,-0.025
2038,8,0.25,0.125,0.682,0.443,0.225,0.2,0.225,1.0
2039,,0.2,0.075,0.632,0.393,0.175,0.15,0.175,0.95
2040,,0.15,0.025,0.582,0.343,0.125,0.1,0.125,0.9
2041,,0.1,-0.025,0.532,0.293,0.075,0.05,0.075,0.85
2042,2,0.118,1.0,0.55,0.293,0.057,0.025,0.057,0.85
2043,,0.068,0.95,0.5,0.243,0.007,-0.025,0.007,0.8
2044,6,0.05,0.925,0.482,0.243,0.025,1.0,0.025,0.8
2045,,0.0,0.875,0.432,0.193,-0.025,0.95,-0.025,0.75
2046,5,-0.025,0.857,0.432,0.211,1.0,0.968,-0.025,0.732
2047,7,-0.025,0.839,0.407,0.193,1.0,0.986,1.0,0.75
2048,1,1.0,0.857,0.407,0.175,0.975,0.968,1.0,0.768
2049,,0.95,0.807,0.357,0.125,0.925,0.918,0.95,0.718
2050,,0.9,0.757,0.307,0.075,0.875,0.868,0.9,0.668
2051,,0.85,0.707,0.257,0.025,0.825,0.818,0.85,0.618
2052,,0.8,0.657,0.207,-0.025,0.775,0.768,0.8,0.568
2053,4,0.782,0.657,0.225,1.0,0.793,0.768,0.782,0.543
2054,,0.732,0.607,0.175,0.95,0.743,0.718,0.732,0.493
2055,,0.682,0.557,0.125,0.9,0.693,0.668,0.682,0.443
2056,,0.632,0.507,0.075,0.85,0.643,0.618,0.632,0.393
2057,,0.582,0.457,0.025,0.8,0.593,0.568,0.582,0.343
2058,,0.532,0.407,-0.025,0.75,0.543,0.518,0.532,0.293
2059,3,0.532,0.425,1.0,0.768,0.543,0.5,0.507,0.275
2060,,0.482,0.375,0.95,0.718,0.493,0.45,0.457,0.225
2061,,0.432,0.325,0.9,0.668,0.443,0.4,0.407,0.175
2062,,0.382,0.275,0.85,0.618,0.393,0.35,0.357,0.125
2063,,0.332,0.225,0.8,0.568,0.343,0.3,0.307,0.075
2064,,0.282,0.175,0.75,0.518,0.293,0.25,0.257,0.025
2065,,0.232,0.125,0.7,0.468,0.243,0.2,0.207,-0.025
2066,8,0.25,0.125,0.682,0.443,0.225,0.2,0.225,1.0
2067,,0.2,0.075,0.632,0.393,0.175,0.15,0.175,0.95
2068,,0.15,0.025,0.582,0.343,0.125,0.1,0.125,0.9
2069,,0.1,-0.025,0.532,0.293,0.075,0.05,0.075,0.85
2070,2,0.118,1.0,0.55,0.293,0.057,0.025,0.057,0.85
2071,,0.068,0.95,0.5,0.243,0.007,-0.025,0.007,0.8
2072,6,0.05,0.925,0.482,0.243,0.025,1.0,0.025,0.8
2073,,0.0,0.875,0.432,0.193,-0.025,0.95,-0.025,0.75
2074,5,-0.025,0.857,0.432,0.211,1.0,0.968,-0.025,0.732
2075,7,-0.025,0.839,0.407,0.193,1.0,0.986,1.0,0.75
2076,1,1.0,0.857,0.407,0.175,0.975,0.968,1.0,0.768
2077,,0.95,0.807,0.357,0.125,0.925,0.918,0.95,0.718
2078,,0.9,0.757,0.307,0.075,0.875,0.868,0.9,0.668
2079,,0.85,0.707,0.257,0.025,0.825,0.818,0.85,0.618
2080,,0.8,0.657,0.207,-0.025,0.775,0.768,0.8,0.568
2081,4,0.782,0.657,0.225,1.0,0.793,0.768,0.782,0.543
2082,,0.732,0.607,0.175,0.95,0.743,0.718,0.732,0.493
2083,,0.682,0.557,0.125,0.9,0.693,0.668,0.682,0.443
2084,,0.632,0.507,0.075,0.85,0.643,0.618,0.632,0.393
2085,,0.582,0.457,0.025,0.8,0.593,0.568,0.582,0.343
2086,,0.532,0.407,-0.025,0.75,0.543,0.518,0.532,0.293
2087,3,0.532,0.425,1.0,0.768,0.543,0.5,0.507,0.275
2088,,0.482,0.375,0.95,0.718,0.493,0.45,0.457,0.225
2089,,0.432,0.325,0.9,0.668,0.443,0.4,0.407,0.175
2090,,0.382,0.275,0.85,0.618,0.393,0.35,0.357,0.125
2091,,0.332,0.225,0.8,0.568,0.343,0.3,0.307,0.075
2092,,0.282,0.175,0.75,0.518,0.293,0.25,0.257,0.025
2093,,0.232,0.125,0.7,0.468,0.243,0.2,0.207,-0.025
2094,8,0.25,0.125,0.682,0.443,0.225,0.2,0.225,1.0
2095,,0.2,0.075,0.632,0.393,0.175,0.15,0.175,0.95
2096,,0.15,0.025,0.582,0.343,0.125,0.1,0.125,0.9
2097,,0.1,-0.025,0.532,0.293,0.075,0.05,0.075,0.85
2098,2,0.118,1.0,0.55,0.293,0.057,0.025,0.057,0.85
2099,,0.068,0.95,0.5,0.243,0.007,-0.025,0.007,0.8
2100,6,0.05,0.925,0.482,0.243,0.025,1.0,0.025,0.8
2101,,0.0,0.875,0.432,0.193,-0.025,0.95,-0.025,0.75
2102,7,0.0,0.857,0.407,0.175,-0.025,0.968,1.0,0.768
2103,5,-0.025,0.839,0.407,0.193,1.0,0.986,1.0,0.75
2104,1,1.0,0.857,0.407,0.175,0.975,0.968,1.0,0.768
2105,,0.95,0.807,0.357,0.125,0.925,0.918,0.95,0.718
2106,,0.9,0.757,0.307,0.075,0.875,0.868,0.9,0.668
2107,,0.85,0.707,0.257,0.025,0.825,0.818,0.85,0.618
2108,,0.8,0.657,0.207,-0.025,0.775,0.768,0.8,0.568
2109,4,0.782,0.657,0.225,1.0,0.793,0.768,0.782,0.543
2110,,0.732,0.607,0.175,0.95,0.743,0.718,0.732,0.493
2111,,0.682,0.557,0.125,0.9,0.693,0.668,0.682,0.443
2112,,0.632,0.507,0.075,0.85,0.643,0.618,0.632,0.393
2113,,0.582,0.457,0.025,0.8,0.593,0.568,0.582,0.343
2114,,0.532,0.407,-0.025,0.75,0.543,0.518,0.532,0.293
2115,3,0.532,0.425,1.0,0.768,0.543,0.5,0.507,0.275
2116,,0.482,0.375,0.95,0.718,0.493,0.45,0.457,0.225
2117,,0.432,0.325,0.9,0.668,0.443,0.4,0.407,0.175
2118,,0.382,0.275,0.85,0.618,0.393,0.35,0.357,0.125
2119,,0.332,0.225,0.8,0.568,0.343,0.3,0.307,0.075
2120,,0.282,0.175,0.75,0.518,0.293,0.25,0.257,0.025
2121,,0.232,0.125,0.7,0.468,0.243,0.2,0.207,-0.025
2122,8,0.25,0.125,0.682,0.443,0.225,0.2,0.225,1.0
2123,,0.2,0.075,0.632,0.393,0.175,0.15,0.175,0.95
2124,,0.15,0.025,0.582,0.343,0.125,0.1,0.125,0.9
2125,,0.1,-0.025,0.532,0.293,0.075,0.05,0.075,0.85
2126,2,0.118,1.0,0.55,0.293,0.057,0.025,0.057,0.85
2127,,0.068,0.95,0.5,0.243,0.007,-0.025,0.007,0.8
2128,6,0.05,0.925,0.482,0.243,0.025,1.0,0.025,0.8
2129,,0.0,0.875,0.432,0.193,-0.025,0.95,-0.025,0.75
2130,5,-0.025,0.857,0.432,0.211,1.0,0.968,-0.025,0.732
2131,7,-0.025,0.839,0.407,0.193,1.0,0.986,1.0,0.75
2132,1,1.0,0.857,0.407,0.175,0.975,0.968,1.0,0.768
2133,,0.95,0.807,0.357,0.125,0.925,0.918,0.95,0.718
2134,,0.9,0.757,0.307,0.075,0.875,0.868,0.9,0.668
2135,,0.85,0.707,0.257,0.025,0.825,0.818,0.85,0.618
2136,,0.8,0.657,0.207,-0.025,0.775,0.768,0.8,0.568
2137,4,0.782,0.657,0.225,1.0,0.793,0.768,0.782,0.543
2138,,0.732,0.607,0.175,0.95,0.743,0.718,0.732,0.493
2139,,0.682,0.557,0.125,0.9,0.693,0.668,0.682,0.443
2140,,0.632,0.507,0.075,0.85,0.643,0.618,0.632,0.393
2141,,0.582,0.457,0.025,0.8,0.593,0.568,0.582,0.343
2142,,0.532,0.407,-0.025,0.75,0.543,0.518,0.532,0.293
2143,3,0.532,0.425,1.0,0.768,0.543,0.5,0.507,0.275
2144,,0.482,0.375,0.95,0.718,0.493,0.45,0.457,0.225
2145,,0.432,0.325,0.9,0.668,0.443,0.4,0.407,0.175
2146,,0.382,0.275,0.85,0.618,0.393,0.35,0.357,0.125
2147,,0.332,0.225,0.8,0.568,0.343,0.3,0.307,0.075
2148,,0.282,0.175,0.75,0.518,0.293,0.25,0.257,0.025
2149,,0.232,0.125,0.7,0.468,0.243,0.2,0.207,-0.025
2150,8,0.25,0.125,0.682,0.443,0.225,0.2,0.225,1.0
2151,,0.2,0.075,0.632,0.393,0.175,0.15,0.175,0.95
2152,,0.15,0.025,0.582,0.343,0.125,0.1,0.125,0.9
2153,,0.1,-0.025,0.532,0.293,0.075,0.05,0.075,0.85
2154,2,0.118,1.0,0.55,0.293,0.057,0.025,0.057,0.85
2155,,0.068,0.95,0.5,0.243,0.007,-0.025,0.007,0.8
2156,6,0.05,0.925,0.482,0.243,0.025,1.0,0.025,0.8
2157,,0.0,0.875,0.432,0.193,-0.025,0.95,-0.025,0.75
2158,5,-0.025,0.857,0.432,0.211,1.0,0.968,-0.025,0.732
2159,7,-0.025,0.839,0.407,0.193,1.0,0.986,1.0,0.75
2160,1,1.0,0.857,0.407,0.175,0.975,0.968,1.0,0.768
2161,,0.95,0.807,0.357,0.125,0.925,0.918,0.95,0.718
2162,,0.9,0.757,0.307,0.075,0.875,0.868,0.9,0.668
2163,,0.85,0.707,0.257,0.025,0.825,0.818,0.85,0.618
2164,,0.8,0.657,0.207,-0.025,0.775,0.768,0.8,0.568
2165,4,0.782,0.657,0.225,1.0,0.793,0.768,0.782,0.543
2166,,0.732,0.607,0.175,0.95,0.743,0.718,0.732,0.493
2167,,0.682,0.557,0.125,0.9,0.693,0.668,0.682,0.443
2168,,0.632,0.507,0.075,0.85,0.643,0.618,0.632,0.393
2169,,0.582,0.457,0.025,0.8,0.593,0.568,0.582,0.343
2170,,0.532,0.407,-0.025,0.75,0.543,0.518,0.532,0.293
2171,3,0.532,0.425,1.0,0.768,0.543,0.5,0.507,0.275
2172,,0.482,0.375,0.95,0.718,0.493,0.45,0.457,0.225
2173,,0.432,0.325,0.9,0.668,0.443,0.4,0.407,0.175
2174,,0.382,0.275,0.85,0.618,0.393,0.35,0.357,0.125
2175,,0.332,0.225,0.8,0.568,0.343,0.3,0.307,0.075
2176,,0.282,0.175,0.75,0.518,0.293,0.25,0.257,0.025
2177,,0.232,0.125,0.7,0.468,0.243,0.2,0.207,-0.025
2178,8,0.25,0.125,0.682,0.443,0.225,0.2,0.225,1.0
2179,,0.2,0.075,0.632,0.393,0.175,0.15,0.175,0.95
2180,,0.15,0.025,0.582,0.343,0.125,0.1,0.125,0.9
2181,,0.1,-0.025,0.532,0.293,0.075,0.05,0.075,0.85
2182,2,0.118,1.0,0.55,0.293,0.057,0.025,0.057,0.85
2183,,0.068,0.95,0.5,0.243,0.007,-0.025,0.007,0.8
2184,6,0.05,0.925,0.482,0.243,0.025,1.0,0.025,0.8
2185,,0.0,0.875,0.432,0.193,-0.025,0.95,-0.025,0.75
2186,5,-0.025,0.857,0.432,0.211,1.0,0.968,-0.025,0.732
2187,1,1.0,0.875,0.432,0.193,0.975,0.95,-0.025,0.75
2188,7,1.0,0.857,0.407,0.175,0.975,0.968,1.0,0.768
2189,,0.95,0.807,0.357,0.125,0.925,0.918,0.95,0.718
2190,,0.9,0.757,0.307,0.075,0.875,0.868,0.9,0.668
2191,,0.85,0.707,0.257,0.025,0.825,0.818,0.85,0.618
2192,,0.8,0.657,0.207,-0.025,0.775,0.768,0.8,0.568
2193,4,0.782,0.657,0.225,1.0,0.793,0.768,0.782,0.543
2194,,0.732,0.607,0.175,0.95,0.743,0.718,0.732,0.493
2195,,0.682,0.557,0.125,0.9,0.693,0.668,0.682,0.443
2196,,0.632,0.507,0.075,0.85,0.643,0.618,0.632,0.393
2197,,0.582,0.457,0.025,0.8,0.593,0.568,0.582,0.343
2198,,0.532,0.407,-0.025,0.75,0.543,0.518,0.532,0.293
2199,3,0.532,0.425,1.0,0.768,0.543,0.5,0.507,0.275
2200,,0.482,0.375,0.95,0.718,0.493,0.45,0.457,0.225
2201,,0.432,0.325,0.9,0.668,0.443,0.4,0.407,0.175
2202,,0.382,0.275,0.85,0.618,0.393,0.35,0.357,0.125
2203,,0.332,0.225,0.8,0.568,0.343,0.3,0.307,0.075
2204,,0.282,0.175,0.75,0.518,0.293,0.25,0.257,0.025
2205,,0.232,0.125,0.7,0.468,0.243,0.2,0.207,-0.025
2206,8,0.25,0.125,0.682,0.443,0.225,0.2,0.225,1.0
2207,,0.2,0.075,0.632,0.393,0.175,0.15,0.175,0.95
2208,,0.15,0.025,0.582,0.343,0.125,0.1,0.125,0.9
2209,,0.1,-0.025,0.532,0.293,0.075,0.05,0.075,0.85
2210,2,0.118,1.0,0.55,0.293,0.057,0.025,0.057,0.85
2211,,0.068,0.95,0.5,0.243,0.007,-0.025,0.007,0.8
2212,6,0.05,0.925,0.482,0.243,0.025,1.0,0.025,0.8
2213,,0.0,0.875,0.432,0.193,-0.025,0.95,-0.025,0.75
2214,7,0.0,0.857,0.407,0.175,-0.025,0.968,1.0,0.768
2215,5,-0.025,0.839,0.407,0.193,1.0,0.986,1.0,0.75
2216,1,1.0,0.857,0.407,0.175,0.975,0.968,1.0,0.768
2217,,0.95,0.807,0.357,0.125,0.925,0.918,0.95,0.718
2218,,0.9,0.757,0.307,0.075,0.875,0.868,0.9,0.668
2219,,0.85,0.707,0.257,0.025,0.825,0.818,0.85,0.618
2220,,0.8,0.657,0.207,-0.025,0.775,0.768,0.8,0.568
2221,4,0.782,0.657,0.225,1.0,0.793,0.768,0.782,0.543
2222,,0.732,0.607,0.175,0.95,0.743,0.718,0.732,0.493
2223,,0.682,0.557,0.125,0.9,0.693,0.668,0.682,0.443
2224,,0.632,0.507,0.075,0.85,0.643,0.618,0.632,0.393
2225,,0.582,0.457,0.025,0.8,0.593,0.568,0.582,0.343
2226,,0.532,0.407,-0.025,0.75,0.543,0.518,0.532,0.293
2227,3,0.532,0.425,1.0,0.768,0.543,0.5,0.507,0.275
2228,,0.482,0.375,0.95,0.718,0.493,0.45,0.457,0.225
2229,,0.432,0.325,0.9,0.668,0.443,0.4,0.407,0.175
2230,,0.382,0.275,0.85,0.618,0.393,0.35,0.357,0.125
2231,,0.332,0.225,0.8,0.568,0.343,0.3,0.307,0.075
2232,,0.282,0.175,0.75,0.518,0.293,0.25,0.257,0.025
2233,,0.232,0.125,0.7,0.468,0.243,0.2,0.207,-0.025
2234,8,0.25,0.125,0.682,0.443,0.225,0.2,0.225,1.0
2235,,0.2,0.075,0.632,0.393,0.175,0.15,0.175,0.95
2236,,0.15,0.025,0.582,0.343,0.125,0.1,0.125,0.9
2237,,0.1,-0.025,0.532,0.293,0.075,0.05,0.075,0.85
2238,2,0.118,1.0,0.55,0.293,0.057,0.025,0.057,0.85
2239,,0.068,0.95,0.5,0.243,0.007,-0.025,0.007,0.8
2240,6,0.05,0.925,0.482,0.243,0.025,1.0,0.025,0.8
2241,,0.0,0.875,0.432,0.193,-0.025,0.95,-0.025,0.75
2242,7,0.0,0.857,0.407,0.175,-0.025,0.968,1.0,0.768
2243,5,-0.025,0.839,0.407,0.193,1.0,0.986,1.0,0.75
2244,1,1.0,0.857,0.407,0.175,0.975,0.968,1.0,0.768
2245,,0.95,0.807,0.357,0.125,0.925,0.918,0.95,0.718
2246,,0.9,0.757,0.307,0.075,0.875,0.868,0.9,0.668
2247,,0.85,0.707,0.257,0.025,0.825,0.818,0.85,0.618
2248,,0.8,0.657,0.207,-0.025,0.775,0.768,0.8,0.568
2249,4,0.782,0.657,0.225,1.0,0.793,0.768,0.782,0.543
2250,,0.732,0.607,0.175,0.95,0.743,0.718,0.732,0.493
2251,,0.682,0.557,0.125,0.9,0.693,0.668,0.682,0.443
2252,,0.632,0.507,0.075,0.85,0.643,0.618,0.632,0.393
2253,,0.582,0.457,0.025,0.8,0.593,0.568,0.582,0.343
2254,,0.532,0.407,-0.025,0.75,0.543,0.518,0.532,0.293
2255,3,0.532,0.425,1.0,0.768,0.543,0.5,0.507,0.275
2256,,0.482,0.375,0.95,0.718,0.493,0.45,0.457,0.225
2257,,0.432,0.325,0.9,0.668,0.443,0.4,0.407,0.175
2258,,0.382,0.275,0.85,0.618,0.393,0.35,0.357,0.125
2259,,0.332,0.225,0.8,0.568,0.343,0.3,0.307,0.075
2260,,0.282,0.175,0.75,0.518,0.293,0.25,0.257,0.025
2261,,0.232,0.125,0.7,0.468,0.243,0.2,0.207,-0.025
2262,8,0.25,0.125,0.682,0.443,0.225,0.2,0.225,1.0
2263,,0.2,0.075,0.632,0.393,0.175,0.15,0.175,0.95
2264,,0.15,0.025,0.582,0.343,0.125,0.1,0.125,0.9
2265,,0.1,-0.025,0.532,0.293,0.075,0.05,0.075,0.85
2266,2,0.118,1.0,0.55,0.293,0.057,0.025,0.057,0.85
2267,,0.068,0.95,0.5,0.243,0.007,-0.025,0.007,0.8
2268,6,0.05,0.925,0.482,0.243,0.025,1.0,0.025,0.8
2269,,0.0,0.875,0.432,0.193,-0.025,0.95,-0.025,0.75
2270,5,-0.025,0.857,0.432,0.211,1.0,0.968,-0.025,0.732
2271,7,-0.025,0.839,0.407,0.193,1.0,0.986,1.0,0.75
2272,1,1.0,0.857,0.407,0.175,0.975,0.968,1.0,0.768
2273,,0.95,0.807,0.357,0.125,0.925,0.918,0.95,0.718
2274,,0.9,0.757,0.307,0.075,0.875,0.868,0.9,0.668
2275,,0.85,0.707,0.257,0.025,0.825,0.818,0.85,0.618
2276,,0.8,0.657,0.207,-0.025,0.775,0.768,0.8,0.568
2277,4,0.782,0.657,0.225,1.0,0.793,0.768,0.782,0.543
2278,,0.732,0.607,0.175,0.95,0.743,0.718,0.732,0.493
2279,,0.682,0.557,0.125,0.9,0.693,0.668,0.682,0.443
2280,,0.632,0.507,0.075,0.85,0.643,0.618,0.632,0.393
2281,,0.582,0.457,0.025,0.8,0.593,0.568,0.582,0.343
2282,,0.532,0.407,-0.025,0.75,0.543,0.518,0.532,0.293
2283,3,0.532,0.425,1.0,0.768,0.543,0.5,0.507,0.275
2284,,0.482,0.375,0.95,0.718,0.493,0.45,0.457,0.225
2285,,0.432,0.325,0.9,0.668,0.443,0.4,0.407,0.175
2286,,0.382,0.275,0.85,0.618,0.393,0.35,0.357,0.125
2287,,0.332,0.225,0.8,0.568,0.343,0.3,0.307,0.075
2288,,0.282,0.175,0.75,0.518,0.293,0.25,0.257,0.025
2289,,0.232,0.125,0.7,0.468,0.243,0.2,0.207,-0.025
2290,8,0.25,0.125,0.682,0.443,0.225,0.2,0.225,1.0
2291,,0.2,0.075,0.632,0.393,0.175,0.15,0.175,0.95
2292,,0.15,0.025,0.582,0.343,0.125,0.1,0.125,0.9
2293,,0.1,-0.025,0.532,0.293,0.075,0.05,0.075,0.85
2294,2,0.118,1.0,0.55,0.293,0.057,0.025,0.057,0.85
2295,,0.068,0.95,0.5,0.243,0.007,-0.025,0.007,0.8
2296,6,0.05,0.925,0.482,0.243,0.025,1.0,0.025,0.8
2297,,0.0,0.875,0.432,0.193,-0.025,0.95,-0.025,0.75
2298,7,0.0,0.857,0.407,0.175,-0.025,0.968,1.0,0.768
2299,5,-0.025,0.839,0.407,0.193,1.0,0.986,1.0,0.75
2300,1,1.0,0.857,0.407,0.175,0.975,0.968,1.0,0.768
2301,,0.95,0.807,0.357,0.125,0.925,0.918,0.95,0.718
2302,,0.9,0.757,0.307,0.075,0.875,0.868,0.9,0.668
2303,,0.85,0.707,0.257,0.025,0.825,0.818,0.85,0.618
2304,,0.8,0.657,0.207,-0.025,0.775,0.768,0.8,0.568
2305,4,0.782,0.657,0.225,1.0,0.793,0.768,0.782,0.543
2306,,0.732,0.607,0.175,0.95,0.743,0.718,0.732,0.493
2307,,0.682,0.557,0.125,0.9,0.693,0.668,0.682,0.443
2308,,0.632,0.507,0.075,0.85,0.643,0.618,0.632,0.393
2309,,0.582,0.457,0.025,0.8,0.593,0.568,0.582,0.343
2310,,0.532,0.407,-0.025,0.75,0.543,0.518,0.532,0.293
2311,3,0.532,0.425,1.0,0.768,0.543,0.5,0.507,0.275
2312,,0.482,0.375,0.95,0.718,0.493,0.45,0.457,0.225
2313,,0.432,0.325,0.9,0.668,0.443,0.4,0.407,0.175
2314,,0.382,0.275,0.85,0.618,0.393,0.35,0.357,0.125
2315,,0.332,0.225,0.8,0.568,0.343,0.3,0.307,0.075
2316,,0.282,0.175,0.75,0.518,0.293,0.25,0.257,0.025
2317,,0.232,0.125,0.7,0.468,0.243,0.2,0.207,-0.025
2318,8,0.25,0.125,0.682,0.443,0.225,0.2,0.225,1.0
2319,,0.2,0.075,0.632,0.393,0.175,0.15,0.175,0.95
2320,,0.15,0.025,0.582,0.343,0.125,0.1,0.125,0.9
2321,,0.1,-0.025,0.532,0.293,0.075,0.05,0.075,0.85
2322,2,0.118,1.0,0.55,0.293,0.057,0.025,0.057,0.85
2323,,0.068,0.95,0.5,0.243,0.007,-0.025,0.007,0.8
2324,6,0.05,0.925,0.482,0.243,0.025,1.0,0.025,0.8
2325,,0.0,0.875,0.432,0.193,-0.025,0.95,-0.025,0.75
2326,7,0.0,0.857,0.407,0.175,-0.025,0.968,1.0,0.768
2327,5,-0.025,0.839,0.407,0.193,1.0,0.986,1.0,0.75
2328,1,1.0,0.857,0.407,0.175,0.975,0.968,1.0,0.768
2329,,0.95,0.807,0.357,0.125,0.925,0.918,0.95,0.718
2330,,0.9,0.757,0.307,0.075,0.875,0.868,0.9,0.668
2331,,0.85,0.707,0.257,0.025,0.825,0.818,0.85,0.618
2332,,0.8,0.657,0.207,-0.025,0.775,0.768,0.8,0.568
2333,4,0.782,0.657,0.225,1.0,0.793,0.768,0.782,0.543
2334,,0.732,0.607,0.175,0.95,0.743,0.718,0.732,0.493
2335,,0.682,0.557,0.125,0.9,0.693,0.668,0.682,0.443
2336,,0.632,0.507,0.075,0.85,0.643,0.618,0.632,0.393
2337,,0.582,0.457,0.025,0.8,0.593,0.568,0.582,0.343
2338,,0.532,0.407,-0.025,0.75,0.543,0.518,0.532,0.293
2339,3,0.532,0.425,1.0,0.768,0.543,0.5,0.507,0.275
2340,,0.482,0.375,0.95,0.718,0.493,0.45,0.457,0.225
2341,,0.432,0.325,0.9,0.668,0.443,0.4,0.407,0.175
2342,,0.382,0.275,0.85,0.618,0.393,0.35,0.357,0.125
2343,,0.332,0.225,0.8,0.568,0.343,0.3,0.307,0.075
2344,,0.282,0.175,0.75,0.518,0.293,0.25,0.257,0.025
2345,,0.232,0.125,0.7,0.468,0.243,0.2,0.207,-0.025
2346,8,0.25,0.125,0.682,0.443,0.225,0.2,0.225,1.0
2347,,0.2,0.075,0.632,0.393,0.175,0.15,0.175,0.95
2348,,0.15,0.025,0.582,0.343,0.125,0.1,0.125,0.9
2349,,0.1,-0.025,0.532,0.293,0.075,0.05,0.075,0.85
2350,2,0.118,1.0,0.55,0.293,0.057,0.025,0.057,0.85
2351,,0.068,0.95,0.5,0.243,0.007,-0.025,0.007,0.8
2352,6,0.05,0.925,0.482,0.243,0.025,1.0,0.025,0.8
2353,,0.0,0.875,0.432,0.193,-0.025,0.95,-0.025,0.75
2354,5,-0.025,0.857,0.432,0.211,1.0,0.968,-0.025,0.732
2355,1,1.0,0.875,0.432,0.193,0.975,0.95,-0.025,0.75
2356,7,1.0,0.857,0.407,0.175,0.975,0.968,1.0,0.768
2357,,0.95,0.807,0.357,0.125,0.925,0.918,0.95,0.718
2358,,0.9,0.757,0.307,0.075,0.875,0.868,0.9,0.668
2359,,0.85,0.707,0.257,0.025,0.825,0.818,0.85,0.618
2360,,0.8,0.657,0.207,-0.025,0.775,0.768,0.8,0.568
2361,4,0.782,0.657,0.225,1.0,0.793,0.768,0.782,0.543
2362,,0.732,0.607,0.175,0.95,0.743,0.718,0.732,0.493
2363,,0.682,0.557,0.125,0.9,0.693,0.668,0.682,0.443
2364,,0.632,0.507,0.075,0.85,0.643,0.618,0.632,0.393
2365,,0.582,0.457,0.025,0.8,0.593,0.568,0.582,0.343
2366,,0.532,0.407,-0.025,0.75,0.543,0.518,0.532,0.293
2367,3,0.532,0.425,1.0,0.768,0.543,0.5,0.507,0.275
2368,,0.482,0.375,0.95,0.718,0.493,0.45,0.457,0.225
2369,,0.432,0.325,0.9,0.668,0.443,0.4,0.407,0.175
2370,,0.382,0.275,0.85,0.618,0.393,0.35,0.357,0.125
2371,,0.332,0.225,0.8,0.568,0.343,0.3,0.307,0.075
2372,,0.282,0.175,0.75,0.518,0.293,0.25,0.257,0.025
2373,,0.232,0.125,0.7,0.468,0.243,0.2,0.207,-0.025
2374,8,0.25,0.125,0.682,0.443,0.225,0.2,0.225,1.0
2375,,0.2,0.075,0.632,0.393,0.175,0.15,0.175,0.95
2376,,0.15,0.025,0.582,0.343,0.125,0.1,0.125,0.9
2377,,0.1,-0.025,0.532,0.293,0.075,0.05,0.075,0.85
2378,2,0.118,1.0,0.55,0.293,0.057,0.025,0.057,0.85
2379,,0.068,0.95,0.5,0.243,0.007,-0.025,0.007,0.8
2380,6,0.05,0.925,0.482,0.243,0.025,1.0,0.025,0.8
2381,,0.0,0.875,0.432,0.193,-0.025,0.95,-0.025,0.75
2382,5,-0.025,0.857,0.432,0.211,1.0,0.968,-0.025,0.732
2383,1,1.0,0.875,0.432,0.193,0.975,0.95,-0.025,0.75
2384,7,1.0,0.857,0.407,0.175,0.975,0.968,1.0,0.768
2385,,0.95,0.807,0.357,0.125,0.925,0.918,0.95,0.718
2386,,0.9,0.757,0.307,0.075,0.875,0.868,0.9,0.668
2387,,0.85,0.707,0.257,0.025,0.825,0.818,0.85,0.618
2388,,0.8,0.657,0.207,-0.025,0.775,0.768,0.8,0.568
2389,4,0.782,0.657,0.225,1.0,0.793,0.768,0.782,0.543
2390,,0.732,0.607,0.175,0.95,0.743,0.718,0.732,0.493
2391,,0.682,0.557,0.125,0.9,0.693,0.668,0.682,0.443
2392,,0.632,0.507,0.075,0.85,0.643,0.618,0.632,0.393
2393,,0.582,0.457,0.025,0.8,0.593,0.568,0.582,0.343
2394,,0.532,0.407,-0.025,0.75,0.543,0.518,0.532,0.293
2395,3,0.532,0.425,1.0,0.768,0.543,0.5,0.507,0.275
2396,,0.482,0.375,0.95,0.718,0.493,0.45,0.457,0.225
2397,,0.432,0.325,0.9,0.668,0.443,0.4,0.407,0.175
2398,,0.382,0.275,0.85,0.618,0.393,0.35,0.357,0.125
2399,,0.332,0.225,0.8,0.568,0.343,0.3,0.307,0.075
2400,,0.282,0.175,0.75,0.518,0.293,0.25,0.257,0.025
2401,,0.232,0.125,0.7,0.468,0.243,0.2,0.207,-0.025
2402,8,0.25,0.125,0.682,0.443,0.225,0.2,0.225,1.0
2403,,0.2,0.075,0.632,0.393,0.175,0.15,0.175,0.95
2404,,0.15,0.025,0.582,0.343,0.125,0.1,0.125,0.9
2405,,0.1,-0.025,0.532,0.293,0.075,0.05,0.075,0.85
2406,2,0.118,1.0,0.55,0.293,0.057,0.025,0.057,0.85
2407,,0.068,0.95,0.5,0.243,0.007,-0.025,0.007,0.8
2408,6,0.05,0.925,0.482,0.243,0.025,1.0,0.025,0.8
2409,,0.0,0.875,0.432,0.193,-0.025,0.95,-0.025,0.75
2410,5,-0.025,0.857,0.432,0.211,1.0,0.968,-0.025,0.732
2411,1,1.0,0.875,0.432,0.193,0.975,0.95,-0.025,0.75
2412,7,1.0,0.857,0.407,0.175,0.975,0.968,1.0,0.768
2413,,0.95,0.807,0.357,0.125,0.925,0.918,0.95,0.718
2414,,0.9,0.757,0.307,0.075,0.875,0.868,0.9,0.668
2415,,0.85,0.707,0.257,0.025,0.825,0.818,0.85,0.618
2416,,0.8,0.657,0.207,-0.025,0.775,0.768,0.8,0.568
2417,4,0.782,0.657,0.225,1.0,0.793,0.768,0.782,0.543
2418,,0.732,0.607,0.175,0.95,0.743,0.718,0.732,0.493
2419,,0.682,0.557,0.125,0.9,0.693,0.668,0.682,0.443
2420,,0.632,0.507,0.075,0.85,0.643,0.618,0.632,0.393
2421,,0.582,0.457,0.025,0.8,0.593,0.568,0.582,0.343
2422,,0.532,0.407,-0.025,0.75,0.543,0.518,0.532,0.293
2423,3,0.532,0.425,1.0,0.768,0.543,0.5,0.507,0.275
2424,,0.482,0.375,0.95,0.718,0.493,0.45,0.457,0.225
2425,,0.432,0.325,0.9,0.668,0.443,0.4,0.407,0.175
2426,,0.382,0.275,0.85,0.618,0.393,0.35,0.357,0.125
2427,,0.332,0.225,0.8,0.568,0.343,0.3,0.307,0.075
2428,,0.282,0.175,0.75,0.518,0.293,0.25,0.257,0.025
2429,,0.232,0.125,0.7,0.468,0.243,0.2,0.207,-0.025
2430,8,0.25,0.125,0.682,0.443,0.225,0.2,0.225,1.0
2431,,0.2,0.075,0.632,0.393,0.175,0.15,0.175,0.95
2432,,0.15,0.025,0.582,0.343,0.125,0.1,0.125,0.9
2433,,0.1,-0.025,0.532,0.293,0.075,0.05,0.075,0.85
2434,2,0.118,1.0,0.55,0.293,0.057,0.025,0.057,0.85
2435,,0.068,0.95,0.5,0.243,0.007,-0.025,0.007,0.8
2436,6,0.05,0.925,0.482,0.243,0.025,1.0,0.025,0.8
2437,,0.0,0.875,0.432,0.193,-0.025,0.95,-0.025,0.75
2438,5,-0.025,0.857,0.432,0.211,1.0,0.968,-0.025,0.732
2439,1,1.0,0.875,0.432,0.193,0.975,0.95,-0.025,0.75
2440,7,1.0,0.857,0.407,0.175,0.975,0.968,1.0,0.768
2441,,0.95,0.807,0.357,0.125,0.925,0.918,0.95,0.718
2442,,0.9,0.757,0.307,0.075,0.875,0.868,0.9,0.668
2443,,0.85,0.707,0.257,0.025,0.825,0.818,0.85,0.618
2444,,0.8,0.657,0.207,-0.025,0.775,0.768,0.8,0.568
2445,4,0.782,0.657,0.225,1.0,0.793,0.768,0.782,0.543
2446,,0.732,0.607,0.175,0.95,0.743,0.718,0.732,0.493
2447,,0.682,0.557,0.125,0.9,0.693,0.668,0.682,0.443
2448,,0.632,0.507,0.075,0.85,0.643,0.618,0.632,0.393
2449,,0.582,0.457,0.025,0.8,0.593,0.568,0.582,0.343
2450,,0.532,0.407,-0.025,0.75,0.543,0.518,0.532,0.293
2451,3,0.532,0.425,1.0,0.768,0.543,0.5,0.507,0.275
2452,,0.482,0.375,0.95,0.718,0.493,0.45,0.457,0.225
2453,,0.432,0.325,0.9,0.668,0.443,0.4,0.407,0.175
2454,,0.382,0.275,0.85,0.618,0.393,0.35,0.357,0.125
2455,,0.332,0.225,0.8,0.568,0.343,0.3,0.307,0.075
2456,,0.282,0.175,0.75,0.518,0.293,0.25,0.257,0.025
2457,,0.232,0.125,0.7,0.468,0.243,0.2,0.207,-0.025
2458,8,0.25,0.125,0.682,0.443,0.225,0.2,0.225,1.0
2459,,0.2,0.075,0.632,0.393,0.175,0.15,0.175,0.95
2460,,0.15,0.025,0.582,0.343,0.125,0.1,0.125,0.9
2461,,0.1,-0.025,0.532,0.293,0.075,0.05,0.075,0.85
2462,2,0.118,1.0,0.55,0.293,0.057,0.025,0.057,0.85
2463,,0.068,0.95,0.5,0.243,0.007,-0.025,0.007,0.8
2464,6,0.05,0.925,0.482,0.243,0.025,1.0,0.025,0.8
2465,,0.0,0.875,0.432,0.193,-0.025,0.95,-0.025,0.75
2466,5,-0.025,0.857,0.432,0.211,1.0,0.968,-0.025,0.732
2467,7,-0.025,0.839,0.407,0.193,1.0,0.986,1.0,0.75
2468,1,1.0,0.857,0.407,0.175,0.975,0.968,1.0,0.768
2469,,0.95,0.807,0.357,0.125,0.925,0.918,0.95,0.718
2470,,0.9,0.757,0.307,0.075,0.875,0.868,0.9,0.668
2471,,0.85,0.707,0.257,0.025,0.825,0.818,0.85,0.618
2472,,0.8,0.657,0.207,-0.025,0.775,0.768,0.8,0.568
2473,4,0.782,0.657,0.225,1.0,0.793,0.768,0.782,0.543
2474,,0.732,0.607,0.175,0.95,0.743,0.718,0.732,0.493
2475,,0.682,0.557,0.125,0.9,0.693,0.668,0.682,0.443
2476,,0.632,0.507,0.075,0.85,0.643,0.618,0.632,0.393
2477,,0.582,0.457,0.025,0.8,0.593,0.568,0.582,0.343
2478,,0.532,0.407,-0.025,0.75,0.543,0.518,0.532,0.293
2479,3,0.532,0.425,1.0,0.768,0.543,0.5,0.507,0.275
2480,,0.482,0.375,0.95,0.718,0.493,0.45,0.457,0.225
2481,,0.432,0.325,0.9,0.668,0.443,0.4,0.407,0.175
2482,,0.382,0.275,0.85,0.618,0.393,0.35,0.357,0.125
2483,,0.332,0.225,0.8,0.568,0.343,0.3,0.307,0.075
2484,,0.282,0.175,0.75,0.518,0.293,0.25,0.257,0.025
2485,,0.232,0.125,0.7,0.468,0.243,0.2,0.207,-0.025
2486,8,0.25,0.125,0.682,0.443,0.225,0.2,0.225,1.0
2487,,0.2,0.075,0.632,0.393,0.175,0.15,0.175,0.95
2488,,0.15,0.025,0.582,0.343,0.125,0.1,0.125,0.9
2489,,0.1,-0.025,0.532,0.293,0.075,0.05,0.075,0.85
2490,2,0.118,1.0,0.55,0.293,0.057,0.025,0.057,0.85
2491,,0.068,0.95,0.5,0.243,0.007,-0.025,0.007,0.8
2492,6,0.05,0.925,0.482,0.243,0.025,1.0,0.025,0.8
2493,,0.0,0.875,0.432,0.193,-0.025,0.95,-0.025,0.75
2494,5,-0.025,0.857,0.432,0.211,1.0,0.968,-0.025,0.732
2495,7,-0.025,0.839,0.407,0.193,1.0,0.986,1.0,0.75
2496,1,1.0,0.857,0.407,0.175,0.975,0.968,1.0,0.768
2497,,0.95,0.807,0.357,0.125,0.925,0.918,0.95,0.718
2498,,0.9,0.757,0.307,0.075,0.875,0.868,0.9,0.668
2499,,0.85,0.707,0.257,0.025,0.825,0.818,0.85,0.618
2500,,0.8,0.657,0.207,-0.025,0.775,0.768,0.8,0.568
2501,4,0.782,0.657,0.225,1.0,0.793,0.768,0.782,0.543
2502,,0.732,0.607,0.175,0.95,0.743,0.718,0.732,0.493
2503,,0.682,0.557,0.125,0.9,0.693,0.668,0.682,0.443
2504,,0.632,0.507,0.075,0.85,0.643,0.618,0.632,0.393
2505,,0.582,0.457,0.025,0.8,0.593,0.568,0.582,0.343
2506,,0.532,0.407,-0.025,0.75,0.543,0.518,0.532,0.293
2507,3,0.532,0.425,1.0,0.768,0.543,0.5,0.507,0.275
2508,,0.482,0.375,0.95,0.718,0.493,0.45,0.457,0.225
2509,,0.432,0.325,0.9,0.668,0.443,0.4,0.407,0.175
2510,,0.382,0.275,0.85,0.618,0.393,0.35,0.357,0.125
2511,,0.332,0.225,0.8,0.568,0.343,0.3,0.307,0.075
2512,,0.282,0.175,0.75,0.518,0.293,0.25,0.257,0.025
2513,,0.232,0.125,0.7,0.468,0.243,0.2,0.207,-0.025
2514,8,0.25,0.125,0.682,0.443,0.225,0.2,0.225,1.0
2515,,0.2,0.075,0.632,0.393,0.175,0.15,0.175,0.95
2516,,0.15,0.025,0.582,0.343,0.125,0.1,0.125,0.9
2517,,0.1,-0.025,0.532,0.293,0.075,0.05,0.075,0.85
2518,2,0.118,1.0,0.55,0.293,0.057,0.025,0.057,0.85
2519,,0.068,0.95,0.5,0.243,0.007,-0.025,0.007,0.8
2520,6,0.05,0.925,0.482,0.243,0.025,1.0,0.025,0.8
2521,,0.0,0.875,0.432,0.193,-0.025,0.95,-0.025,0.75
2522,7,0.0,0.857,0.407,0.175,-0.025,0.968,1.0,0.768
2523,5,-0.025,0.839,0.407,0.193,1.0,0.986,1.0,0.75
2524,1,1.0,0.857,0.407,0.175,0.975,0.968,1.0,0.768
2525,,0.95,0.807,0.357,0.125,0.925,0.918,0.95,0.718
2526,,0.9,0.757,0.307,0.075,0.875,0.868,0.9,0.668
2527,,0.85,0.707,0.257,0.025,0.825,0.818,0.85,0.618
2528,,0.8,0.657,0.207,-0.025,0.775,0.768,0.8,0.568
2529,4,0.782,0.657,0.225,1.0,0.793,0.768,0.782,0.543
2530,,0.732,0.607,0.175,0.95,0.743,0.718,0.732,0.493
2531,,0.682,0.557,0.125,0.9,0.693,0.668,0.682,0.443
2532,,0.632,0.507,0.075,0.85,0.643,0.618,0.632,0.393
2533,,0.582,0.457,0.025,0.8,0.593,0.568,0.582,0.343
2534,,0.532,0.407,-0.025,0.75,0.543,0.518,0.532,0.293
2535,3,0.532,0.425,1.0,0.768,0.543,0.5,0.507,0.275
2536,,0.482,0.375,0.95,0.718,0.493,0.45,0.457,0.225
2537,,0.432,0.325,0.9,0.668,0.443,0.4,0.407,0.175
2538,,0.382,0.275,0.85,0.618,0.393,0.35,0.357,0.125
2539,,0.332,0.225,0.8,0.568,0.343,0.3,0.307,0.075
2540,,0.282,0.175,0.75,0.518,0.293,0.25,0.257,0.025
2541,,0.232,0.125,0.7,0.468,0.243,0.2,0.207,-0.025
2542,8,0.25,0.125,0.682,0.443,0.225,0.2,0.225,1.0
2543,,0.2,0.075,0.632,0.393,0.175,0.15,0.175,0.95
2544,,0.15,0.025,0.582,0.343,0.125,0.1,0.125,0.9
2545,,0.1,-0.025,0.532,0.293,0.075,0.05,0.075,0.85
2546,2,0.118,1.0,0.55,0.293,0.057,0.025,0.057,0.85
2547,,0.068,0.95,0.5,0.243,0.007,-0.025,0.007,0.8
2548,6,0.05,0.925,0.482,0.243,0.025,1.0,0.025,0.8
2549,,0.0,0.875,0.432,0.193,-0.025,0.95,-0.025,0.75
2550,7,0.0,0.857,0.407,0.175,-0.025,0.968,1.0,0.768
2551,5,-0.025,0.839,0.407,0.193,1.0,0.986,1.0,0.75
2552,1,1.0,0.857,0.407,0.175,0.975,0.968,1.0,0.768
2553,,0.95,0.807,0.357,0.125,0.925,0.918,0.95,0.718
2554,,0.9,0.757,0.307,0.075,0.875,0.868,0.9,0.668
2555,,0.85,0.707,0.257,0.025,0.825,0.818,0.85,0.618
2556,,0.8,0.657,0.207,-0.025,0.775,0.768,0.8,0.568
2557,4,0.782,0.657,0.225,1.0,0.793,0.768,0.782,0.543
2558,,0.732,0.607,0.175,0.95,0.743,0.718,0.732,0.493
2559,,0.682,0.557,0.125,0.9,0.693,0.668,0.682,0.443
2560,,0.632,0.507,0.075,0.85,0.643,0.618,0.632,0.393
2561,,0.582,0.457,0.025,0.8,0.593,0.568,0.582,0.343
2562,,0.532,0.407,-0.025,0.75,0.543,0.518,0.532,0.293
2563,3,0.532,0.425,1.0,0.768,0.543,0.5,0.507,0.275
2564,,0.482,0.375,0.95,0.718,0.493,0.45,0.457,0.225
2565,,0.432,0.325,0.9,0.668,0.443,0.4,0.407,0.175
2566,,0.382,0.275,0.85,0.618,0.393,0.35,0.357,0.125
2567,,0.332,0.225,0.8,0.568,0.343,0.3,0.307,0.075
2568,,0.282,0.175,0.75,0.518,0.293,0.25,0.257,0.025
2569,,0.232,0.125,0.7,0.468,0.243,0.2,0.207,-0.025
2570,8,0.25,0.125,0.682,0.443,0.225,0.2,0.225,1.0
2571,,0.2,0.075,0.632,0.393,0.175,0.15,0.175,0.95
2572,,0.15,0.025,0.582,0.343,0.125,0.1,0.125,0.9
2573,,0.1,-0.025,0.532,0.293,0.075,0.05,0.075,0.85
2574,2,0.118,1.0,0.55,0.293,0.057,0.025,0.057,0.85
2575,,0.068,0.95,0.5,0.243,0.007,-0.025,0.007,0.8
2576,6,0.05,0.925,0.482,0.243,0.025,1.0,0.025,0.8
2577,,0.0,0.875,0.432,0.193,-0.025,0.95,-0.025,0.75
2578,5,-0.025,0.857,0.432,0.211,1.0,0.968,-0.025,0.732
2579,1,1.0,0.875,0.432,0.193,0.975,0.95,-0.025,0.75
2580,7,1.0,0.857,0.407,0.175,0.975,0.968,1.0,0.768
2581,,0.95,0.807,0.357,0.125,0.925,0.918,0.95,0.718
2582,,0.9,0.757,0.307,0.075,0.875,0.868,0.9,0.668
2583,,0.85,0.707,0.257,0.025,0.825,0.818,0.85,0.618
2584,,0.8,0.657,0.207,-0.025,0.775,0.768,0.8,0.568
2585,4,0.782,0.657,0.225,1.0,0.793,0.768,0.782,0.543
2586,,0.732,0.607,0.175,0.95,0.743,0.718,0.732,0.493
2587,,0.682,0.557,0.125,0.9,0.693,0.668,0.682,0.443
2588,,0.632,0.507,0.075,0.85,0.643,0.618,0.632,0.393
2589,,0.582,0.457,0.025,0.8,0.593,0.568,0.582,0.343
2590,,0.532,0.407,-0.025,0.75,0.543,0.518,0.532,0.293
2591,3,0.532,0.425,1.0,0.768,0.543,0.5,0.507,0.275
2592,,0.482,0.375,0.95,0.718,0.493,0.45,0.457,0.225
2593,,0.432,0.325,0.9,0.668,0.443,0.4,0.407,0.175
2594,,0.382,0.275,0.85,0.618,0.393,0.35,0.357,0.125
2595,,0.332,0.225,0.8,0.568,0.343,0.3,0.307,0.075
2596,,0.282,0.175,0.75,0.518,0.293,0.25,0.257,0.025
2597,,0.232,0.125,0.7,0.468,0.243,0.2,0.207,-0.025
2598,8,0.25,0.125,0.682,0.443,0.225,0.2,0.225,1.0
2599,,0.2,0.075,0.632,0.393,0.175,0.15,0.175,0.95
2600,,0.15,0.025,0.582,0.343,0.125,0.1,0.125,0.9
2601,,0.1,-0.025,0.532,0.293,0.075,0.05,0.075,0.85
2602,2,0.118,1.0,0.55,0.293,0.057,0.025,0.057,0.85
2603,,0.068,0.95,0.5,0.243,0.007,-0.025,0.007,0.8
2604,6,0.05,0.925,0.482,0.243,0.025,1.0,0.025,0.8
2605,,0.0,0.875,0.432,0.193,-0.025,0.95,-0.025,0.75
2606,5,-0.025,0.857,0.432,0.211,1.0,0.968,-0.025,0.732
2607,1,1.0,0.875,0.432,0.193,0.975,0.95,-0.025,0.75
2608,7,1.0,0.857,0.407,0.175,0.975,0.968,1.0,0.768
2609,,0.95,0.807,0.357,0.125,0.925,0.918,0.95,0.718
2610,,0.9,0.757,0.307,0.075,0.875,0.868,0.9,0.668
2611,,0.85,0.707,0.257,0.025,0.825,0.818,0.85,0.618
2612,,0.8,0.657,0.207,-0.025,0.775,0.768,0.8,0.568
2613,4,0.782,0.657,0.225,1.0,0.793,0.768,0.782,0.543
2614,,0.732,0.607,0.175,0.95,0.743,0.718,0.732,0.493
2615,,0.682,0.557,0.125,0.9,0.693,0.668,0.682,0.443
2616,,0.632,0.507,0.075,0.85,0.643,0.618,0.632,0.393
2617,,0.582,0.457,0.025,0.8,0.593,0.568,0.582,0.343
2618,,0.532,0.407,-0.025,0.75,0.543,0.518,0.532,0.293
2619,3,0.532,0.425,1.0,0.768,0.543,0.5,0.507,0.275
2620,,0.482,0.375,0.95,0.718,0.493,0.45,0.457,0.225
2621,,0.432,0.325,0.9,0.668,0.443,0.4,0.407,0.175
2622,,0.382,0.275,0.85,0.618,0.393,0.35,0.357,0.125
2623,,0.332,0.225,0.8,0.568,0.343,0.3,0.307,0.075
2624,,0.282,0.175,0.75,0.518,0.293,0.25,0.257,0.025
2625,,0.232,0.125,0.7,0.468,0.243,0.2,0.207,-0.025
2626,8,0.25,0.125,0.682,0.443,0.225,0.2,0.225,1.0
2627,,0.2,0.075,0.632,0.393,0.175,0.15,0.175,0.95
2628,,0.15,0.025,0.582,0.343,0.125,0.1,0.125,0.9
2629,,0.1,-0.025,0.532,0.293,0.075,0.05,0.075,0.85
2630,2,0.118,1.0,0.55,0.293,0.057,0.025,0.057,0.85
2631,,0.068,0.95,0.5,0.243,0.007,-0.025,0.007,0.8
2632,6,0.05,0.925,0.482,0.243,0.025,1.0,0.025,0.8
2633,,0.0,0.875,0.432,0.193,-0.025,0.95,-0.025,0.75
2634,7,0.0,0.857,0.407,0.175,-0.025,0.968,1.0,0.768
2635,5,-0.025,0.839,0.407,0.193,1.0,0.986,1.0,0.75
2636,1,1.0,0.857,0.407,0.175,0.975,0.968,1.0,0.768
2637,,0.95,0.807,0.357,0.125,0.925,0.918,0.95,0.718
2638,,0.9,0.757,0.307,0.075,0.875,0.868,0.9,0.668
2639,,0.85,0.707,0.257,0.025,0.825,0.818,0.85,0.618
2640,,0.8,0.657,0.207,-0.025,0.775,0.768,0.8,0.568
2641,4,0.782,0.657,0.225,1.0,0.793,0.768,0.782,0.543
2642,,0.732,0.607,0.175,0.95,0.743,0.718,0.732,0.493
2643,,0.682,0.557,0.125,0.9,0.693,0.668,0.682,0.443
2644,,0.632,0.507,0.075,0.85,0.643,0.618,0.632,0.393
2645,,0.582,0.457,0.025,0.8,0.593,0.568,0.582,0.343
2646,,0.532,0.407,-0.025,0.75,0.543,0.518,0.532,0.293
2647,3,0.532,0.425,1.0,0.768,0.543,0.5,0.507,0.275
2648,,0.482,0.375,0.95,0.718,0.493,0.45,0.457,0.225
2649,,0.432,0.325,0.9,0.668,0.443,0.4,0.407,0.175
2650,,0.382,0.275,0.85,0.618,0.393,0.35,0.357,0.125
2651,,0.332,0.225,0.8,0.568,0.343,0.3,0.307,0.075
2652,,0.282,0.175,0.75,0.518,0.293,0.25,0.257,0.025
2653,,0.232,0.125,0.7,0.468,0.243,0.2,0.207,-0.025
2654,8,0.25,0.125,0.682,0.443,0.225,0.2,0.225,1.0
2655,,0.2,0.075,0.632,0.393,0.175,0.15,0.175,0.95
2656,,0.15,0.025,0.582,0.343,0.125,0.1,0.125,0.9
2657,,0.1,-0.025,0.532,0.293,0.075,0.05,0.075,0.85
2658,2,0.118,1.0,0.55,0.293,0.057,0.025,0.057,0.85
2659,,0.068,0.95,0.5,0.243,0.007,-0.025,0.007,0.8
2660,6,0.05,0.925,0.482,0.243,0.025,1.0,0.025,0.8
2661,,0.0,0.875,0.432,0.193,-0.025,0.95,-0.025,0.75
2662,5,-0.025,0.857,0.432,0.211,1.0,0.968,-0.025,0.732
2663,1,1.0,0.875,0.432,0.193,0.975,0.95,-0.025,0.75
2664,7,1.0,0.857,0.407,0.175,0.975,0.968,1.0,0.768
2665,,0.95,0.807,0.357,0.125,0.925,0.918,0.95,0.718
2666,,0.9,0.757,0.307,0.075,0.875,0.868,0.9,0.668
2667,,0.85,0.707,0.257,0.025,0.825,0.818,0.85,0.618
2668,,0.8,0.657,0.207,-0.025,0.775,0.768,0.8,0.568
2669,4,0.782,0.657,0.225,1.0,0.793,0.768,0.782,0.543
2670,,0.732,0.607,0.175,0.95,0.743,0.718,0.732,0.493
2671,,0.682,0.557,0.125,0.9,0.693,0.668,0.682,0.443
2672,,0.632,0.507,0.075,0.85,0.643,0.618,0.632,0.393
2673,,0.582,0.457,0.025,0.8,0.593,0.568,0.582,0.343
2674,,0.532,0.407,-0.025,0.75,0.543,0.518,0.532,0.293
2675,3,0.532,0.425,1.0,0.768,0.543,0.5,0.507,0.275
2676,,0.482,0.375,0.95,0.718,0.493,0.45,0.457,0.225
2677,,0.432,0.325,0.9,0.668,0.443,0.4,0.407,0.175
2678,,0.382,0.275,0.85,0.618,0.393,0.35,0.357,0.125
2679,,0.332,0.225,0.8,0.568,0.343,0.3,0.307,0.075
2680,,0.282,0.175,0.75,0.518,0.293,0.25,0.257,0.025
2681,,0.232,0.125,0.7,0.468,0.243,0.2,0.207,-0.025
2682,8,0.25,0.125,0.682,0.443,0.225,0.2,0.225,1.0
2683,,0.2,0.075,0.632,0.393,0.175,0.15,0.175,0.95
2684,,0.15,0.025,0.582,0.343,0.125,0.1,0.125,0.9
2685,,0.1,-0.025,0.532,0.293,0.075,0.05,0.075,0.85
2686,2,0.118,1.0,0.55,0.293,0.057,0.025,0.057,0.85
2687,,0.068,0.95,0.5,0.243,0.007,-0.025,0.007,0.8
2688,6,0.05,0.925,0.482,0.243,0.025,1.0,0.025,0.8
2689,,0.0,0.875,0.432,0.193,-0.025,0.95,-0.025,0.75
2690,5,-0.025,0.857,0.432,0.211,1.0,0.968,-0.025,0.732
2691,1,1.0,0.875,0.432,0.193,0.975,0.95,-0.025,0.75
2692,7,1.0,0.857,0.407,0.175,0.975,0.968,1.0,0.768
2693,,0.95,0.807,0.357,0.125,0.925,0.918,0.95,0.718
2694,,0.9,0.757,0.307,0.075,0.875,0.868,0.9,0.668
2695,,0.85,0.707,0.257,0.025,0.825,0.818,0.85,0.618
2696,,0.8,0.657,0.207,-0.025,0.775,0.768,0.8,0.568
2697,4,0.782,0.657,0.225,1.0,0.793,0.768,0.782,0.543
2698,,0.732,0.607,0.175,0.95,0.743,0.718,0.732,0.493
2699,,0.682,0.557,0.125,0.9,0.693,0.668,0.682,0.443
2700,,0.632,0.507,0.075,0.85,0.643,0.618,0.632,0.393
2701,,0.582,0.457,0.025,0.8,0.593,0.568,0.582,0.343
2702,,0.532,0.407,-0.025,0.75,0.543,0.518,0.532,0.293
2703,3,0.532,0.425,1.0,0.768,0.543,0.5,0.507,0.275
2704,,0.482,0.375,0.95,0.718,0.493,0.45,0.457,0.225
2705,,0.432,0.325,0.9,0.668,0.443,0.4,0.407,0.175
2706,,0.382,0.275,0.85,0.618,0.393,0.35,0.357,0.125
2707,,0.332,0.225,0.8,0.568,0.343,0.3,0.307,0.075
2708,,0.282,0.175,0.75,0.518,0.293,0.25,0.257,0.025
2709,,0.232,0.125,0.7,0.468,0.243,0.2,0.207,-0.025
2710,8,0.25,0.125,0.682,0.443,0.225,0.2,0.225,1.0
2711,,0.2,0.075,0.632,0.393,0.175,0.15,0.175,0.95
2712,,0.15,0.025,0.582,0.343,0.125,0.1,0.125,0.9
2713,,0.1,-0.025,0.532,0.293,0.075,0.05,0.075,0.85
2714,2,0.118,1.0,0.55,0.293,0.057,0.025,0.057,0.85
2715,,0.068,0.95,0.5,0.243,0.007,-0.025,0.007,0.8
2716,6,0.05,0.925,0.482,0.243,0.025,1.0,0.025,0.8
2717,,0.0,0.875,0.432,0.193,-0.025,0.95,-0.025,0.75
2718,5,-0.025,0.857,0.432,0.211,1.0,0.968,-0.025,0.732
2719,7,-0.025,0.839,0.407,0.193,1.0,0.986,1.0,0.75
2720,1,1.0,0.857,0.407,0.175,0.975,0.968,1.0,0.768
2721,,0.95,0.807,0.357,0.125,0.925,0.918,0.95,0.718
2722,,0.9,0.757,0.307,0.075,0.875,0.868,0.9,0.668
2723,,0.85,0.707,0.257,0.025,0.825,0.818,0.85,0.618
2724,,0.8,0.657,0.207,-0.025,0.775,0.768,0.8,0.568
2725,4,0.782,0.657,0.225,1.0,0.793,0.768,0.782,0.543
2726,,0.732,0.607,0.175,0.95,0.743,0.718,0.732,0.493
2727,,0.682,0.557,0.125,0.9,0.693,0.668,0.682,0.443
2728,,0.632,0.507,0.075,0.85,0.643,0.618,0.632,0.393
2729,,0.582,0.457,0.025,0.8,0.593,0.568,0.582,0.343
2730,,0.532,0.407,-0.025,0.75,0.543,0.518,0.532,0.293
2731,3,0.532,0.425,1.0,0.768,0.543,0.5,0.507,0.275
2732,,0.482,0.375,0.95,0.718,0.493,0.45,0.457,0.225
2733,,0.432,0.325,0.9,0.668,0.443,0.4,0.407,0.175
2734,,0.382,0.275,0.85,0.618,0.393,0.35,0.357,0.125
2735,,0.332,0.225,0.8,0.568,0.343,0.3,0.307,0.075
2736,,0.282,0.175,0.75,0.518,0.293,0.25,0.257,0.025
2737,,0.232,0.125,0.7,0.468,0.243,0.2,0.207,-0.025
2738,8,0.25,0.125,0.682,0.443,0.225,0.2,0.225,1.0
2739,,0.2,0.075,0.632,0.393,0.175,0.15,0.175,0.95
2740,,0.15,0.025,0.582,0.343,0.125,0.1,0.125,0.9
2741,,0.1,-0.025,0.532,0.293,0.075,0.05,0.075,0.85
2742,2,0.118,1.0,0.55,0.293,0.057,0.025,0.057,0.85
2743,,0.068,0.95,0.5,0.243,0.007,-0.025,0.007,0.8
2744,6,0.05,0.925,0.482,0.243,0.025,1.0,0.025,0.8
2745,,0.0,0.875,0.432,0.193,-0.025,0.95,-0.025,0.75
2746,5,-0.025,0.857,0.432,0.211,1.0,0.968,-0.025,0.732
2747,7,-0.025,0.839,0.407,0.193,1.0,0.986,1.0,0.75
2748,1,1.0,0.857,0.407,0.175,0.975,0.968,1.0,0.768
2749,,0.95,0.807,0.357,0.125,0.925,0.918,0.95,0.718
2750,,0.9,0.757,0.307,0.075,0.875,0.868,0.9,0.668
2751,,0.85,0.707,0.257,0.025,0.825,0.818,0.85,0.618
2752,,0.8,0.657,0.207,-0.025,0.775,0.768,0.8,0.568
2753,4,0.782,0.657,0.225,1.0,0.793,0.768,0.782,0.543
2754,,0.732,0.607,0.175,0.95,0.743,0.718,0.732,0.493
2755,,0.682,0.557,0.125,0.9,0.693,0.668,0.682,0.443
2756,,0.632,0.507,0.075,0.85,0.643,0.618,0.632,0.393
2757,,0.582,0.457,0.025,0.8,0.593,0.568,0.582,0.343
2758,,0.532,0.407,-0.025,0.75,0.543,0.518,0.532,0.293
2759,3,0.532,0.425,1.0,0.768,0.543,0.5,0.507,0.275
2760,,0.482,0.375,0.95,0.718,0.493,0.45,0.457,0.225
2761,,0.432,0.325,0.9,0.668,0.443,0.4,0.407,0.175
2762,,0.382,0.275,0.85,0.618,0.393,0.35,0.357,0.125
2763,,0.332,0.225,0.8,0.568,0.343,0.3,0.307,0.075
2764,,0.282,0.175,0.75,0.518,0.293,0.25,0.257,0.025
2765,,0.232,0.125,0.7,0.468,0.243,0.2,0.207,-0.025
2766,8,0.25,0.125,0.682,0.443,0.225,0.2,0.225,1.0
2767,,0.2,0.075,0.632,0.393,0.175,0.15,0.175,0.95
2768,,0.15,0.025,0.582,0.343,0.125,0.1,0.125,0.9
2769,,0.1,-0.025,0.532,0.293,0.075,0.05,0.075,0.85
2770,2,0.118,1.0,0.55,0.293,0.057,0.025,0.057,0.85
2771,,0.068,0.95,0.5,0.243,0.007,-0.025,0.007,0.8
2772,6,0.05,0.925,0.482,0.243,0.025,1.0,0.025,0.8
2773,,0.0,0.875,0.432,0.193,-0.025,0.95,-0.025,0.75
2774,5,-0.025,0.857,0.432,0.211,1.0,0.968,-0.025,0.732
2775,7,-0.025,0.839,0.407,0.193,1.0,0.986,1.0,0.75
2776,1,1.0,0.857,0.407,0.175,0.975,0.968,1.0,0.768
2777,,0.95,0.807,0.357,0.125,0.925,0.918,0.95,0.718
2778,,0.9,0.757,0.307,0.075,0.875,0.868,0.9,0.668
2779,,0.85,0.707,0.257,0.025,0.825,0.818,0.85,0.618
2780,,0.8,0.657,0.207,-0.025,0.775,0.768,0.8,0.568
2781,4,0.782,0.657,0.225,1.0,0.793,0.768,0.782,0.543
2782,,0.732,0.607,0.175,0.95,0.743,0.718,0.732,0.493
2783,,0.682,0.557,0.125,0.9,0.693,0.668,0.682,0.443
2784,,0.632,0.507,0.075,0.85,0.643,0.618,0.632,0.393
2785,,0.582,0.457,0.025,0.8,0.593,0.568,0.582,0.343
2786,,0.532,0.407,-0.025,0.75,0.543,0.518,0.532,0.293
2787,3,0.532,0.425,1.0,0.768,0.543,0.5,0.507,0.275
2788,,0.482,0.375,0.95,0.718,0.493,0.45,0.457,0.225
2789,,0.432,0.325,0.9,0.668,0.443,0.4,0.407,0.175
2790,,0.382,0.275,0.85,0.618,0.393,0.35,0.357,0.125
2791,,0.332,0.225,0.8,0.568,0.343,0.3,0.307,0.075
2792,,0.282,0.175,0.75,0.518,0.293,0.25,0.257,0.025
2793,,0.232,0.125,0.7,0.468,0.243,0.2,0.207,-0.025
2794,8,0.25,0.125,0.682,0.443,0.225,0.2,0.225,1.0
2795,,0.2,0.075,0.632,0.393,0.175,0.15,0.175,0.95
2796,,0.15,0.025,0.582,0.343,0.125,0.1,0.125,0.9
2797,,0.1,-0.025,0.532,0.293,0.075,0.05,0.075,0.85
2798,2,0.118,1.0,0.55,0.293,0.057,0.025,0.057,0.85
2799,,0.068,0.95,0.5,0.243,0.007,-0.025,0.007,0.8
2800,6,0.05,0.925,0.482,0.243,0.025,1.0,0.025,0.8
2801,,0.0,0.875,0.432,0.193,-0.025,0.95,-0.025,0.75
2802,5,-0.025,0.857,0.432,0.211,1.0,0.968,-0.025,0.732
2803,1,1.0,0.875,0.432,0.193,0.975,0.95,-0.025,0.75
2804,7,1.0,0.857,0.407,0.175,0.975,0.968,1.0,0.768
2805,,0.95,0.807,0.357,0.125,0.925,0.918,0.95,0.718
2806,,0.9,0.757,0.307,0.075,0.875,0.868,0.9,0.668
2807,,0.85,0.707,0.257,0.025,0.825,0.818,0.85,0.618
2808,,0.8,0.657,0.207,-0.025,0.775,0.768,0.8,0.568
2809,4,0.782,0.657,0.225,1.0,0.793,0.768,0.782,0.543
2810,,0.732,0.607,0.175,0.95,0.743,0.718,0.732,0.493
2811,,0.682,0.557,0.125,0.9,0.693,0.668,0.682,0.443
2812,,0.632,0.507,0.075,0.85,0.643,0.618,0.632,0.393
2813,,0.582,0.457,0.025,0.8,0.593,0.568,0.582,0.343
2814,,0.532,0.407,-0.025,0.75,0.543,0.518,0.532,0.293
2815,3,0.532,0.425,1.0,0.768,0.543,0.5,0.507,0.275
2816,,0.482,0.375,0.95,0.718,0.493,0.45,0.457,0.225
2817,,0.432,0.325,0.9,0.668,0.443,0.4,0.407,0.175
2818,,0.382,0.275,0.85,0.618,0.393,0.35,0.357,0.125
2819,,0.332,0.225,0.8,0.568,0.343,0.3,0.307,0.075
2820,,0.282,0.175,0.75,0.518,0.293,0.25,0.257,0.025
2821,,0.232,0.125,0.7,0.468,0.243,0.2,0.207,-0.025
2822,8,0.25,0.125,0.682,0.443,0.225,0.2,0.225,1.0
2823,,0.2,0.075,0.632,0.393,0.175,0.15,0.175,0.95
2824,,0.15,0.025,0.582,0.343,0.125,0.1,0.125,0.9
2825,,0.1,-0.025,0.532,0.293,0.075,0.05,0.075,0.85
2826,2,0.118,1.0,0.55,0.293,0.057,0.025,0.057,0.85
2827,,0.068,0.95,0.5,0.243,0.007,-0.025,0.007,0.8
2828,6,0.05,0.925,0.482,0.243,0.025,1.0,0.025,0.8
2829,,0.0,0.875,0.432,0.193,-0.025,0.95,-0.025,0.75
2830,7,0.0,0.857,0.407,0.175,-0.025,0.968,1.0,0.768
2831,5,-0.025,0.839,0.407,0.193,1.0,0.986,1.0,0.75
2832,1,1.0,0.857,0.407,0.175,0.975,0.968,1.0,0.768
2833,,0.95,0.807,0.357,0.125,0.925,0.918,0.95,0.718
2834,,0.9,0.757,0.307,0.075,0.875,0.868,0.9,0.668
2835,,0.85,0.707,0.257,0.025,0.825,0.818,0.85,0.618
2836,,0.8,0.657,0.207,-0.025,0.775,0.768,0.8,0.568
2837,4,0.782,0.657,0.225,1.0,0.793,0.768,0.782,0.543
2838,,0.732,0.607,0.175,0.95,0.743,0.718,0.732,0.493
2839,,0.682,0.557,0.125,0.9,0.693,0.668,0.682,0.443
2840,,0.632,0.507,0.075,0.85,0.643,0.618,0.632,0.393
2841,,0.582,0.457,0.025,0.8,0.593,0.568,0.582,0.343
2842,,0.532,0.407,-0.025,0.75,0.543,0.518,0.532,0.293
2843,3,0.532,0.425,1.0,0.768,0.543,0.5,0.507,0.275
2844,,0.482,0.375,0.95,0.718,0.493,0.45,0.457,0.225
2845,,0.432,0.325,0.9,0.668,0.443,0.4,0.407,0.175
2846,,0.382,0.275,0.85,0.618,0.393,0.35,0.357,0.125
2847,,0.332,0.225,0.8,0.568,0.343,0.3,0.307,0.075
2848,,0.282,0.175,0.75,0.518,0.293,0.25,0.257,0.025
2849,,0.232,0.125,0.7,0.468,0.243,0.2,0.207,-0.025
2850,8,0.25,0.125,0.682,0.443,0.225,0.2,0.225,1.0
2851,,0.2,0.075,0.632,0.393,0.175,0.15,0.175,0.95
2852,,0.15,0.025,0.582,0.343,0.125,0.1,0.125,0.9
2853,,0.1,-0.025,0.532,0.293,0.075,0.05,0.075,0.85
2854,2,0.118,1.0,0.55,0.293,0.057,0.025,0.057,0.85
2855,,0.068,0.95,0.5,0.243,0.007,-0.025,0.007,0.8
2856,6,0.05,0.925,0.482,0.243,0.025,1.0,0.025,0.8
2857,,0.0,0.875,0.432,0.193,-0.025,0.95,-0.025,0.75
2858,7,0.0,0.857,0.407,0.175,-0.025,0.968,1.0,0.768
2859,5,-0.025,0.839,0.407,0.193,1.0,0.986,1.0,0.75
2860,1,1.0,0.857,0.407,0.175,0.975,0.968,1.0,0.768
2861,,0.95,0.807,0.357,0.125,0.925,0.918,0.95,0.718
2862,,0.9,0.757,0.307,0.075,0.875,0.868,0.9,0.668
2863,,0.85,0.707,0.257,0.025,0.825,0.818,0.85,0.618
2864,,0.8,0.657,0.207,-0.025,0.775,0.768,0.8,0.568
2865,4,0.782,0.657,0.225,1.0,0.793,0.768,0.782,0.543
2866,,0.732,0.607,0.175,0.95,0.743,0.718,0.732,0.493
2867,,0.682,0.557,0.125,0.9,0.693,0.668,0.682,0.443
2868,,0.632,0.507,0.075,0.85,0.643,0.618,0.632,0.393
2869,,0.582,0.457,0.025,0.8,0.593,0.568,0.582,0.343
2870,,0.532,0.407,-0.025,0.75,0.543,0.518,0.532,0.293
2871,3,0.532,0.425,1.0,0.768,0.543,0.5,0.507,0.275
2872,,0.482,0.375,0.95,0.718,0.493,0.45,0.457,0.225
2873,,0.432,0.325,0.9,0.668,0.443,0.4,0.407,0.175
2874,,0.382,0.275,0.85,0.618,0.393,0.35,0.357,0.125
2875,,0.332,0.225,0.8,0.568,0.343,0.3,0.307,0.075
2876,,0.282,0.175,0.75,0.518,0.293,0.25,0.257,0.025
2877,,0.232,0.125,0.7,0.468,0.243,0.2,0.207,-0.025
2878,8,0.25,0.125,0.682,0.443,0.225,0.2,0.225,1.0
2879,,0.2,0.075,0.632,0.393,0.175,0.15,0.175,0.95
2880,,0.15,0.025,0.582,0.343,0.125,0.1,0.125,0.9
2881,,0.1,-0.025,0.532,0.293,0.075,0.05,0.075,0.85
2882,2,0.118,1.0,0.55,0.293,0.057,0.025,0.057,0.85
2883,,0.068,0.95,0.5,0.243,0.007,-0.025,0.007,0.8
2884,6,0.05,0.925,0.482,0.243,0.025,1.0,0.025,0.8
2885,,0.0,0.875,0.432,0.193,-0.025,0.95,-0.025,0.75
2886,7,0.0,0.857,0.407,0.175,-0.025,0.968,1.0,0.768
2887,5,-0.025,0.839,0.407,0.193,1.0,0.986,1.0,0.75
2888,1,1.0,0.857,0.407,0.175,0.975,0.968,1.0,0.768
2889,,0.95,0.807,0.357,0.125,0.925,0.918,0.95,0.718
2890,,0.9,0.757,0.307,0.075,0.875,0.868,0.9,0.668
2891,,0.85,0.707,0.257,0.025,0.825,0.818,0.85,0.618
2892,,0.8,0.657,0.207,-0.025,0.775,0.768,0.8,0.568
2893,4,0.782,0.657,0.225,1.0,0.793,0.768,0.782,0.543
2894,,0.732,0.607,0.175,0.95,0.743,0.718,0.732,0.493
2895,,0.682,0.557,0.125,0.9,0.693,0.668,0.682,0.443
2896,,0.632,0.507,0.075,0.85,0.643,0.618,0.632,0.393
2897,,0.582,0.457,0.025,0.8,0.593,0.568,0.582,0.343
2898,,0.532,0.407,-0.025,0.75,0.543,0.518,0.532,0.293
2899,3,0.532,0.425,1.0,0.768,0.543,0.5,0.507,0.275
2900,,0.482,0.375,0.95,0.718,0.493,0.45,0.457,0.225
2901,,0.432,0.325,0.9,0.668,0.443,0.4,0.407,0.175
2902,,0.382,0.275,0.85,0.618,0.393,0.35,0.357,0.125
2903,,0.332,0.225,0.8,0.568,0.343,0.3,0.307,0.075
2904,,0.282,0.175,0.75,0.518,0.293,0.25,0.257,0.025
2905,,0.232,0.125,0.7,0.468,0.243,0.2,0.207,-0.025
2906,8,0.25,0.125,0.682,0.443,0.225,0.2,0.225,1.0
2907,,0.2,0.075,0.632,0.393,0.175,0.15,0.175,0.95
2908,,0.15,0.025,0.582,0.343,0.125,0.1,0.125,0.9
2909,,0.1,-0.025,0.532,0.293,0.075,0.05,0.075,0.85
2910,2,0.118,1.0,0.55,0.293,0.057,0.025,0.057,0.85
2911,,0.068,0.95,0.5,0.243,0.007,-0.025,0.007,0.8
2912,6,0.05,0.925,0.482,0.243,0.025,1.0,0.025,0.8
2913,,0.0,0.875,0.432,0.193,-0.025,0.95,-0.025,0.75
2914,5,-0.025,0.857,0.432,0.211,1.0,0.968,-0.025,0.732
2915,7,-0.025,0.839,0.407,0.193,1.0,0.986,1.0,0.75
2916,1,1.0,0.857,0.407,0.175,0.975,0.968,1.0,0.768
2917,,0.95,0.807,0.357,0.125,0.925,0.918,0.95,0.718
2918,,0.9,0.757,0.307,0.075,0.875,0.868,0.9,0.668
2919,,0.85,0.707,0.257,0.025,0.825,0.818,0.85,0.618
2920,,0.8,0.657,0.207,-0.025,0.775,0.768,0.8,0.568
2921,4,0.782,0.657,0.225,1.0,0.793,0.768,0.782,0.543
2922,,0.732,0.607,0.175,0.95,0.743,0.718,0.732,0.493
2923,,0.682,0.557,0.125,0.9,0.693,0.668,0.682,0.443
2924,,0.632,0.507,0.075,0.85,0.643,0.618,0.632,0.393
2925,,0.582,0.457,0.025,0.8,0.593,0.568,0.582,0.343
2926,,0.532,0.407,-0.025,0.75,0.543,0.518,0.532,0.293
2927,3,0.532,0.425,1.0,0.768,0.543,0.5,0.507,0.275
2928,,0.482,0.375,0.95,0.718,0.493,0.45,0.457,0.225
2929,,0.432,0.325,0.9,0.668,0.443,0.4,0.407,0.175
2930,,0.382,0.275,0.85,0.618,0.393,0.35,0.357,0.125
2931,,0.332,0.225,0.8,0.568,0.343,0.3,0.307,0.075
2932,,0.282,0.175,0.75,0.518,0.293,0.25,0.257,0.025
2933,,0.232,0.125,0.7,0.468,0.243,0.2,0.207,-0.025
2934,8,0.25,0.125,0.682,0.443,0.225,0.2,0.225,1.0
2935,,0.2,0.075,0.632,0.393,0.175,0.15,0.175,0.95
2936,,0.15,0.025,0.582,0.343,0.125,0.1,0.125,0.9
2937,,0.1,-0.025,0.532,0.293,0.075,0.05,0.075,0.85
2938,2,0.118,1.0,0.55,0.293,0.057,0.025,0.057,0.85
2939,,0.068,0.95,0.5,0.243,0.007,-0.025,0.007,0.8
2940,6,0.05,0.925,0.482,0.243,0.025,1.0,0.025,0.8
2941,,0.0,0.875,0.432,0.193,-0.025,0.95,-0.025,0.75
2942,5,-0.025,0.857,0.432,0.211,1.0,0.968,-0.025,0.732
2943,1,1.0,0.875,0.432,0.193,0.975,0.95,-0.025,0.75
2944,7,1.0,0.857,0.407,0.175,0.975,0.968,1.0,0.768
2945,,0.95,0.807,0.357,0.125,0.925,0.918,0.95,0.718
2946,,0.9,0.757,0.307,0.075,0.875,0.868,0.9,0.668
2947,,0.85,0.707,0.257,0.025,0.825,0.818,0.85,0.618
2948,,0.8,0.657,0.207,-0.025,0.775,0.768,0.8,0.568
2949,4,0.782,0.657,0.225,1.0,0.793,0.768,0.782,0.543
2950,,0.732,0.607,0.175,0.95,0.743,0.718,0.732,0.493
2951,,0.682,0.557,0.125,0.9,0.693,0.668,0.682,0.443
2952,,0.632,0.507,0.075,0.85,0.643,0.618,0.632,0.393
2953,,0.582,0.457,0.025,0.8,0.593,0.568,0.582,0.343
2954,,0.532,0.407,-0.025,0.75,0.543,0.518,0.532,0.293
2955,3,0.532,0.425,1.0,0.768,0.543,0.5,0.507,0.275
2956,,0.482,0.375,0.95,0.718,0.493,0.45,0.457,0.225
2957,,0.432,0.325,0.9,0.668,0.443,0.4,0.407,0.175
2958,,0.382,0.275,0.85,0.618,0.393,0.35,0.357,0.125
2959,,0.332,0.225,0.8,0.568,0.343,0.3,0.307,0.075
2960,,0.282,0.175,0.75,0.518,0.293,0.25,0.257,0.025
2961,,0.232,0.125,0.7,0.468,0.243,0.2,0.207,-0.025
2962,8,0.25,0.125,0.682,0.443,0.225,0.2,0.225,1.0
2963,,0.2,0.075,0.632,0.393,0.175,0.15,0.175,0.95
2964,,0.15,0.025,0.582,0.343,0.125,0.1,0.125,0.9
2965,,0.1,-0.025,0.532,0.293,0.075,0.05,0.075,0.85
2966,2,0.118,1.0,0.55,0.293,0.057,0.025,0.057,0.85
2967,,0.068,0.95,0.5,0.243,0.007,-0.025,0.007,0.8
2968,6,0.05,0.925,0.482,0.243,0.025,1.0,0.025,0.8
2969,,0.0,0.875,0.432,0.193,-0.025,0.95,-0.025,0.75
2970,7,0.0,0.857,0.407,0.175,-0.025,0.968,1.0,0.768
2971,5,-0.025,0.839,0.407,0.193,1.0,0.986,1.0,0.75
2972,1,1.0,0.857,0.407,0.175,0.975,0.968,1.0,0.768
2973,,0.95,0.807,0.357,0.125,0.925,0.918,0.95,0.718
2974,,0.9,0.757,0.307,0.075,0.875,0.868,0.9,0.668
2975,,0.85,0.707,0.257,0.025,0.825,0.818,0.85,0.618
2976,,0.8,0.657,0.207,-0.025,0.775,0.768,0.8,0.568
2977,4,0.782,0.657,0.225,1.0,0.793,0.768,0.782,0.543
2978,,0.732,0.607,0.175,0.95,0.743,0.718,0.732,0.493
2979,,0.682,0.557,0.125,0.9,0.693,0.668,0.682,0.443
2980,,0.632,0.507,0.075,0.85,0.643,0.618,0.632,0.393
2981,,0.582,0.457,0.025,0.8,0.593,0.568,0.582,0.343
2982,,0.532,0.407,-0.025,0.75,0.543,0.518,0.532,0.293
2983,3,0.532,0.425,1.0,0.768,0.543,0.5,0.507,0.275
2984,,0.482,0.375,0.95,0.718,0.493,0.45,0.457,0.225
2985,,0.432,0.325,0.9,0.668,0.443,0.4,0.407,0.175
2986,,0.382,0.275,0.85,0.618,0.393,0.35,0.357,0.125
2987,,0.332,0.225,0.8,0.568,0.343,0.3,0.307,0.075
2988,,0.282,0.175,0.75,0.518,0.293,0.25,0.257,0.025
2989,,0.232,0.125,0.7,0.468,0.243,0.2,0.207,-0.025
2990,8,0.25,0.125,0.682,0.443,0.225,0.2,0.225,1.0
2991,,0.2,0.075,0.632,0.393,0.175,0.15,0.175,0.95
2992,,0.15,0.025,0.582,0.343,0.125,0.1,0.125,0.9
2993,,0.1,-0.025,0.532,0.293,0.075,0.05,0.075,0.85
2994,2,0.118,1.0,0.55,0.293,0.057,0.025,0.057,0.85
2995,,0.068,0.95,0.5,0.243,0.007,-0.025,0.007,0.8
2996,6,0.05,0.925,0.482,0.243,0.025,1.0,0.025,0.8
2997,,0.0,0.875,0.432,0.193,-0.025,0.95,-0.025,0.75
2998,7,0.0,0.857,0.407,0.175,-0.025,0.968,1.0,0.768
2999,5,-0.025,0.839,0.407,0.193,1.0,0.986,1.0,0.75
3000,1,1.0,0.857,0.407,0.175,0.975,0.968,1.0,0.768
3001,,0.95,0.807,0.357,0.125,0.925,0.918,0.95,0.718
3002,,0.9,0.757,0.307,0.075,0.875,0.868,0.9,0.668
3003,,0.85,0.707,0.257,0.025,0.825,0.818,0.85,0.618
3004,,0.8,0.657,0.207,-0.025,0.775,0.768,0.8,0.568
3005,4,0.782,0.657,0.225,1.0,0.793,0.768,0.782,0.543
3006,,0.732,0.607,0.175,0.95,0.743,0.718,0.732,0.493
3007,,0.682,0.557,0.125,0.9,0.693,0.668,0.682,0.443
3008,,0.632,0.507,0.075,0.85,0.643,0.618,0.632,0.393
3009,,0.582,0.457,0.025,0.8,0.593,0.568,0.582,0.343
3010,,0.532,0.407,-0.025,0.75,0.543,0.518,0.532,0.293
3011,3,0.532,0.425,1.0,0.768,0.543,0.5,0.507,0.275
3012,,0.482,0.375,0.95,0.718,0.493,0.45,0.457,0.225
3013,,0.432,0.325,0.9,0.668,0.443,0.4,0.407,0.175
3014,,0.382,0.275,0.85,0.618,0.393,0.35,0.357,0.125
3015,,0.332,0.225,0.8,0.568,0.343,0.3,0.307,0.075
3016,,0.282,0.175,0.75,0.518,0.293,0.25,0.257,0.025
3017,,0.232,0.125,0.7,0.468,0.243,0.2,0.207,-0.025
3018,8,0.25,0.125,0.682,0.443,0.225,0.2,0.225,1.0
3019,,0.2,0.075,0.632,0.393,0.175,0.15,0.175,0.95
3020,,0.15,0.025,0.582,0.343,0.125,0.1,0.125,0.9
3021,,0.1,-0.025,0.532,0.293,0.075,0.05,0.075,0.85
3022,2,0.118,1.0,0.55,0.293,0.057,0.025,0.057,0.85
3023,,0.068,0.95,0.5,0.243,0.007,-0.025,0.007,0.8
3024,6,0.05,0.925,0.482,0.243,0.025,1.0,0.025,0.8
3025,,0.0,0.875,0.432,0.193,-0.025,0.95,-0.025,0.75
3026,5,-0.025,0.857,0.432,0.211,1.0,0.968,-0.025,0.732
3027,1,1.0,0.875,0.432,0.193,0.975,0.95,-0.025,0.75
3028,7,1.0,0.857,0.407,0.175,0.975,0.968,1.0,0.768
3029,,0.95,0.807,0.357,0.125,0.925,0.918,0.95,0.718
3030,,0.9,0.757,0.307,0.075,0.875,0.868,0.9,0.668
3031,,0.85,0.707,0.257,0.025,0.825,0.818,0.85,0.618
3032,,0.8,0.657,0.207,-0.025,0.775,0.768,0.8,0.568
3033,4,0.782,0.657,0.225,1.0,0.793,0.768,0.782,0.543
3034,,0.732,0.607,0.175,0.95,0.743,0.718,0.732,0.493
3035,,0.682,0.557,0.125,0.9,0.693,0.668,0.682,0.443
3036,,0.632,0.507,0.075,0.85,0.643,0.618,0.632,0.393
3037,,0.582,0.457,0.025,0.8,0.593,0.568,0.582,0.343
3038,,0.532,0.407,-0.025,0.75,0.543,0.518,0.532,0.293
3039,3,0.532,0.425,1.0,0.768,0.543,0.5,0.507,0.275
3040,,0.482,0.375,0.95,0.718,0.493,0.45,0.457,0.225
3041,,0.432,0.325,0.9,0.668,0.443,0.4,0.407,0.175
3042,,0.382,0.275,0.85,0.618,0.393,0.35,0.357,0.125
3043,,0.332,0.225,0.8,0.568,0.343,0.3,0.307,0.075
3044,,0.282,0.175,0.75,0.518,0.293,0.25,0.257,0.025
3045,,0.232,0.125,0.7,0.468,0.243,0.2,0.207,-0.025
3046,8,0.25,0.125,0.682,0.443,0.225,0.2,0.225,1.0
3047,,0.2,0.075,0.632,0.393,0.175,0.15,0.175,0.95
3048,,0.15,0.025,0.582,0.343,0.125,0.1,0.125,0.9
3049,,0.1,-0.025,0.532,0.293,0.075,0.05,0.075,0.85
3050,2,0.118,1.0,0.55,0.293,0.057,0.025,0.057,0.85
3051,,0.068,0.95,0.5,0.243,0.007,-0.025,0.007,0.8
3052,6,0.05,0.925,0.482,0.243,0.025,1.0,0.025,0.8
3053,,0.0,0.875,0.432,0.193,-0.025,0.95,-0.025,0.75
3054,7,0.0,0.857,0.407,0.175,-0.025,0.968,1.0,0.768
3055,5,-0.025,0.839,0.407,0.193,1.0,0.986,1.0,0.75
3056,1,1.0,0.857,0.407,0.175,0.975,0.968,1.0,0.768
3057,,0.95,0.807,0.357,0.125,0.925,0.918,0.95,0.718
3058,,0.9,0.757,0.307,0.075,0.875,0.868,0.9,0.668
3059,,0.85,0.707,0.257,0.025,0.825,0.818,0.85,0.618
3060,,0.8,0.657,0.207,-0.025,0.775,0.768,0.8,0.568
3061,4,0.782,0.657,0.225,1.0,0.793,0.768,0.782,0.543
3062,,0.732,0.607,0.175,0.95,0.743,0.718,0.732,0.493
3063,,0.682,0.557,0.125,0.9,0.693,0.668,0.682,0.443
3064,,0.632,0.507,0.075,0.85,0.643,0.618,0.632,0.393
3065,,0.582,0.457,0.025,0.8,0.593,0.568,0.582,0.343
3066,,0.532,0.407,-0.025,0.75,0.543,0.518,0.532,0.293
3067,3,0.532,0.425,1.0,0.768,0.543,0.5,0.507,0.275
3068,,0.482,0.375,0.95,0.718,0.493,0.45,0.457,0.225
3069,,0.432,0.325,0.9,0.668,0.443,0.4,0.407,0.175
3070,,0.382,0.275,0.85,0.618,0.393,0.35,0.357,0.125
3071,,0.332,0.225,0.8,0.568,0.343,0.3,0.307,0.075
3072,,0.282,0.175,0.75,0.518,0.293,0.25,0.257,0.025
3073,,0.232,0.125,0.7,0.468,0.243,0.2,0.207,-0.025
3074,8,0.25,0.125,0.682,0.443,0.225,0.2,0.225,1.0
3075,,0.2,0.075,0.632,0.393,0.175,0.15,0.175,0.95
3076,,0.15,0.025,0.582,0.343,0.125,0.1,0.125,0.9
3077,,0.1,-0.025,0.532,0.293,0.075,0.05,0.075,0.85
3078,2,0.118,1.0,0.55,0.293,0.057,0.025,0.057,0.85
3079,,0.068,0.95,0.5,0.243,0.007,-0.025,0.007,0.8
3080,6,0.05,0.925,0.482,0.243,0.025,1.0,0.025,0.8
3081,,0.0,0.875,0.432,0.193,-0.025,0.95,-0.025,0.75
3082,7,0.0,0.857,0.407,0.175,-0.025,0.968,1.0,0.768
3083,5,-0.025,0.839,0.407,0.193,1.0,0.986,1.0,0.75
3084,1,1.0,0.857,0.407,0.175,0.975,0.968,1.0,0.768
3085,,0.95,0.807,0.357,0.125,0.925,0.918,0.95,0.718
3086,,0.9,0.757,0.307,0.075,0.875,0.868,0.9,0.668
3087,,0.85,0.707,0.257,0.025,0.825,0.818,0.85,0.618
3088,,0.8,0.657,0.207,-0.025,0.775,0.768,0.8,0.568
3089,4,0.782,0.657,0.225,1.0,0.793,0.768,0.782,0.543
3090,,0.732,0.607,0.175,0.95,0.743,0.718,0.732,0.493
3091,,0.682,0.557,0.125,0.9,0.693,0.668,0.682,0.443
3092,,0.632,0.507,0.075,0.85,0.643,0.618,0.632,0.393
3093,,0.582,0.457,0.025,0.8,0.593,0.568,0.582,0.343
3094,,0.532,0.407,-0.025,0.75,0.543,0.518,0.532,0.293
3095,3,0.532,0.425,1.0,0.768,0.543,0.5,0.507,0.275
3096,,0.482,0.375,0.95,0.718,0.493,0.45,0.457,0.225
3097,,0.432,0.325,0.9,0.668,0.443,0.4,0.407,0.175
3098,,0.382,0.275,0.85,0.618,0.393,0.35,0.357,0.125
3099,,0.332,0.225,0.8,0.568,0.343,0.3,0.307,0.075
3100,,0.282,0.175,0.75,0.518,0.293,0.25,0.257,0.025
3101,,0.232,0.125,0.7,0.468,0.243,0.2,0.207,-0.025
3102,8,0.25,0.125,0.682,0.443,0.225,0.2,0.225,1.0
3103,,0.2,0.075,0.632,0.393,0.175,0.15,0.175,0.95
3104,,0.15,0.025,0.582,0.343,0.125,0.1,0.125,0.9
3105,,0.1,-0.025,0.532,0.293,0.075,0.05,0.075,0.85
3106,2,0.118,1.0,0.55,0.293,0.057,0.025,0.057,0.85
3107,,0.068,0.95,0.5,0.243,0.007,-0.025,0.007,0.8
3108,6,0.05,0.925,0.482,0.243,0.025,1.0,0.025,0.8
3109,,0.0,0.875,0.432,0.193,-0.025,0.95,-0.025,0.75
3110,7,0.0,0.857,0.407,0.175,-0.025,0.968,1.0,0.768
3111,5,-0.025,0.839,0.407,0.193,1.0,0.986,1.0,0.75
3112,1,1.0,0.857,0.407,0.175,0.975,0.968,1.0,0.768
3113,,0.95,0.807,0.357,0.125,0.925,0.918,0.95,0.718
3114,,0.9,0.757,0.307,0.075,0.875,0.868,0.9,0.668
3115,,0.85,0.707,0.257,0.025,0.825,0.818,0.85,0.618
3116,,0.8,0.657,0.207,-0.025,0.775,0.768,0.8,0.568
3117,4,0.782,0.657,0.225,1.0,0.793,0.768,0.782,0.543
3118,,0.732,0.607,0.175,0.95,0.743,0.718,0.732,0.493
3119,,0.682,0.557,0.125,0.9,0.693,0.668,0.682,0.443
3120,,0.632,0.507,0.075,0.85,0.643,0.618,0.632,0.393
3121,,0.582,0.457,0.025,0.8,0.593,0.568,0.582,0.343
3122,,0.532,0.407,-0.025,0.75,0.543,0.518,0.532,0.293
3123,3,0.532,0.425,1.0,0.768,0.543,0.5,0.507,0.275
3124,,0.482,0.375,0.95,0.718,0.493,0.45,0.457,0.225
3125,,0.432,0.325,0.9,0.668,0.443,0.4,0.407,0.175
3126,,0.382,0.275,0.85,0.618,0.393,0.35,0.357,0.125
3127,,0.332,0.225,0.8,0.568,0.343,0.3,0.307,0.075
3128,,0.282,0.175,0.75,0.518,0.293,0.25,0.257,0.025
3129,,0.232,0.125,0.7,0.468,0.243,0.2,0.207,-0.025
3130,8,0.25,0.125,0.682,0.443,0.225,0.2,0.225,1.0
3131,,0.2,0.075,0.632,0.393,0.175,0.15,0.175,0.95
3132,,0.15,0.025,0.582,0.343,0.125,0.1,0.125,0.9
3133,,0.1,-0.025,0.532,0.293,0.075,0.05,0.075,0.85
3134,2,0.118,1.0,0.55,0.293,0.057,0.025,0.057,0.85
3135,,0.068,0.95,0.5,0.243,0.007,-0.025,0.007,0.8
3136,6,0.05,0.925,0.482,0.243,0.025,1.0,0.025,0.8
3137,,0.0,0.875,0.432,0.193,-0.025,0.95,-0.025,0.75
3138,5,-0.025,0.857,0.432,0.211,1.0,0.968,-0.025,0.732
3139,1,1.0,0.875,0.432,0.193,0.975,0.95,-0.025,0.75
3140,7,1.0,0.857,0.407,0.175,0.975,0.968,1.0,0.768
3141,,0.95,0.807,0.357,0.125,0.925,0.918,0.95,0.718
3142,,0.9,0.757,0.307,0.075,0.875,0.868,0.9,0.668
3143,,0.85,0.707,0.257,0.025,0.825,0.818,0.85,0.618
3144,,0.8,0.657,0.207,-0.025,0.775,0.768,0.8,0.568
3145,4,0.782,0.657,0.225,1.0,0.793,0.768,0.782,0.543
3146,,0.732,0.607,0.175,0.95,0.743,0.718,0.732,0.493
3147,,0.682,0.557,0.125,0.9,0.693,0.668,0.682,0.443
3148,,0.632,0.507,0.075,0.85,0.643,0.618,0.632,0.393
3149,,0.582,0.457,0.025,0.8,0.593,0.568,0.582,0.343
3150,,0.532,0.407,-0.025,0.75,0.543,0.518,0.532,0.293
3151,3,0.532,0.425,1.0,0.768,0.543,0.5,0.507,0.275
3152,,0.482,0.375,0.95,0.718,0.493,0.45,0.457,0.225
3153,,0.432,0.325,0.9,0.668,0.443,0.4,0.407,0.175
3154,,0.382,0.275,0.85,0.618,0.393,0.35,0.357,0.125
3155,,0.332,0.225,0.8,0.568,0.343,0.3,0.307,0.075
3156,,0.282,0.175,0.75,0.518,0.293,0.25,0.257,0.025
3157,,0.232,0.125,0.7,0.468,0.243,0.2,0.207,-0.025
3158,8,0.25,0.125,0.682,0.443,0.225,0.2,0.225,1.0
3159,,0.2,0.075,0.632,0.393,0.175,0.15,0.175,0.95
3160,,0.15,0.025,0.582,0.343,0.125,0.1,0.125,0.9
3161,,0.1,-0.025,0.532,0.293,0.075,0.05,0.075,0.85
3162,2,0.118,1.0,0.55,0.293,0.057,0.025,0.057,0.85
3163,,0.068,0.95,0.5,0.243,0.007,-0.025,0.007,0.8
3164,6,0.05,0.925,0.482,0.243,0.025,1.0,0.025,0.8
3165,,0.0,0.875,0.432,0.193,-0.025,0.95,-0.025,0.75
3166,5,-0.025,0.857,0.432,0.211,1.0,0.968,-0.025,0.732
3167,1,1.0,0.875,0.432,0.193,0.975,0.95,-0.025,0.75
3168,7,1.0,0.857,0.407,0.175,0.975,0.968,1.0,0.768
3169,,0.95,0.807,0.357,0.125,0.925,0.918,0.95,0.718
3170,,0.9,0.757,0.307,0.075,0.875,0.868,0.9,0.668
3171,,0.85,0.707,0.257,0.025,0.825,0.818,0.85,0.618
3172,,0.8,0.657,0.207,-0.025,0.775,0.768,0.8,0.568
3173,4,0.782,0.657,0.225,1.0,0.793,0.768,0.782,0.543
3174,,0.732,0.607,0.175,0.95,0.743,0.718,0.732,0.493
3175,,0.682,0.557,0.125,0.9,0.693,0.668,0.682,0.443
3176,,0.632,0.507,0.075,0.85,0.643,0.618,0.632,0.393
3177,,0.582,0.457,0.025,0.8,0.593,0.568,0.582,0.343
3178,,0.532,0.407,-0.025,0.75,0.543,0.518,0.532,0.293
3179,3,0.532,0.425,1.0,0.768,0.543,0.5,0.507,0.275
3180,,0.482,0.375,0.95,0.718,0.493,0.45,0.457,0.225
3181,,0.432,0.325,0.9,0.668,0.443,0.4,0.407,0.175
3182,,0.382,0.275,0.85,0.618,0.393,0.35,0.357,0.125
3183,,0.332,0.225,0.8,0.568,0.343,0.3,0.307,0.075
3184,,0.282,0.175,0.75,0.518,0.293,0.25,0.257,0.025
3185,,0.232,0.125,0.7,0.468,0.243,0.2,0.207,-0.025
3186,8,0.25,0.125,0.682,0.443,0.225,0.2,0.225,1.0
3187,,0.2,0.075,0.632,0.393,0.175,0.15,0.175,0.95
3188,,0.15,0.025,0.582,0.343,0.125,0.1,0.125,0.9
3189,,0.1,-0.025,0.532,0.293,0.075,0.05,0.075,0.85
3190,2,0.118,1.0,0.55,0.293,0.057,0.025,0.057,0.85
3191,,0.068,0.95,0.5,0.243,0.007,-0.025,0.007,0.8
3192,6,0.05,0.925,0.482,0.243,0.025,1.0,0.025,0.8
3193,,0.0,0.875,0.432,0.193,-0.025,0.95,-0.025,0.75
3194,5,-0.025,0.857,0.432,0.211,1.0,0.968,-0.025,0.732
3195,1,1.0,0.875,0.432,0.193,0.975,0.95,-0.025,0.75
3196,7,1.0,0.857,0.407,0.175,0.975,0.968,1.0,0.768
3197,,0.95,0.807,0.357,0.125,0.925,0.918,0.95,0.718
3198,,0.9,0.757,0.307,0.075,0.875,0.868,0.9,0.668
3199,,0.85,0.707,0.257,0.025,0.825,0.818,0.85,0.618
3200,,0.8,0.657,0.207,-0.025,0.775,0.768,0.8,0.568
3201,4,0.782,0.657,0.225,1.0,0.793,0.768,0.782,0.543
3202,,0.732,0.607,0.175,0.95,0.743,0.718,0.732,0.493
3203,,0.682,0.557,0.125,0.9,0.693,0.668,0.682,0.443
3204,,0.632,0.507,0.075,0.85,0.643,0.618,0.632,0.393
3205,,0.582,0.457,0.025,0.8,0.593,0.568,0.582,0.343
3206,,0.532,0.407,-0.025,0.75,0.543,0.518,0.532,0.293
3207,3,0.532,0.425,1.0,0.768,0.543,0.5,0.507,0.275
3208,,0.482,0.375,0.95,0.718,0.493,0.45,0.457,0.225
3209,,0.432,0.325,0.9,0.668,0.443,0.4,0.407,0.175
3210,,0.382,0.275,0.85,0.618,0.393,0.35,0.357,0.125
3211,,0.332,0.225,0.8,0.568,0.343,0.3,0.307,0.075
3212,,0.282,0.175,0.75,0.518,0.293,0.25,0.257,0.025
3213,,0.232,0.125,0.7,0.468,0.243,0.2,0.207,-0.025
3214,8,0.25,0.125,0.682,0.443,0.225,0.2,0.225,1.0
3215,,0.2,0.075,0.632,0.393,0.175,0.15,0.175,0.95
3216,,0.15,0.025,0.582,0.343,0.125,0.1,0.125,0.9
3217,,0.1,-0.025,0.532,0.293,0.075,0.05,0.075,0.85
3218,2,0.118,1.0,0.55,0.293,0.057,0.025,0.057,0.85
3219,,0.068,0.95,0.5,0.243,0.007,-0.025,0.007,0.8
3220,6,0.05,0.925,0.482,0.243,0.025,1.0,0.025,0.8
3221,,0.0,0.875,0.432,0.193,-0.025,0.95,-0.025,0.75
3222,7,0.0,0.857,0.407,0.175,-0.025,0.968,1.0,0.768
3223,5,-0.025,0.839,0.407,0.193,1.0,0.986,1.0,0.75
3224,1,1.0,0.857,0.407,0.175,0.975,0.968,1.0,0.768
3225,,0.95,0.807,0.357,0.125,0.925,0.918,0.95,0.718
3226,,0.9,0.757,0.307,0.075,0.875,0.868,0.9,0.668
3227,,0.85,0.707,0.257,0.025,0.825,0.818,0.85,0.618
3228,,0.8,0.657,0.207,-0.025,0.775,0.768,0.8,0.568
3229,4,0.782,0.657,0.225,1.0,0.793,0.768,0.782,0.543
3230,,0.732,0.607,0.175,0.95,0.743,0.718,0.732,0.493
3231,,0.682,0.557,0.125,0.9,0.693,0.668,0.682,0.443
3232,,0.632,0.507,0.075,0.85,0.643,0.618,0.632,0.393
3233,,0.582,0.457,0.025,0.8,0.593,0.568,0.582,0.343
3234,,0.532,0.407,-0.025,0.75,0.543,0.518,0.532,0.293
3235,3,0.532,0.425,1.0,0.768,0.543,0.5,0.507,0.275
3236,,0.482,0.375,0.95,0.718,0.493,0.45,0.457,0.225
3237,,0.432,0.325,0.9,0.668,0.443,0.4,0.407,0.175
3238,,0.382,0.275,0.85,0.618,0.393,0.35,0.357,0.125
3239,,0.332,0.225,0.8,0.568,0.343,0.3,0.307,0.075
3240,,0.282,0.175,0.75,0.518,0.293,0.25,0.257,0.025
3241,,0.232,0.125,0.7,0.468,0.243,0.2,0.207,-0.025
3242,8,0.25,0.125,0.682,0.443,0.225,0.2,0.225,1.0
3243,,0.2,0.075,0.632,0.393,0.175,0.15,0.175,0.95
3244,,0.15,0.025,0.582,0.343,0.125,0.1,0.125,0.9
3245,,0.1,-0.025,0.532,0.293,0.075,0.05,0.075,0.85
3246,2,0.118,1.0,0.55,0.293,0.057,0.025,0.057,0.85
3247,,0.068,0.95,0.5,0.243,0.007,-0.025,0.007,0.8
3248,6,0.05,0.925,0.482,0.243,0.025,1.0,0.025,0.8
3249,,0.0,0.875,0.432,0.193,-0.025,0.95,-0.025,0.75
3250,5,-0.025,0.857,0.432,0.211,1.0,0.968,-0.025,0.732
3251,1,1.0,0.875,0.432,0.193,0.975,0.95,-0.025,0.75
3252,7,1.0,0.857,0.407,0.175,0.975,0.968,1.0,0.768
3253,,0.95,0.807,0.357,0.125,0.925,0.918,0.95,0.718
3254,,0.9,0.757,0.307,0.075,0.875,0.868,0.9,0.668
3255,,0.85,0.707,0.257,0.025,0.825,0.818,0.85,0.618
3256,,0.8,0.657,0.207,-0.025,0.775,0.768,0.8,0.568
3257,4,0.782,0.657,0.225,1.0,0.793,0.768,0.782,0.543
3258,,0.732,0.607,0.175,0.95,0.743,0.718,0.732,0.493
3259,,0.682,0.557,0.125,0.9,0.693,0.668,0.682,0.443
3260,,0.632,0.507,0.075,0.85,0.643,0.618,0.632,0.393
3261,,0.582,0.457,0.025,0.8,0.593,0.568,0.582,0.343
3262,,0.532,0.407,-0.025,0.75,0.543,0.518,0.532,0.293
3263,3,0.532,0.425,1.0,0.768,0.543,0.5,0.507,0.275
3264,,0.482,0.375,0.95,0.718,0.493,0.45,0.457,0.225
3265,,0.432,0.325,0.9,0.668,0.443,0.4,0.407,0.175
3266,,0.382,0.275,0.85,0.618,0.393,0.35,0.357,0.125
3267,,0.332,0.225,0.8,0.568,0.343,0.3,0.307,0.075
3268,,0.282,0.175,0.75,0.518,0.293,0.25,0.257,0.025
3269,,0.232,0.125,0.7,0.468,0.243,0.2,0.207,-0.025
3270,8,0.25,0.125,0.682,0.443,0.225,0.2,0.225,1.0
3271,,0.2,0.075,0.632,0.393,0.175,0.15,0.175,0.95
3272,,0.15,0.025,0.582,0.343,0.125,0.1,0.125,0.9
3273,,0.1,-0.025,0.532,0.293,0.075,0.05,0.075,0.85
3274,2,0.118,1.0,0.55,0.293,0.057,0.025,0.057,0.85
3275,,0.068,0.95,0.5,0.243,0.007,-0.025,0.007,0.8
3276,6,0.05,0.925,0.482,0.243,0.025,1.0,0.025,0.8
3277,,0.0,0.875,0.432,0.193,-0.025,0.95,-0.025,0.75
3278,5,-0.025,0.857,0.432,0.211,1.0,0.968,-0.025,0.732
3279,7,-0.025,0.839,0.407,0.193,1.0,0.986,1.0,0.75
3280,1,1.0,0.857,0.407,0.175,0.975,0.968,1.0,0.768
3281,,0.95,0.807,0.357,0.125,0.925,0.918,0.95,0.718
3282,,0.9,0.757,0.307,0.075,0.875,0.868,0.9,0.668
3283,,0.85,0.707,0.257,0.025,0.825,0.818,0.85,0.618
3284,,0.8,0.657,0.207,-0.025,0.775,0.768,0.8,0.568
3285,4,0.782,0.657,0.225,1.0,0.793,0.768,0.782,0.543
3286,,0.732,0.607,0.175,0.95,0.743,0.718,0.732,0.493
3287,,0.682,0.557,0.125,0.9,0.693,0.668,0.682,0.443
3288,,0.632,0.507,0.075,0.85,0.643,0.618,0.632,0.393
3289,,0.582,0.457,0.025,0.8,0.593,0.568,0.582,0.343
3290,,0.532,0.407,-0.025,0.75,0.543,0.518,0.532,0.293
3291,3,0.532,0.425,1.0,0.768,0.543,0.5,0.507,0.275
3292,,0.482,0.375,0.95,0.718,0.493,0.45,0.457,0.225
3293,,0.432,0.325,0.9,0.668,0.443,0.4,0.407,0.175
3294,,0.382,0.275,0.85,0.618,0.393,0.35,0.357,0.125
3295,,0.332,0.225,0.8,0.568,0.343,0.3,0.307,0.075
3296,,0.282,0.175,0.75,0.518,0.293,0.25,0.257,0.025
3297,,0.232,0.125,0.7,0.468,0.243,0.2,0.207,-0.025
3298,8,0.25,0.125,0.682,0.443,0.225,0.2,0.225,1.0
3299,,0.2,0.075,0.632,0.393,0.175,0.15,0.175,0.95
3300,,0.15,0.025,0.582,0.343,0.125,0.1,0.125,0.9
3301,,0.1,-0.025,0.532,0.293,0.075,0.05,0.075,0.85
3302,2,0.118,1.0,0.55,0.293,0.057,0.025,0.057,0.85
3303,,0.068,0.95,0.5,0.243,0.007,-0.025,0.007,0.8
3304,6,0.05,0.925,0.482,0.243,0.025,1.0,0.025,0.8
3305,,0.0,0.875,0.432,0.193,-0.025,0.95,-0.025,0.75
3306,5,-0.025,0.857,0.432,0.211,1.0,0.968,-0.025,0.732
3307,1,1.0,0.875,0.432,0.193,0.975,0.95,-0.025,0.75
3308,7,1.0,0.857,0.407,0.175,0.975,0.968,1.0,0.768
3309,,0.95,0.807,0.357,0.125,0.925,0.918,0.95,0.718
3310,,0.9,0.757,0.307,0.075,0.875,0.868,0.9,0.668
3311,,0.85,0.707,0.257,0.025,0.825,0.818,0.85,0.618
3312,,0.8,0.657,0.207,-0.025,0.775,0.768,0.8,0.568
3313,4,0.782,0.657,0.225,1.0,0.793,0.768,0.782,0.543
3314,,0.732,0.607,0.175,0.95,0.743,0.718,0.732,0.493
3315,,0.682,0.557,0.125,0.9,0.693,0.668,0.682,0.443
3316,,0.632,0.507,0.075,0.85,0.643,0.618,0.632,0.393
3317,,0.582,0.457,0.025,0.8,0.593,0.568,0.582,0.343
3318,,0.532,0.407,-0.025,0.75,0.543,0.518,0.532,0.293
3319,3,0.532,0.425,1.0,0.768,0.543,0.5,0.507,0.275
3320,,0.482,0.375,0.95,0.718,0.493,0.45,0.457,0.225
3321,,0.432,0.325,0.9,0.668,0.443,0.4,0.407,0.175
3322,,0.382,0.275,0.85,0.618,0.393,0.35,0.357,0.125
3323,,0.332,0.225,0.8,0.568,0.343,0.3,0.307,0.075
3324,,0.282,0.175,0.75,0.518,0.293,0.25,0.257,0.025
3325,,0.232,0.125,0.7,0.468,0.243,0.2,0.207,-0.025
3326,8,0.25,0.125,0.682,0.443,0.225,0.2,0.225,1.0
3327,,0.2,0.075,0.632,0.393,0.175,0.15,0.175,0.95
3328,,0.15,0.025,0.582,0.343,0.125,0.1,0.125,0.9
3329,,0.1,-0.025,0.532,0.293,0.075,0.05,0.075,0.85
3330,2,0.118,1.0,0.55,0.293,0.057,0.025,0.057,0.85
3331,,0.068,0.95,0.5,0.243,0.007,-0.025,0.007,0.8
3332,6,0.05,0.925,0.482,0.243,0.025,1.0,0.025,0.8
3333,,0.0,0.875,0.432,0.193,-0.025,0.95,-0.025,0.75
3334,7,0.0,0.857,0.407,0.175,-0.025,0.968,1.0,0.768
3335,5,-0.025,0.839,0.407,0.193,1.0,0.986,1.0,0.75
3336,1,1.0,0.857,0.407,0.175,0.975,0.968,1.0,0.768
3337,,0.95,0.807,0.357,0.125,0.925,0.918,0.95,0.718
3338,,0.9,0.757,0.307,0.075,0.875,0.868,0.9,0.668
3339,,0.85,0.707,0.257,0.025,0.825,0.818,0.85,0.618
3340,,0.8,0.657,0.207,-0.025,0.775,0.768,0.8,0.568
3341,4,0.782,0.657,0.225,1.0,0.793,0.768,0.782,0.543
3342,,0.732,0.607,0.175,0.95,0.743,0.718,0.732,0.493
3343,,0.682,0.557,0.125,0.9,0.693,0.668,0.682,0.443
3344,,0.632,0.507,0.075,0.85,0.643,0.618,0.632,0.393
3345,,0.582,0.457,0.025,0.8,0.593,0.568,0.582,0.343
3346,,0.532,0.407,-0.025,0.75,0.543,0.518,0.532,0.293
3347,3,0.532,0.425,1.0,0.768,0.543,0.5,0.507,0.275
3348,,0.482,0.375,0.95,0.718,0.493,0.45,0.457,0.225
3349,,0.432,0.325,0.9,0.668,0.443,0.4,0.407,0.175
3350,,0.382,0.275,0.85,0.618,0.393,0.35,0.357,0.125
3351,,0.332,0.225,0.8,0.568,0.343,0.3,0.307,0.075
3352,,0.282,0.175,0.75,0.518,0.293,0.25,0.257,0.025
3353,,0.232,0.125,0.7,0.468,0.243,0.2,0.207,-0.025
3354,8,0.25,0.125,0.682,0.443,0.225,0.2,0.225,1.0
3355,,0.2,0.075,0.632,0.393,0.175,0.15,0.175,0.95
3356,,0.15,0.025,0.582,0.343,0.125,0.1,0.125,0.9
3357,,0.1,-0.025,0.532,0.293,0.075,0.05,0.075,0.85
3358,2,0.118,1.0,0.55,0.293,0.057,0.025,0.057,0.85
3359,,0.068,0.95,0.5,0.243,0.007,-0.025,0.007,0.8
3360,6,0.05,0.925,0.482,0.243,0.025,1.0,0.025,0.8
3361,,0.0,0.875,0.432,0.193,-0.025,0.95,-0.025,0.75
3362,5,-0.025,0.857,0.432,0.211,1.0,0.968,-0.025,0.732
3363,1,1.0,0.875,0.432,0.193,0.975,0.95,-0.025,0.75
3364,7,1.0,0.857,0.407,0.175,0.975,0.968,1.0,0.768
3365,,0.95,0.807,0.357,0.125,0.925,0.918,0.95,0.718
3366,,0.9,0.757,0.307,0.075,0.875,0.868,0.9,0.668
3367,,0.85,0.707,0.257,0.025,0.825,0.818,0.85,0.618
3368,,0.8,0.657,0.207,-0.025,0.775,0.768,0.8,0.568
3369,4,0.782,0.657,0.225,1.0,0.793,0.768,0.782,0.543
3370,,0.732,0.607,0.175,0.95,0.743,0.718,0.732,0.493
3371,,0.682,0.557,0.125,0.9,0.693,0.668,0.682,0.443
3372,,0.632,0.507,0.075,0.85,0.643,0.618,0.632,0.393
3373,,0.582,0.457,0.025,0.8,0.593,0.568,0.582,0.343
3374,,0.532,0.407,-0.025,0.75,0.543,0.518,0.532,0.293
3375,3,0.532,0.425,1.0,0.768,0.543,0.5,0.507,0.275
3376,,0.482,0.375,0.95,0.718,0.493,0.45,0.457,0.225
3377,,0.432,0.325,0.9,0.668,0.443,0.4,0.407,0.175
3378,,0.382,0.275,0.85,0.618,0.393,0.35,0.357,0.125
3379,,0.332,0.225,0.8,0.568,0.343,0.3,0.307,0.075
3380,,0.282,0.175,0.75,0.518,0.293,0.25,0.257,0.025
3381,,0.232,0.125,0.7,0.468,0.243,0.2,0.207,-0.025
3382,8,0.25,0.125,0.682,0.443,0.225,0.2,0.225,1.0
3383,,0.2,0.075,0.632,0.393,0.175,0.15,0.175,0.95
3384,,0.15,0.025,0.582,0.343,0.125,0.1,0.125,0.9
3385,,0.1,-0.025,0.532,0.293,0.075,0.05,0.075,0.85
3386,2,0.118,1.0,0.55,0.293,0.057,0.025,0.057,0.85
3387,,0.068,0.95,0.5,0.243,0.007,-0.025,0.007,0.8
3388,6,0.05,0.925,0.482,0.243,0.025,1.0,0.025,0.8
3389,,0.0,0.875,0.432,0.193,-0.025,0.95,-0.025,0.75
3390,5,-0.025,0.857,0.432,0.211,1.0,0.968,-0.025,0.732
3391,1,1.0,0.875,0.432,0.193,0.975,0.95,-0.025,0.75
3392,7,1.0,0.857,0.407,0.175,0.975,0.968,1.0,0.768
3393,,0.95,0.807,0.357,0.125,0.925,0.918,0.95,0.718
3394,,0.9,0.757,0.307,0.075,0.875,0.868,0.9,0.668
3395,,0.85,0.707,0.257,0.025,0.825,0.818,0.85,0.618
3396,,0.8,0.657,0.207,-0.025,0.775,0.768,0.8,0.568
3397,4,0.782,0.657,0.225,1.0,0.793,0.768,0.782,0.543
3398,,0.732,0.607,0.175,0.95,0.743,0.718,0.732,0.493
3399,,0.682,0.557,0.125,0.9,0.693,0.668,0.682,0.443
3400,,0.632,0.507,0.075,0.85,0.643,0.618,0.632,0.393
3401,,0.582,0.457,0.025,0.8,0.593,0.568,0.582,0.343
3402,,0.532,0.407,-0.025,0.75,0.543,0.518,0.532,0.293
3403,3,0.532,0.425,1.0,0.768,0.543,0.5,0.507,0.275
3404,,0.482,0.375,0.95,0.718,0.493,0.45,0.457,0.225
3405,,0.432,0.325,0.9,0.668,0.443,0.4,0.407,0.175
3406,,0.382,0.275,0.85,0.618,0.393,0.35,0.357,0.125
3407,,0.332,0.225,0.8,0.568,0.343,0.3,0.307,0.075
3408,,0.282,0.175,0.75,0.518,0.293,0.25,0.257,0.025
3409,,0.232,0.125,0.7,0.468,0.243,0.2,0.207,-0.025
3410,8,0.25,0.125,0.682,0.443,0.225,0.2,0.225,1.0
3411,,0.2,0.075,0.632,0.393,0.175,0.15,0.175,0.95
3412,,0.15,0.025,0.582,0.343,0.125,0.1,0.125,0.9
3413,,0.1,-0.025,0.532,0.293,0.075,0.05,0.075,0.85
3414,2,0.118,1.0,0.55,0.293,0.057,0.025,0.057,0.85
3415,,0.068,0.95,0.5,0.243,0.007,-0.025,0.007,0.8
3416,6,0.05,0.925,0.482,0.243,0.025,1.0,0.025,0.8
3417,,0.0,0.875,0.432,0.193,-0.025,0.95,-0.025,0.75
3418,5,-0.025,0.857,0.432,0.211,1.0,0.968,-0.025,0.732
3419,7,-0.025,0.839,0.407,0.193,1.0,0.986,1.0,0.75
3420,1,1.0,0.857,0.407,0.175,0.975,0.968,1.0,0.768
3421,,0.95,0.807,0.357,0.125,0.925,0.918,0.95,0.718
3422,,0.9,0.757,0.307,0.075,0.875,0.868,0.9,0.668
3423,,0.85,0.707,0.257,0.025,0.825,0.818,0.85,0.618
3424,,0.8,0.657,0.207,-0.025,0.775,0.768,0.8,0.568
3425,4,0.782,0.657,0.225,1.0,0.793,0.768,0.782,0.543
3426,,0.732,0.607,0.175,0.95,0.743,0.718,0.732,0.493
3427,,0.682,0.557,0.125,0.9,0.693,0.668,0.682,0.443
3428,,0.632,0.507,0.075,0.85,0.643,0.618,0.632,0.393
3429,,0.582,0.457,0.025,0.8,0.593,0.568,0.582,0.343
3430,,0.532,0.407,-0.025,0.75,0.543,0.518,0.532,0.293
3431,3,0.532,0.425,1.0,0.768,0.543,0.5,0.507,0.275
3432,,0.482,0.375,0.95,0.718,0.493,0.45,0.457,0.225
3433,,0.432,0.325,0.9,0.668,0.443,0.4,0.407,0.175
3434,,0.382,0.275,0.85,0.618,0.393,0.35,0.357,0.125
3435,,0.332,0.225,0.8,0.568,0.343,0.3,0.307,0.075
3436,,0.282,0.175,0.75,0.518,0.293,0.25,0.257,0.025
3437,,0.232,0.125,0.7,0.468,0.243,0.2,0.207,-0.025
3438,8,0.25,0.125,0.682,0.443,0.225,0.2,0.225,1.0
3439,,0.2,0.075,0.632,0.393,0.175,0.15,0.175,0.95
3440,,0.15,0.025,0.582,0.343,0.125,0.1,0.125,0.9
3441,,0.1,-0.025,0.532,0.293,0.075,0.05,0.075,0.85
3442,2,0.118,1.0,0.55,0.293,0.057,0.025,0.057,0.85
3443,,0.068,0.95,0.5,0.243,0.007,-0.025,0.007,0.8
3444,6,0.05,0.925,0.482,0.243,0.025,1.0,0.025,0.8
3445,,0.0,0.875,0.432,0.193,-0.025,0.95,-0.025,0.75
3446,7,0.0,0.857,0.407,0.175,-0.025,0.968,1.0,0.768
3447,5,-0.025,0.839,0.407,0.193,1.0,0.986,1.0,0.75
3448,1,1.0,0.857,0.407,0.175,0.975,0.968,1.0,0.768
3449,,0.95,0.807,0.357,0.125,0.925,0.918,0.95,0.718
3450,,0.9,0.757,0.307,0.075,0.875,0.868,0.9,0.668
3451,,0.85,0.707,0.257,0.025,0.825,0.818,0.85,0.618
3452,,0.8,0.657,0.207,-0.025,0.775,0.768,0.8,0.568
3453,4,0.782,0.657,0.225,1.0,0.793,0.768,0.782,0.543
3454,,0.732,0.607,0.175,0.95,0.743,0.718,0.732,0.493
3455,,0.682,0.557,0.125,0.9,0.693,0.668,0.682,0.443
3456,,0.632,0.507,0.075,0.85,0.643,0.618,0.632,0.393
3457,,0.582,0.457,0.025,0.8,0.593,0.568,0.582,0.343
3458,,0.532,0.407,-0.025,0.75,0.543,0.518,0.532,0.293
3459,3,0.532,0.425,1.0,0.768,0.543,0.5,0.507,0.275
3460,,0.482,0.375,0.95,0.718,0.493,0.45,0.457,0.225
3461,,0.432,0.325,0.9,0.668,0.443,0.4,0.407,0.175
3462,,0.382,0.275,0.85,0.618,0.393,0.35,0.357,0.125
3463,,0.332,0.225,0.8,0.568,0.343,0.3,0.307,0.075
3464,,0.282,0.175,0.75,0.518,0.293,0.25,0.257,0.025
3465,,0.232,0.125,0.7,0.468,0.243,0.2,0.207,-0.025
3466,8,0.25,0.125,0.682,0.443,0.225,0.2,0.225,1.0
3467,,0.2,0.075,0.632,0.393,0.175,0.15,0.175,0.95
3468,,0.15,0.025,0.582,0.343,0.125,0.1,0.125,0.9
3469,,0.1,-0.025,0.532,0.293,0.075,0.05,0.075,0.85
3470,2,0.118,1.0,0.55,0.293,0.057,0.025,0.057,0.85
3471,,0.068,0.95,0.5,0.243,0.007,-0.025,0.007,0.8
3472,6,0.05,0.925,0.482,0.243,0.025,1.0,0.025,0.8
3473,,0.0,0.875,0.432,0.193,-0.025,0.95,-0.025,0.75
3474,7,0.0,0.857,0.407,0.175,-0.025,0.968,1.0,0.768
3475,5,-0.025,0.839,0.407,0.193,1.0,0.986,1.0,0.75
3476,1,1.0,0.857,0.407,0.175,0.975,0.968,1.0,0.768
3477,,0.95,0.807,0.357,0.125,0.925,0.918,0.95,0.718
3478,,0.9,0.757,0.307,0.075,0.875,0.868,0.9,0.668
3479,,0.85,0.707,0.257,0.025,0.825,0.818,0.85,0.618
3480,,0.8,0.657,0.207,-0.025,0.775,0.768,0.8,0.568
3481,4,0.782,0.657,0.225,1.0,0.793,0.768,0.782,0.543
3482,,0.732,0.607,0.175,0.95,0.743,0.718,0.732,0.493
3483,,0.682,0.557,0.125,0.9,0.693,0.668,0.682,0.443
3484,,0.632,0.507,0.075,0.85,0.643,0.618,0.632,0.393
3485,,0.582,0.457,0.025,0.8,0.593,0.568,0.582,0.343
3486,,0.532,0.407,-0.025,0.75,0.543,0.518,0.532,0.293
3487,3,0.532,0.425,1.0,0.768,0.543,0.5,0.507,0.275
3488,,0.482,0.375,0.95,0.718,0.493,0.45,0.457,0.225
3489,,0.432,0.325,0.9,0.668,0.443,0.4,0.407,0.175
3490,,0.382,0.275,0.85,0.618,0.393,0.35,0.357,0.125
3491,,0.332,0.225,0.8,0.568,0.343,0.3,0.307,0.075
3492,,0.282,0.175,0.75,0.518,0.293,0.25,0.257,0.025
3493,,0.232,0.125,0.7,0.468,0.243,0.2,0.207,-0.025
3494,8,0.25,0.125,0.682,0.443,0.225,0.2,0.225,1.0
3495,,0.2,0.075,0.632,0.393,0.175,0.15,0.175,0.95
3496,,0.15,0.025,0.582,0.343,0.125,0.1,0.125,0.9
3497,,0.1,-0.025,0.532,0.293,0.075,0.05,0.075,0.85
3498,2,0.118,1.0,0.55,0.293,0.057,0.025,0.057,0.85
