step,active_motive,motive_1,motive_2,motive_3,motive_4,motive_5,motive_6,motive_7,motive_8
0,,0.46485,0.40406,0.3167,0.43573,0.40184,0.09329,0.44628,0.26967
1,,0.41485,0.35406,0.2667,0.38573,0.35184,0.04329,0.39628,0.21967
2,,0.36485,0.30406,0.2167,0.33573,0.30184,-0.00671,0.34628,0.16967
3,6,0.33185,0.15406,0.1837,0.58573,0.83484,0.99329,0.87928,0.41967
4,6,0.29885,0.00406,0.1507,0.83573,1.0,1.0,1.0,0.66967
5,,0.24885,-0.04594,0.1007,0.78573,0.95,0.95,0.95,0.61967
6,2,0.78185,0.95406,0.6337,1.0,0.917,0.8,0.917,0.86967
7,2,1.0,1.0,1.0,1.0,0.884,0.65,0.884,1.0
8,,0.95,0.95,0.95,0.95,0.834,0.6,0.834,0.95
9,,0.9,0.9,0.9,0.9,0.784,0.55,0.784,0.9
10,,0.85,0.85,0.85,0.85,0.734,0.5,0.734,0.85
11,,0.8,0.8,0.8,0.8,0.684,0.45,0.684,0.8
12,,0.75,0.75,0.75,0.75,0.634,0.4,0.634,0.75
13,,0.7,0.7,0.7,0.7,0.584,0.35,0.584,0.7
14,,0.65,0.65,0.65,0.65,0.534,0.3,0.534,0.65
15,,0.6,0.6,0.6,0.6,0.484,0.25,0.484,0.6
16,,0.55,0.55,0.55,0.55,0.434,0.2,0.434,0.55
17,,0.5,0.5,0.5,0.5,0.384,0.15,0.384,0.5
18,,0.45,0.45,0.45,0.45,0.334,0.1,0.334,0.45
19,,0.4,0.4,0.4,0.4,0.284,0.05,0.284,0.4
20,,0.35,0.35,0.35,0.35,0.234,0.0,0.234,0.35
21,,0.3,0.3,0.3,0.3,0.184,-0.05,0.184,0.3
22,6,0.267,0.15,0.267,0.55,0.717,0.95,0.717,0.55
23,6,0.234,-0.0,0.234,0.8,1.0,1.0,1.0,0.8
24,,0.184,-0.05,0.184,0.75,0.95,0.95,0.95,0.75
25,2,0.717,0.95,0.717,1.0,0.917,0.8,0.917,1.0
26,2,1.0,1.0,1.0,1.0,0.884,0.65,0.884,1.0
27,,0.95,0.95,0.95,0.95,0.834,0.6,0.834,0.95
28,,0.9,0.9,0.9,0.9,0.784,0.55,0.784,0.9
29,,0.85,0.85,0.85,0.85,0.734,0.5,0.734,0.85
30,,0.8,0.8,0.8,0.8,0.684,0.45,0.684,0.8
31,,0.75,0.75,0.75,0.75,0.634,0.4,0.634,0.75
32,,0.7,0.7,0.7,0.7,0.584,0.35,0.584,0.7
33,,0.65,0.65,0.65,0.65,0.534,0.3,0.534,0.65
34,,0.6,0.6,0.6,0.6,0.484,0.25,0.484,0.6
35,,0.55,0.55,0.55,0.55,0.434,0.2,0.434,0.55
36,,0.5,0.5,0.5,0.5,0.384,0.15,0.384,0.5
37,,0.45,0.45,0.45,0.45,0.334,0.1,0.334,0.45
38,,0.4,0.4,0.4,0.4,0.284,0.05,0.284,0.4
39,,0.35,0.35,0.35,0.35,0.234,0.0,0.234,0.35
40,,0.3,0.3,0.3,0.3,0.184,-0.05,0.184,0.3
41,6,0.267,0.15,0.267,0.55,0.717,0.95,0.717,0.55
42,6,0.234,-0.0,0.234,0.8,1.0,1.0,1.0,0.8
43,,0.184,-0.05,0.184,0.75,0.95,0.95,0.95,0.75
44,2,0.717,0.95,0.717,1.0,0.917,0.8,0.917,1.0
45,2,1.0,1.0,1.0,1.0,0.884,0.65,0.884,1.0
46,,0.95,0.95,0.95,0.95,0.834,0.6,0.834,0.95
47,,0.9,0.9,0.9,0.9,0.784,0.55,0.784,0.9
48,,0.85,0.85,0.85,0.85,0.734,0.5,0.734,0.85
49,,0.8,0.8,0.8,0.8,0.684,0.45,0.684,0.8
50,,0.75,0.75,0.75,0.75,0.634,0.4,0.634,0.75
51,,0.7,0.7,0.7,0.7,0.584,0.35,0.584,0.7
52,,0.65,0.65,0.65,0.65,0.534,0.3,0.534,0.65
53,,0.6,0.6,0.6,0.6,0.484,0.25,0.484,0.6
54,,0.55,0.55,0.55,0.55,0.434,0.2,0.434,0.55
55,,0.5,0.5,0.5,0.5,0.384,0.15,0.384,0.5
56,,0.45,0.45,0.45,0.45,0.334,0.1,0.334,0.45
57,,0.4,0.4,0.4,0.4,0.284,0.05,0.284,0.4
58,,0.35,0.35,0.35,0.35,0.234,0.0,0.234,0.35
59,,0.3,0.3,0.3,0.3,0.184,-0.05,0.184,0.3
60,6,0.267,0.15,0.267,0.55,0.717,0.95,0.717,0.55
61,6,0.234,-0.0,0.234,0.8,1.0,1.0,1.0,0.8
62,,0.184,-0.05,0.184,0.75,0.95,0.95,0.95,0.75
63,2,0.717,0.95,0.717,1.0,0.917,0.8,0.917,1.0
64,2,1.0,1.0,1.0,1.0,0.884,0.65,0.884,1.0
65,,0.95,0.95,0.95,0.95,0.834,0.6,0.834,0.95
66,,0.9,0.9,0.9,0.9,0.784,0.55,0.784,0.9
67,,0.85,0.85,0.85,0.85,0.734,0.5,0.734,0.85
68,,0.8,0.8,0.8,0.8,0.684,0.45,0.684,0.8
69,,0.75,0.75,0.75,0.75,0.634,0.4,0.634,0.75
70,,0.7,0.7,0.7,0.7,0.584,0.35,0.584,0.7
71,,0.65,0.65,0.65,0.65,0.534,0.3,0.534,0.65
72,,0.6,0.6,0.6,0.6,0.484,0.25,0.484,0.6
73,,0.55,0.55,0.55,0.55,0.434,0.2,0.434,0.55
74,,0.5,0.5,0.5,0.5,0.384,0.15,0.384,0.5
75,,0.45,0.45,0.45,0.45,0.334,0.1,0.334,0.45
76,,0.4,0.4,0.4,0.4,0.284,0.05,0.284,0.4
77,,0.35,0.35,0.35,0.35,0.234,0.0,0.234,0.35
78,,0.3,0.3,0.3,0.3,0.184,-0.05,0.184,0.3
79,6,0.267,0.15,0.267,0.55,0.717,0.95,0.717,0.55
80,6,0.234,-0.0,0.234,0.8,1.0,1.0,1.0,0.8
81,,0.184,-0.05,0.184,0.75,0.95,0.95,0.95,0.75
82,2,0.717,0.95,0.717,1.0,0.917,0.8,0.917,1.0
83,2,1.0,1.0,1.0,1.0,0.884,0.65,0.884,1.0
84,,0.95,0.95,0.95,0.95,0.834,0.6,0.834,0.95
85,,0.9,0.9,0.9,0.9,0.784,0.55,0.784,0.9
86,,0.85,0.85,0.85,0.85,0.734,0.5,0.734,0.85
87,,0.8,0.8,0.8,0.8,0.684,0.45,0.684,0.8
88,,0.75,0.75,0.75,0.75,0.634,0.4,0.634,0.75
89,,0.7,0.7,0.7,0.7,0.584,0.35,0.584,0.7
90,,0.65,0.65,0.65,0.65,0.534,0.3,0.534,0.65
91,,0.6,0.6,0.6,0.6,0.484,0.25,0.484,0.6
92,,0.55,0.55,0.55,0.55,0.434,0.2,0.434,0.55
93,,0.5,0.5,0.5,0.5,0.384,0.15,0.384,0.5
94,,0.45,0.45,0.45,0.45,0.334,0.1,0.334,0.45
95,,0.4,0.4,0.4,0.4,0.284,0.05,0.284,0.4
96,,0.35,0.35,0.35,0.35,0.234,0.0,0.234,0.35
97,,0.3,0.3,0.3,0.3,0.184,-0.05,0.184,0.3
98,6,0.267,0.15,0.267,0.55,0.717,0.95,0.717,0.55
99,6,0.234,-0.0,0.234,0.8,1.0,1.0,1.0,0.8
100,,0.184,-0.05,0.184,0.75,0.95,0.95,0.95,0.75
101,2,0.717,0.95,0.717,1.0,0.917,0.8,0.917,1.0
102,2,1.0,1.0,1.0,1.0,0.884,0.65,0.884,1.0
103,,0.95,0.95,0.95,0.95,0.834,0.6,0.834,0.95
104,,0.9,0.9,0.9,0.9,0.784,0.55,0.784,0.9
105,,0.85,0.85,0.85,0.85,0.734,0.5,0.734,0.85
106,,0.8,0.8,0.8,0.8,0.684,0.45,0.684,0.8
107,,0.75,0.75,0.75,0.75,0.634,0.4,0.634,0.75
108,,0.7,0.7,0.7,0.7,0.584,0.35,0.584,0.7
109,,0.65,0.65,0.65,0.65,0.534,0.3,0.534,0.65
110,,0.6,0.6,0.6,0.6,0.484,0.25,0.484,0.6
111,,0.55,0.55,0.55,0.55,0.434,0.2,0.434,0.55
112,,0.5,0.5,0.5,0.5,0.384,0.15,0.384,0.5
113,,0.45,0.45,0.45,0.45,0.334,0.1,0.334,0.45
114,,0.4,0.4,0.4,0.4,0.284,0.05,0.284,0.4
115,,0.35,0.35,0.35,0.35,0.234,0.0,0.234,0.35
116,,0.3,0.3,0.3,0.3,0.184,-0.05,0.184,0.3
117,6,0.267,0.15,0.267,0.55,0.717,0.95,0.717,0.55
118,6,0.234,-0.0,0.234,0.8,1.0,1.0,1.0,0.8
119,,0.184,-0.05,0.184,0.75,0.95,0.95,0.95,0.75
120,2,0.717,0.95,0.717,1.0,0.917,0.8,0.917,1.0
121,2,1.0,1.0,1.0,1.0,0.884,0.65,0.884,1.0
122,,0.95,0.95,0.95,0.95,0.834,0.6,0.834,0.95
123,,0.9,0.9,0.9,0.9,0.784,0.55,0.784,0.9
124,,0.85,0.85,0.85,0.85,0.734,0.5,0.734,0.85
125,,0.8,0.8,0.8,0.8,0.684,0.45,0.684,0.8
126,,0.75,0.75,0.75,0.75,0.634,0.4,0.634,0.75
127,,0.7,0.7,0.7,0.7,0.584,0.35,0.584,0.7
128,,0.65,0.65,0.65,0.65,0.534,0.3,0.534,0.65
129,,0.6,0.6,0.6,0.6,0.484,0.25,0.484,0.6
130,,0.55,0.55,0.55,0.55,0.434,0.2,0.434,0.55
131,,0.5,0.5,0.5,0.5,0.384,0.15,0.384,0.5
132,,0.45,0.45,0.45,0.45,0.334,0.1,0.334,0.45
133,,0.4,0.4,0.4,0.4,0.284,0.05,0.284,0.4
134,,0.35,0.35,0.35,0.35,0.234,0.0,0.234,0.35
135,,0.3,0.3,0.3,0.3,0.184,-0.05,0.184,0.3
136,6,0.267,0.15,0.267,0.55,0.717,0.95,0.717,0.55
137,6,0.234,-0.0,0.234,0.8,1.0,1.0,1.0,0.8
138,,0.184,-0.05,0.184,0.75,0.95,0.95,0.95,0.75
139,2,0.717,0.95,0.717,1.0,0.917,0.8,0.917,1.0
140,2,1.0,1.0,1.0,1.0,0.884,0.65,0.884,1.0
141,,0.95,0.95,0.95,0.95,0.834,0.6,0.834,0.95
142,,0.9,0.9,0.9,0.9,0.784,0.55,0.784,0.9
143,,0.85,0.85,0.85,0.85,0.734,0.5,0.734,0.85
144,,0.8,0.8,0.8,0.8,0.684,0.45,0.684,0.8
145,,0.75,0.75,0.75,0.75,0.634,0.4,0.634,0.75
146,,0.7,0.7,0.7,0.7,0.584,0.35,0.584,0.7
147,,0.65,0.65,0.65,0.65,0.534,0.3,0.534,0.65
148,,0.6,0.6,0.6,0.6,0.484,0.25,0.484,0.6
149,,0.55,0.55,0.55,0.55,0.434,0.2,0.434,0.55
150,,0.5,0.5,0.5,0.5,0.384,0.15,0.384,0.5
151,,0.45,0.45,0.45,0.45,0.334,0.1,0.334,0.45
152,,0.4,0.4,0.4,0.4,0.284,0.05,0.284,0.4
153,,0.35,0.35,0.35,0.35,0.234,0.0,0.234,0.35
154,,0.3,0.3,0.3,0.3,0.184,-0.05,0.184,0.3
155,6,0.267,0.15,0.267,0.55,0.717,0.95,0.717,0.55
156,6,0.234,-0.0,0.234,0.8,1.0,1.0,1.0,0.8
157,,0.184,-0.05,0.184,0.75,0.95,0.95,0.95,0.75
158,2,0.717,0.95,0.717,1.0,0.917,0.8,0.917,1.0
159,2,1.0,1.0,1.0,1.0,0.884,0.65,0.884,1.0
160,,0.95,0.95,0.95,0.95,0.834,0.6,0.834,0.95
161,,0.9,0.9,0.9,0.9,0.784,0.55,0.784,0.9
162,,0.85,0.85,0.85,0.85,0.734,0.5,0.734,0.85
163,,0.8,0.8,0.8,0.8,0.684,0.45,0.684,0.8
164,,0.75,0.75,0.75,0.75,0.634,0.4,0.634,0.75
165,,0.7,0.7,0.7,0.7,0.584,0.35,0.584,0.7
166,,0.65,0.65,0.65,0.65,0.534,0.3,0.534,0.65
167,,0.6,0.6,0.6,0.6,0.484,0.25,0.484,0.6
168,,0.55,0.55,0.55,0.55,0.434,0.2,0.434,0.55
169,,0.5,0.5,0.5,0.5,0.384,0.15,0.384,0.5
170,,0.45,0.45,0.45,0.45,0.334,0.1,0.334,0.45
171,,0.4,0.4,0.4,0.4,0.284,0.05,0.284,0.4
172,,0.35,0.35,0.35,0.35,0.234,0.0,0.234,0.35
173,,0.3,0.3,0.3,0.3,0.184,-0.05,0.184,0.3
174,6,0.267,0.15,0.267,0.55,0.717,0.95,0.717,0.55
175,6,0.234,-0.0,0.234,0.8,1.0,1.0,1.0,0.8
176,,0.184,-0.05,0.184,0.75,0.95,0.95,0.95,0.75
177,2,0.717,0.95,0.717,1.0,0.917,0.8,0.917,1.0
178,2,1.0,1.0,1.0,1.0,0.884,0.65,0.884,1.0
179,,0.95,0.95,0.95,0.95,0.834,0.6,0.834,0.95
180,,0.9,0.9,0.9,0.9,0.784,0.55,0.784,0.9
181,,0.85,0.85,0.85,0.85,0.734,0.5,0.734,0.85
182,,0.8,0.8,0.8,0.8,0.684,0.45,0.684,0.8
183,,0.75,0.75,0.75,0.75,0.634,0.4,0.634,0.75
184,,0.7,0.7,0.7,0.7,0.584,0.35,0.584,0.7
185,,0.65,0.65,0.65,0.65,0.534,0.3,0.534,0.65
186,,0.6,0.6,0.6,0.6,0.484,0.25,0.484,0.6
187,,0.55,0.55,0.55,0.55,0.434,0.2,0.434,0.55
188,,0.5,0.5,0.5,0.5,0.384,0.15,0.384,0.5
189,,0.45,0.45,0.45,0.45,0.334,0.1,0.334,0.45
190,,0.4,0.4,0.4,0.4,0.284,0.05,0.284,0.4
191,,0.35,0.35,0.35,0.35,0.234,0.0,0.234,0.35
192,,0.3,0.3,0.3,0.3,0.184,-0.05,0.184,0.3
193,6,0.267,0.15,0.267,0.55,0.717,0.95,0.717,0.55
194,6,0.234,-0.0,0.234,0.8,1.0,1.0,1.0,0.8
195,,0.184,-0.05,0.184,0.75,0.95,0.95,0.95,0.75
196,2,0.717,0.95,0.717,1.0,0.917,0.8,0.917,1.0
197,2,1.0,1.0,1.0,1.0,0.884,0.65,0.884,1.0
198,,0.95,0.95,0.95,0.95,0.834,0.6,0.834,0.95
199,,0.9,0.9,0.9,0.9,0.784,0.55,0.784,0.9
200,,0.85,0.85,0.85,0.85,0.734,0.5,0.734,0.85
201,,0.8,0.8,0.8,0.8,0.684,0.45,0.684,0.8
202,,0.75,0.75,0.75,0.75,0.634,0.4,0.634,0.75
203,,0.7,0.7,0.7,0.7,0.584,0.35,0.584,0.7
204,,0.65,0.65,0.65,0.65,0.534,0.3,0.534,0.65
205,,0.6,0.6,0.6,0.6,0.484,0.25,0.484,0.6
206,,0.55,0.55,0.55,0.55,0.434,0.2,0.434,0.55
207,,0.5,0.5,0.5,0.5,0.384,0.15,0.384,0.5
208,,0.45,0.45,0.45,0.45,0.334,0.1,0.334,0.45
209,,0.4,0.4,0.4,0.4,0.284,0.05,0.284,0.4
210,,0.35,0.35,0.35,0.35,0.234,0.0,0.234,0.35
211,,0.3,0.3,0.3,0.3,0.184,-0.05,0.184,0.3
212,6,0.267,0.15,0.267,0.55,0.717,0.95,0.717,0.55
213,6,0.234,-0.0,0.234,0.8,1.0,1.0,1.0,0.8
214,,0.184,-0.05,0.184,0.75,0.95,0.95,0.95,0.75
215,2,0.717,0.95,0.717,1.0,0.917,0.8,0.917,1.0
216,2,1.0,1.0,1.0,1.0,0.884,0.65,0.884,1.0
217,,0.95,0.95,0.95,0.95,0.834,0.6,0.834,0.95
218,,0.9,0.9,0.9,0.9,0.784,0.55,0.784,0.9
219,,0.85,0.85,0.85,0.85,0.734,0.5,0.734,0.85
220,,0.8,0.8,0.8,0.8,0.684,0.45,0.684,0.8
221,,0.75,0.75,0.75,0.75,0.634,0.4,0.634,0.75
222,,0.7,0.7,0.7,0.7,0.584,0.35,0.584,0.7
223,,0.65,0.65,0.65,0.65,0.534,0.3,0.534,0.65
224,,0.6,0.6,0.6,0.6,0.484,0.25,0.484,0.6
225,,0.55,0.55,0.55,0.55,0.434,0.2,0.434,0.55
226,,0.5,0.5,0.5,0.5,0.384,0.15,0.384,0.5
227,,0.45,0.45,0.45,0.45,0.334,0.1,0.334,0.45
228,,0.4,0.4,0.4,0.4,0.284,0.05,0.284,0.4
229,,0.35,0.35,0.35,0.35,0.234,0.0,0.234,0.35
230,,0.3,0.3,0.3,0.3,0.184,-0.05,0.184,0.3
231,6,0.267,0.15,0.267,0.55,0.717,0.95,0.717,0.55
232,6,0.234,-0.0,0.234,0.8,1.0,1.0,1.0,0.8
233,,0.184,-0.05,0.184,0.75,0.95,0.95,0.95,0.75
234,2,0.717,0.95,0.717,1.0,0.917,0.8,0.917,1.0
235,2,1.0,1.0,1.0,1.0,0.884,0.65,0.884,1.0
236,,0.95,0.95,0.95,0.95,0.834,0.6,0.834,0.95
237,,0.9,0.9,0.9,0.9,0.784,0.55,0.784,0.9
238,,0.85,0.85,0.85,0.85,0.734,0.5,0.734,0.85
239,,0.8,0.8,0.8,0.8,0.684,0.45,0.684,0.8
240,,0.75,0.75,0.75,0.75,0.634,0.4,0.634,0.75
241,,0.7,0.7,0.7,0.7,0.584,0.35,0.584,0.7
242,,0.65,0.65,0.65,0.65,0.534,0.3,0.534,0.65
243,,0.6,0.6,0.6,0.6,0.484,0.25,0.484,0.6
244,,0.55,0.55,0.55,0.55,0.434,0.2,0.434,0.55
245,,0.5,0.5,0.5,0.5,0.384,0.15,0.384,0.5
246,,0.45,0.45,0.45,0.45,0.334,0.1,0.334,0.45
247,,0.4,0.4,0.4,0.4,0.284,0.05,0.284,0.4
248,,0.35,0.35,0.35,0.35,0.234,0.0,0.234,0.35
249,,0.3,0.3,0.3,0.3,0.184,-0.05,0.184,0.3
250,6,0.267,0.15,0.267,0.55,0.717,0.95,0.717,0.55
251,6,0.234,-0.0,0.234,0.8,1.0,1.0,1.0,0.8
252,,0.184,-0.05,0.184,0.75,0.95,0.95,0.95,0.75
253,2,0.717,0.95,0.717,1.0,0.917,0.8,0.917,1.0
254,2,1.0,1.0,1.0,1.0,0.884,0.65,0.884,1.0
255,,0.95,0.95,0.95,0.95,0.834,0.6,0.834,0.95
256,,0.9,0.9,0.9,0.9,0.784,0.55,0.784,0.9
257,,0.85,0.85,0.85,0.85,0.734,0.5,0.734,0.85
258,,0.8,0.8,0.8,0.8,0.684,0.45,0.684,0.8
259,,0.75,0.75,0.75,0.75,0.634,0.4,0.634,0.75
260,,0.7,0.7,0.7,0.7,0.584,0.35,0.584,0.7
261,,0.65,0.65,0.65,0.65,0.534,0.3,0.534,0.65
262,,0.6,0.6,0.6,0.6,0.484,0.25,0.484,0.6
263,,0.55,0.55,0.55,0.55,0.434,0.2,0.434,0.55
264,,0.5,0.5,0.5,0.5,0.384,0.15,0.384,0.5
265,,0.45,0.45,0.45,0.45,0.334,0.1,0.334,0.45
266,,0.4,0.4,0.4,0.4,0.284,0.05,0.284,0.4
267,,0.35,0.35,0.35,0.35,0.234,0.0,0.234,0.35
268,,0.3,0.3,0.3,0.3,0.184,-0.05,0.184,0.3
269,6,0.267,0.15,0.267,0.55,0.717,0.95,0.717,0.55
270,6,0.234,-0.0,0.234,0.8,1.0,1.0,1.0,0.8
271,,0.184,-0.05,0.184,0.75,0.95,0.95,0.95,0.75
272,2,0.717,0.95,0.717,1.0,0.917,0.8,0.917,1.0
273,2,1.0,1.0,1.0,1.0,0.884,0.65,0.884,1.0
274,,0.95,0.95,0.95,0.95,0.834,0.6,0.834,0.95
275,,0.9,0.9,0.9,0.9,0.784,0.55,0.784,0.9
276,,0.85,0.85,0.85,0.85,0.734,0.5,0.734,0.85
277,,0.8,0.8,0.8,0.8,0.684,0.45,0.684,0.8
278,,0.75,0.75,0.75,0.75,0.634,0.4,0.634,0.75
279,,0.7,0.7,0.7,0.7,0.584,0.35,0.584,0.7
280,,0.65,0.65,0.65,0.65,0.534,0.3,0.534,0.65
281,,0.6,0.6,0.6,0.6,0.484,0.25,0.484,0.6
282,,0.55,0.55,0.55,0.55,0.434,0.2,0.434,0.55
283,,0.5,0.5,0.5,0.5,0.384,0.15,0.384,0.5
284,,0.45,0.45,0.45,0.45,0.334,0.1,0.334,0.45
285,,0.4,0.4,0.4,0.4,0.284,0.05,0.284,0.4
286,,0.35,0.35,0.35,0.35,0.234,0.0,0.234,0.35
287,,0.3,0.3,0.3,0.3,0.184,-0.05,0.184,0.3
288,6,0.267,0.15,0.267,0.55,0.717,0.95,0.717,0.55
289,6,0.234,-0.0,0.234,0.8,1.0,1.0,1.0,0.8
290,,0.184,-0.05,0.184,0.75,0.95,0.95,0.95,0.75
291,2,0.717,0.95,0.717,1.0,0.917,0.8,0.917,1.0
292,2,1.0,1.0,1.0,1.0,0.884,0.65,0.884,1.0
293,,0.95,0.95,0.95,0.95,0.834,0.6,0.834,0.95
294,,0.9,0.9,0.9,0.9,0.784,0.55,0.784,0.9
295,,0.85,0.85,0.85,0.85,0.734,0.5,0.734,0.85
296,,0.8,0.8,0.8,0.8,0.684,0.45,0.684,0.8
297,,0.75,0.75,0.75,0.75,0.634,0.4,0.634,0.75
298,,0.7,0.7,0.7,0.7,0.584,0.35,0.584,0.7
299,,0.65,0.65,0.65,0.65,0.534,0.3,0.534,0.65
300,,0.6,0.6,0.6,0.6,0.484,0.25,0.484,0.6
301,,0.55,0.55,0.55,0.55,0.434,0.2,0.434,0.55
302,,0.5,0.5,0.5,0.5,0.384,0.15,0.384,0.5
303,,0.45,0.45,0.45,0.45,0.334,0.1,0.334,0.45
304,,0.4,0.4,0.4,0.4,0.284,0.05,0.284,0.4
305,,0.35,0.35,0.35,0.35,0.234,0.0,0.234,0.35
306,,0.3,0.3,0.3,0.3,0.184,-0.05,0.184,0.3
307,6,0.267,0.15,0.267,0.55,0.717,0.95,0.717,0.55
308,6,0.234,-0.0,0.234,0.8,1.0,1.0,1.0,0.8
309,,0.184,-0.05,0.184,0.75,0.95,0.95,0.95,0.75
310,2,0.717,0.95,0.717,1.0,0.917,0.8,0.917,1.0
311,2,1.0,1.0,1.0,1.0,0.884,0.65,0.884,1.0
312,,0.95,0.95,0.95,0.95,0.834,0.6,0.834,0.95
313,,0.9,0.9,0.9,0.9,0.784,0.55,0.784,0.9
314,,0.85,0.85,0.85,0.85,0.734,0.5,0.734,0.85
315,,0.8,0.8,0.8,0.8,0.684,0.45,0.684,0.8
316,,0.75,0.75,0.75,0.75,0.634,0.4,0.634,0.75
317,,0.7,0.7,0.7,0.7,0.584,0.35,0.584,0.7
318,,0.65,0.65,0.65,0.65,0.534,0.3,0.534,0.65
319,,0.6,0.6,0.6,0.6,0.484,0.25,0.484,0.6
320,,0.55,0.55,0.55,0.55,0.434,0.2,0.434,0.55
321,,0.5,0.5,0.5,0.5,0.384,0.15,0.384,0.5
322,,0.45,0.45,0.45,0.45,0.334,0.1,0.334,0.45
323,,0.4,0.4,0.4,0.4,0.284,0.05,0.284,0.4
324,,0.35,0.35,0.35,0.35,0.234,0.0,0.234,0.35
325,,0.3,0.3,0.3,0.3,0.184,-0.05,0.184,0.3
326,6,0.267,0.15,0.267,0.55,0.717,0.95,0.717,0.55
327,6,0.234,-0.0,0.234,0.8,1.0,1.0,1.0,0.8
328,,0.184,-0.05,0.184,0.75,0.95,0.95,0.95,0.75
329,2,0.717,0.95,0.717,1.0,0.917,0.8,0.917,1.0
330,2,1.0,1.0,1.0,1.0,0.884,0.65,0.884,1.0
331,,0.95,0.95,0.95,0.95,0.834,0.6,0.834,0.95
332,,0.9,0.9,0.9,0.9,0.784,0.55,0.784,0.9
333,,0.85,0.85,0.85,0.85,0.734,0.5,0.734,0.85
334,,0.8,0.8,0.8,0.8,0.684,0.45,0.684,0.8
335,,0.75,0.75,0.75,0.75,0.634,0.4,0.634,0.75
336,,0.7,0.7,0.7,0.7,0.584,0.35,0.584,0.7
337,,0.65,0.65,0.65,0.65,0.534,0.3,0.534,0.65
338,,0.6,0.6,0.6,0.6,0.484,0.25,0.484,0.6
339,,0.55,0.55,0.55,0.55,0.434,0.2,0.434,0.55
340,,0.5,0.5,0.5,0.5,0.384,0.15,0.384,0.5
341,,0.45,0.45,0.45,0.45,0.334,0.1,0.334,0.45
342,,0.4,0.4,0.4,0.4,0.284,0.05,0.284,0.4
343,,0.35,0.35,0.35,0.35,0.234,0.0,0.234,0.35
344,,0.3,0.3,0.3,0.3,0.184,-0.05,0.184,0.3
345,6,0.267,0.15,0.267,0.55,0.717,0.95,0.717,0.55
346,6,0.234,-0.0,0.234,0.8,1.0,1.0,1.0,0.8
347,,0.184,-0.05,0.184,0.75,0.95,0.95,0.95,0.75
348,2,0.717,0.95,0.717,1.0,0.917,0.8,0.917,1.0
349,2,1.0,1.0,1.0,1.0,0.884,0.65,0.884,1.0
350,,0.95,0.95,0.95,0.95,0.834,0.6,0.834,0.95
351,,0.9,0.9,0.9,0.9,0.784,0.55,0.784,0.9
352,,0.85,0.85,0.85,0.85,0.734,0.5,0.734,0.85
353,,0.8,0.8,0.8,0.8,0.684,0.45,0.684,0.8
354,,0.75,0.75,0.75,0.75,0.634,0.4,0.634,0.75
355,,0.7,0.7,0.7,0.7,0.584,0.35,0.584,0.7
356,,0.65,0.65,0.65,0.65,0.534,0.3,0.534,0.65
357,,0.6,0.6,0.6,0.6,0.484,0.25,0.484,0.6
358,,0.55,0.55,0.55,0.55,0.434,0.2,0.434,0.55
359,,0.5,0.5,0.5,0.5,0.384,0.15,0.384,0.5
360,,0.45,0.45,0.45,0.45,0.334,0.1,0.334,0.45
361,,0.4,0.4,0.4,0.4,0.284,0.05,0.284,0.4
362,,0.35,0.35,0.35,0.35,0.234,0.0,0.234,0.35
363,,0.3,0.3,0.3,0.3,0.184,-0.05,0.184,0.3
364,6,0.267,0.15,0.267,0.55,0.717,0.95,0.717,0.55
365,6,0.234,-0.0,0.234,0.8,1.0,1.0,1.0,0.8
366,,0.184,-0.05,0.184,0.75,0.95,0.95,0.95,0.75
367,2,0.717,0.95,0.717,1.0,0.917,0.8,0.917,1.0
368,2,1.0,1.0,1.0,1.0,0.884,0.65,0.884,1.0
369,,0.95,0.95,0.95,0.95,0.834,0.6,0.834,0.95
370,,0.9,0.9,0.9,0.9,0.784,0.55,0.784,0.9
371,,0.85,0.85,0.85,0.85,0.734,0.5,0.734,0.85
372,,0.8,0.8,0.8,0.8,0.684,0.45,0.684,0.8
373,,0.75,0.75,0.75,0.75,0.634,0.4,0.634,0.75
374,,0.7,0.7,0.7,0.7,0.584,0.35,0.584,0.7
375,,0.65,0.65,0.65,0.65,0.534,0.3,0.534,0.65
376,,0.6,0.6,0.6,0.6,0.484,0.25,0.484,0.6
377,,0.55,0.55,0.55,0.55,0.434,0.2,0.434,0.55
378,,0.5,0.5,0.5,0.5,0.384,0.15,0.384,0.5
379,,0.45,0.45,0.45,0.45,0.334,0.1,0.334,0.45
380,,0.4,0.4,0.4,0.4,0.284,0.05,0.284,0.4
381,,0.35,0.35,0.35,0.35,0.234,0.0,0.234,0.35
382,,0.3,0.3,0.3,0.3,0.184,-0.05,0.184,0.3
383,6,0.267,0.15,0.267,0.55,0.717,0.95,0.717,0.55
384,6,0.234,-0.0,0.234,0.8,1.0,1.0,1.0,0.8
385,,0.184,-0.05,0.184,0.75,0.95,0.95,0.95,0.75
386,2,0.717,0.95,0.717,1.0,0.917,0.8,0.917,1.0
387,2,1.0,1.0,1.0,1.0,0.884,0.65,0.884,1.0
388,,0.95,0.95,0.95,0.95,0.834,0.6,0.834,0.95
389,,0.9,0.9,0.9,0.9,0.784,0.55,0.784,0.9
390,,0.85,0.85,0.85,0.85,0.734,0.5,0.734,0.85
391,,0.8,0.8,0.8,0.8,0.684,0.45,0.684,0.8
392,,0.75,0.75,0.75,0.75,0.634,0.4,0.634,0.75
393,,0.7,0.7,0.7,0.7,0.584,0.35,0.584,0.7
394,,0.65,0.65,0.65,0.65,0.534,0.3,0.534,0.65
395,,0.6,0.6,0.6,0.6,0.484,0.25,0.484,0.6
396,,0.55,0.55,0.55,0.55,0.434,0.2,0.434,0.55
397,,0.5,0.5,0.5,0.5,0.384,0.15,0.384,0.5
398,,0.45,0.45,0.45,0.45,0.334,0.1,0.334,0.45
399,,0.4,0.4,0.4,0.4,0.284,0.05,0.284,0.4
400,,0.35,0.35,0.35,0.35,0.234,0.0,0.234,0.35
401,,0.3,0.3,0.3,0.3,0.184,-0.05,0.184,0.3
402,6,0.267,0.15,0.267,0.55,0.717,0.95,0.717,0.55
403,6,0.234,-0.0,0.234,0.8,1.0,1.0,1.0,0.8
404,,0.184,-0.05,0.184,0.75,0.95,0.95,0.95,0.75
405,2,0.717,0.95,0.717,1.0,0.917,0.8,0.917,1.0
406,2,1.0,1.0,1.0,1.0,0.884,0.65,0.884,1.0
407,,0.95,0.95,0.95,0.95,0.834,0.6,0.834,0.95
408,,0.9,0.9,0.9,0.9,0.784,0.55,0.784,0.9
409,,0.85,0.85,0.85,0.85,0.734,0.5,0.734,0.85
410,,0.8,0.8,0.8,0.8,0.684,0.45,0.684,0.8
411,,0.75,0.75,0.75,0.75,0.634,0.4,0.634,0.75
412,,0.7,0.7,0.7,0.7,0.584,0.35,0.584,0.7
413,,0.65,0.65,0.65,0.65,0.534,0.3,0.534,0.65
414,,0.6,0.6,0.6,0.6,0.484,0.25,0.484,0.6
415,,0.55,0.55,0.55,0.55,0.434,0.2,0.434,0.55
416,,0.5,0.5,0.5,0.5,0.384,0.15,0.384,0.5
417,,0.45,0.45,0.45,0.45,0.334,0.1,0.334,0.45
418,,0.4,0.4,0.4,0.4,0.284,0.05,0.284,0.4
419,,0.35,0.35,0.35,0.35,0.234,0.0,0.234,0.35
420,,0.3,0.3,0.3,0.3,0.184,-0.05,0.184,0.3
421,6,0.267,0.15,0.267,0.55,0.717,0.95,0.717,0.55
422,6,0.234,-0.0,0.234,0.8,1.0,1.0,1.0,0.8
423,,0.184,-0.05,0.184,0.75,0.95,0.95,0.95,0.75
424,2,0.717,0.95,0.717,1.0,0.917,0.8,0.917,1.0
425,2,1.0,1.0,1.0,1.0,0.884,0.65,0.884,1.0
426,,0.95,0.95,0.95,0.95,0.834,0.6,0.834,0.95
427,,0.9,0.9,0.9,0.9,0.784,0.55,0.784,0.9
428,,0.85,0.85,0.85,0.85,0.734,0.5,0.734,0.85
429,,0.8,0.8,0.8,0.8,0.684,0.45,0.684,0.8
430,,0.75,0.75,0.75,0.75,0.634,0.4,0.634,0.75
431,,0.7,0.7,0.7,0.7,0.584,0.35,0.584,0.7
432,,0.65,0.65,0.65,0.65,0.534,0.3,0.534,0.65
433,,0.6,0.6,0.6,0.6,0.484,0.25,0.484,0.6
434,,0.55,0.55,0.55,0.55,0.434,0.2,0.434,0.55
435,,0.5,0.5,0.5,0.5,0.384,0.15,0.384,0.5
436,,0.45,0.45,0.45,0.45,0.334,0.1,0.334,0.45
437,,0.4,0.4,0.4,0.4,0.284,0.05,0.284,0.4
438,,0.35,0.35,0.35,0.35,0.234,0.0,0.234,0.35
439,,0.3,0.3,0.3,0.3,0.184,-0.05,0.184,0.3
440,6,0.267,0.15,0.267,0.55,0.717,0.95,0.717,0.55
441,6,0.234,-0.0,0.234,0.8,1.0,1.0,1.0,0.8
442,,0.184,-0.05,0.184,0.75,0.95,0.95,0.95,0.75
443,2,0.717,0.95,0.717,1.0,0.917,0.8,0.917,1.0
444,2,1.0,1.0,1.0,1.0,0.884,0.65,0.884,1.0
445,,0.95,0.95,0.95,0.95,0.834,0.6,0.834,0.95
446,,0.9,0.9,0.9,0.9,0.784,0.55,0.784,0.9
447,,0.85,0.85,0.85,0.85,0.734,0.5,0.734,0.85
448,,0.8,0.8,0.8,0.8,0.684,0.45,0.684,0.8
449,,0.75,0.75,0.75,0.75,0.634,0.4,0.634,0.75
450,,0.7,0.7,0.7,0.7,0.584,0.35,0.584,0.7
451,,0.65,0.65,0.65,0.65,0.534,0.3,0.534,0.65
452,,0.6,0.6,0.6,0.6,0.484,0.25,0.484,0.6
453,,0.55,0.55,0.55,0.55,0.434,0.2,0.434,0.55
454,,0.5,0.5,0.5,0.5,0.384,0.15,0.384,0.5
455,,0.45,0.45,0.45,0.45,0.334,0.1,0.334,0.45
456,,0.4,0.4,0.4,0.4,0.284,0.05,0.284,0.4
457,,0.35,0.35,0.35,0.35,0.234,0.0,0.234,0.35
458,,0.3,0.3,0.3,0.3,0.184,-0.05,0.184,0.3
459,6,0.267,0.15,0.267,0.55,0.717,0.95,0.717,0.55
460,6,0.234,-0.0,0.234,0.8,1.0,1.0,1.0,0.8
461,,0.184,-0.05,0.184,0.75,0.95,0.95,0.95,0.75
462,2,0.717,0.95,0.717,1.0,0.917,0.8,0.917,1.0
463,2,1.0,1.0,1.0,1.0,0.884,0.65,0.884,1.0
464,,0.95,0.95,0.95,0.95,0.834,0.6,0.834,0.95
465,,0.9,0.9,0.9,0.9,0.784,0.55,0.784,0.9
466,,0.85,0.85,0.85,0.85,0.734,0.5,0.734,0.85
467,,0.8,0.8,0.8,0.8,0.684,0.45,0.684,0.8
468,,0.75,0.75,0.75,0.75,0.634,0.4,0.634,0.75
469,,0.7,0.7,0.7,0.7,0.584,0.35,0.584,0.7
470,,0.65,0.65,0.65,0.65,0.534,0.3,0.534,0.65
471,,0.6,0.6,0.6,0.6,0.484,0.25,0.484,0.6
472,,0.55,0.55,0.55,0.55,0.434,0.2,0.434,0.55
473,,0.5,0.5,0.5,0.5,0.384,0.15,0.384,0.5
474,,0.45,0.45,0.45,0.45,0.334,0.1,0.334,0.45
475,,0.4,0.4,0.4,0.4,0.284,0.05,0.284,0.4
476,,0.35,0.35,0.35,0.35,0.234,0.0,0.234,0.35
477,,0.3,0.3,0.3,0.3,0.184,-0.05,0.184,0.3
478,6,0.267,0.15,0.267,0.55,0.717,0.95,0.717,0.55
479,6,0.234,-0.0,0.234,0.8,1.0,1.0,1.0,0.8
480,,0.184,-0.05,0.184,0.75,0.95,0.95,0.95,0.75
481,2,0.717,0.95,0.717,1.0,0.917,0.8,0.917,1.0
482,2,1.0,1.0,1.0,1.0,0.884,0.65,0.884,1.0
483,,0.95,0.95,0.95,0.95,0.834,0.6,0.834,0.95
484,,0.9,0.9,0.9,0.9,0.784,0.55,0.784,0.9
485,,0.85,0.85,0.85,0.85,0.734,0.5,0.734,0.85
486,,0.8,0.8,0.8,0.8,0.684,0.45,0.684,0.8
487,,0.75,0.75,0.75,0.75,0.634,0.4,0.634,0.75
488,,0.7,0.7,0.7,0.7,0.584,0.35,0.584,0.7
489,,0.65,0.65,0.65,0.65,0.534,0.3,0.534,0.65
490,,0.6,0.6,0.6,0.6,0.484,0.25,0.484,0.6
491,,0.55,0.55,0.55,0.55,0.434,0.2,0.434,0.55
492,,0.5,0.5,0.5,0.5,0.384,0.15,0.384,0.5
493,,0.45,0.45,0.45,0.45,0.334,0.1,0.334,0.45
494,,0.4,0.4,0.4,0.4,0.284,0.05,0.284,0.4
495,,0.35,0.35,0.35,0.35,0.234,0.0,0.234,0.35
496,,0.3,0.3,0.3,0.3,0.184,-0.05,0.184,0.3
497,6,0.267,0.15,0.267,0.55,0.717,0.95,0.717,0.55
498,6,0.234,-0.0,0.234,0.8,1.0,1.0,1.0,0.8
499,,0.184,-0.05,0.184,0.75,0.95,0.95,0.95,0.75
500,2,0.717,0.95,0.717,1.0,0.917,0.8,0.917,1.0
501,2,1.0,1.0,1.0,1.0,0.884,0.65,0.884,1.0
502,,0.95,0.95,0.95,0.95,0.834,0.6,0.834,0.95
503,,0.9,0.9,0.9,0.9,0.784,0.55,0.784,0.9
504,,0.85,0.85,0.85,0.85,0.734,0.5,0.734,0.85
505,,0.8,0.8,0.8,0.8,0.684,0.45,0.684,0.8
506,,0.75,0.75,0.75,0.75,0.634,0.4,0.634,0.75
507,,0.7,0.7,0.7,0.7,0.584,0.35,0.584,0.7
508,,0.65,0.65,0.65,0.65,0.534,0.3,0.534,0.65
509,,0.6,0.6,0.6,0.6,0.484,0.25,0.484,0.6
510,,0.55,0.55,0.55,0.55,0.434,0.2,0.434,0.55
511,,0.5,0.5,0.5,0.5,0.384,0.15,0.384,0.5
512,,0.45,0.45,0.45,0.45,0.334,0.1,0.334,0.45
513,,0.4,0.4,0.4,0.4,0.284,0.05,0.284,0.4
514,,0.35,0.35,0.35,0.35,0.234,0.0,0.234,0.35
515,,0.3,0.3,0.3,0.3,0.184,-0.05,0.184,0.3
516,6,0.267,0.15,0.267,0.55,0.717,0.95,0.717,0.55
517,6,0.234,-0.0,0.234,0.8,1.0,1.0,1.0,0.8
518,,0.184,-0.05,0.184,0.75,0.95,0.95,0.95,0.75
519,2,0.717,0.95,0.717,1.0,0.917,0.8,0.917,1.0
520,2,1.0,1.0,1.0,1.0,0.884,0.65,0.884,1.0
521,,0.95,0.95,0.95,0.95,0.834,0.6,0.834,0.95
522,,0.9,0.9,0.9,0.9,0.784,0.55,0.784,0.9
523,,0.85,0.85,0.85,0.85,0.734,0.5,0.734,0.85
524,,0.8,0.8,0.8,0.8,0.684,0.45,0.684,0.8
525,,0.75,0.75,0.75,0.75,0.634,0.4,0.634,0.75
526,,0.7,0.7,0.7,0.7,0.584,0.35,0.584,0.7
527,,0.65,0.65,0.65,0.65,0.534,0.3,0.534,0.65
528,,0.6,0.6,0.6,0.6,0.484,0.25,0.484,0.6
529,,0.55,0.55,0.55,0.55,0.434,0.2,0.434,0.55
530,,0.5,0.5,0.5,0.5,0.384,0.15,0.384,0.5
531,,0.45,0.45,0.45,0.45,0.334,0.1,0.334,0.45
532,,0.4,0.4,0.4,0.4,0.284,0.05,0.284,0.4
533,,0.35,0.35,0.35,0.35,0.234,0.0,0.234,0.35
534,,0.3,0.3,0.3,0.3,0.184,-0.05,0.184,0.3
535,6,0.267,0.15,0.267,0.55,0.717,0.95,0.717,0.55
536,6,0.234,-0.0,0.234,0.8,1.0,1.0,1.0,0.8
537,,0.184,-0.05,0.184,0.75,0.95,0.95,0.95,0.75
538,2,0.717,0.95,0.717,1.0,0.917,0.8,0.917,1.0
539,2,1.0,1.0,1.0,1.0,0.884,0.65,0.884,1.0
540,,0.95,0.95,0.95,0.95,0.834,0.6,0.834,0.95
541,,0.9,0.9,0.9,0.9,0.784,0.55,0.784,0.9
542,,0.85,0.85,0.85,0.85,0.734,0.5,0.734,0.85
543,,0.8,0.8,0.8,0.8,0.684,0.45,0.684,0.8
544,,0.75,0.75,0.75,0.75,0.634,0.4,0.634,0.75
545,,0.7,0.7,0.7,0.7,0.584,0.35,0.584,0.7
546,,0.65,0.65,0.65,0.65,0.534,0.3,0.534,0.65
547,,0.6,0.6,0.6,0.6,0.484,0.25,0.484,0.6
548,,0.55,0.55,0.55,0.55,0.434,0.2,0.434,0.55
549,,0.5,0.5,0.5,0.5,0.384,0.15,0.384,0.5
550,,0.45,0.45,0.45,0.45,0.334,0.1,0.334,0.45
551,,0.4,0.4,0.4,0.4,0.284,0.05,0.284,0.4
552,,0.35,0.35,0.35,0.35,0.234,0.0,0.234,0.35
553,,0.3,0.3,0.3,0.3,0.184,-0.05,0.184,0.3
554,6,0.267,0.15,0.267,0.55,0.717,0.95,0.717,0.55
555,6,0.234,-0.0,0.234,0.8,1.0,1.0,1.0,0.8
556,,0.184,-0.05,0.184,0.75,0.95,0.95,0.95,0.75
557,2,0.717,0.95,0.717,1.0,0.917,0.8,0.917,1.0
558,2,1.0,1.0,1.0,1.0,0.884,0.65,0.884,1.0
559,,0.95,0.95,0.95,0.95,0.834,0.6,0.834,0.95
560,,0.9,0.9,0.9,0.9,0.784,0.55,0.784,0.9
561,,0.85,0.85,0.85,0.85,0.734,0.5,0.734,0.85
562,,0.8,0.8,0.8,0.8,0.684,0.45,0.684,0.8
563,,0.75,0.75,0.75,0.75,0.634,0.4,0.634,0.75
564,,0.7,0.7,0.7,0.7,0.584,0.35,0.584,0.7
565,,0.65,0.65,0.65,0.65,0.534,0.3,0.534,0.65
566,,0.6,0.6,0.6,0.6,0.484,0.25,0.484,0.6
567,,0.55,0.55,0.55,0.55,0.434,0.2,0.434,0.55
568,,0.5,0.5,0.5,0.5,0.384,0.15,0.384,0.5
569,,0.45,0.45,0.45,0.45,0.334,0.1,0.334,0.45
570,,0.4,0.4,0.4,0.4,0.284,0.05,0.284,0.4
571,,0.35,0.35,0.35,0.35,0.234,0.0,0.234,0.35
572,,0.3,0.3,0.3,0.3,0.184,-0.05,0.184,0.3
573,6,0.267,0.15,0.267,0.55,0.717,0.95,0.717,0.55
574,6,0.234,-0.0,0.234,0.8,1.0,1.0,1.0,0.8
575,,0.184,-0.05,0.184,0.75,0.95,0.95,0.95,0.75
576,2,0.717,0.95,0.717,1.0,0.917,0.8,0.917,1.0
577,2,1.0,1.0,1.0,1.0,0.884,0.65,0.884,1.0
578,,0.95,0.95,0.95,0.95,0.834,0.6,0.834,0.95
579,,0.9,0.9,0.9,0.9,0.784,0.55,0.784,0.9
580,,0.85,0.85,0.85,0.85,0.734,0.5,0.734,0.85
581,,0.8,0.8,0.8,0.8,0.684,0.45,0.684,0.8
582,,0.75,0.75,0.75,0.75,0.634,0.4,0.634,0.75
583,,0.7,0.7,0.7,0.7,0.584,0.35,0.584,0.7
584,,0.65,0.65,0.65,0.65,0.534,0.3,0.534,0.65
585,,0.6,0.6,0.6,0.6,0.484,0.25,0.484,0.6
586,,0.55,0.55,0.55,0.55,0.434,0.2,0.434,0.55
587,,0.5,0.5,0.5,0.5,0.384,0.15,0.384,0.5
588,,0.45,0.45,0.45,0.45,0.334,0.1,0.334,0.45
589,,0.4,0.4,0.4,0.4,0.284,0.05,0.284,0.4
590,,0.35,0.35,0.35,0.35,0.234,0.0,0.234,0.35
591,,0.3,0.3,0.3,0.3,0.184,-0.05,0.184,0.3
592,6,0.267,0.15,0.267,0.55,0.717,0.95,0.717,0.55
593,6,0.234,-0.0,0.234,0.8,1.0,1.0,1.0,0.8
594,,0.184,-0.05,0.184,0.75,0.95,0.95,0.95,0.75
595,2,0.717,0.95,0.717,1.0,0.917,0.8,0.917,1.0
596,2,1.0,1.0,1.0,1.0,0.884,0.65,0.884,1.0
597,,0.95,0.95,0.95,0.95,0.834,0.6,0.834,0.95
598,,0.9,0.9,0.9,0.9,0.784,0.55,0.784,0.9
599,,0.85,0.85,0.85,0.85,0.734,0.5,0.734,0.85
600,,0.8,0.8,0.8,0.8,0.684,0.45,0.684,0.8
601,,0.75,0.75,0.75,0.75,0.634,0.4,0.634,0.75
602,,0.7,0.7,0.7,0.7,0.584,0.35,0.584,0.7
603,,0.65,0.65,0.65,0.65,0.534,0.3,0.534,0.65
604,,0.6,0.6,0.6,0.6,0.484,0.25,0.484,0.6
605,,0.55,0.55,0.55,0.55,0.434,0.2,0.434,0.55
606,,0.5,0.5,0.5,0.5,0.384,0.15,0.384,0.5
607,,0.45,0.45,0.45,0.45,0.334,0.1,0.334,0.45
608,,0.4,0.4,0.4,0.4,0.284,0.05,0.284,0.4
609,,0.35,0.35,0.35,0.35,0.234,0.0,0.234,0.35
610,,0.3,0.3,0.3,0.3,0.184,-0.05,0.184,0.3
611,6,0.267,0.15,0.267,0.55,0.717,0.95,0.717,0.55
612,6,0.234,-0.0,0.234,0.8,1.0,1.0,1.0,0.8
613,,0.184,-0.05,0.184,0.75,0.95,0.95,0.95,0.75
614,2,0.717,0.95,0.717,1.0,0.917,0.8,0.917,1.0
615,2,1.0,1.0,1.0,1.0,0.884,0.65,0.884,1.0
616,,0.95,0.95,0.95,0.95,0.834,0.6,0.834,0.95
617,,0.9,0.9,0.9,0.9,0.784,0.55,0.784,0.9
618,,0.85,0.85,0.85,0.85,0.734,0.5,0.734,0.85
619,,0.8,0.8,0.8,0.8,0.684,0.45,0.684,0.8
620,,0.75,0.75,0.75,0.75,0.634,0.4,0.634,0.75
621,,0.7,0.7,0.7,0.7,0.584,0.35,0.584,0.7
622,,0.65,0.65,0.65,0.65,0.534,0.3,0.534,0.65
623,,0.6,0.6,0.6,0.6,0.484,0.25,0.484,0.6
624,,0.55,0.55,0.55,0.55,0.434,0.2,0.434,0.55
625,,0.5,0.5,0.5,0.5,0.384,0.15,0.384,0.5
626,,0.45,0.45,0.45,0.45,0.334,0.1,0.334,0.45
627,,0.4,0.4,0.4,0.4,0.284,0.05,0.284,0.4
628,,0.35,0.35,0.35,0.35,0.234,0.0,0.234,0.35
629,,0.3,0.3,0.3,0.3,0.184,-0.05,0.184,0.3
630,6,0.267,0.15,0.267,0.55,0.717,0.95,0.717,0.55
631,6,0.234,-0.0,0.234,0.8,1.0,1.0,1.0,0.8
632,,0.184,-0.05,0.184,0.75,0.95,0.95,0.95,0.75
633,2,0.717,0.95,0.717,1.0,0.917,0.8,0.917,1.0
634,2,1.0,1.0,1.0,1.0,0.884,0.65,0.884,1.0
635,,0.95,0.95,0.95,0.95,0.834,0.6,0.834,0.95
636,,0.9,0.9,0.9,0.9,0.784,0.55,0.784,0.9
637,,0.85,0.85,0.85,0.85,0.734,0.5,0.734,0.85
638,,0.8,0.8,0.8,0.8,0.684,0.45,0.684,0.8
639,,0.75,0.75,0.75,0.75,0.634,0.4,0.634,0.75
640,,0.7,0.7,0.7,0.7,0.584,0.35,0.584,0.7
641,,0.65,0.65,0.65,0.65,0.534,0.3,0.534,0.65
642,,0.6,0.6,0.6,0.6,0.484,0.25,0.484,0.6
643,,0.55,0.55,0.55,0.55,0.434,0.2,0.434,0.55
644,,0.5,0.5,0.5,0.5,0.384,0.15,0.384,0.5
645,,0.45,0.45,0.45,0.45,0.334,0.1,0.334,0.45
646,,0.4,0.4,0.4,0.4,0.284,0.05,0.284,0.4
647,,0.35,0.35,0.35,0.35,0.234,0.0,0.234,0.35
648,,0.3,0.3,0.3,0.3,0.184,-0.05,0.184,0.3
649,6,0.267,0.15,0.267,0.55,0.717,0.95,0.717,0.55
650,6,0.234,-0.0,0.234,0.8,1.0,1.0,1.0,0.8
651,,0.184,-0.05,0.184,0.75,0.95,0.95,0.95,0.75
652,2,0.717,0.95,0.717,1.0,0.917,0.8,0.917,1.0
653,2,1.0,1.0,1.0,1.0,0.884,0.65,0.884,1.0
654,,0.95,0.95,0.95,0.95,0.834,0.6,0.834,0.95
655,,0.9,0.9,0.9,0.9,0.784,0.55,0.784,0.9
656,,0.85,0.85,0.85,0.85,0.734,0.5,0.734,0.85
657,,0.8,0.8,0.8,0.8,0.684,0.45,0.684,0.8
658,,0.75,0.75,0.75,0.75,0.634,0.4,0.634,0.75
659,,0.7,0.7,0.7,0.7,0.584,0.35,0.584,0.7
660,,0.65,0.65,0.65,0.65,0.534,0.3,0.534,0.65
661,,0.6,0.6,0.6,0.6,0.484,0.25,0.484,0.6
662,,0.55,0.55,0.55,0.55,0.434,0.2,0.434,0.55
663,,0.5,0.5,0.5,0.5,0.384,0.15,0.384,0.5
664,,0.45,0.45,0.45,0.45,0.334,0.1,0.334,0.45
665,,0.4,0.4,0.4,0.4,0.284,0.05,0.284,0.4
666,,0.35,0.35,0.35,0.35,0.234,0.0,0.234,0.35
667,,0.3,0.3,0.3,0.3,0.184,-0.05,0.184,0.3
668,6,0.267,0.15,0.267,0.55,0.717,0.95,0.717,0.55
669,6,0.234,-0.0,0.234,0.8,1.0,1.0,1.0,0.8
670,,0.184,-0.05,0.184,0.75,0.95,0.95,0.95,0.75
671,2,0.717,0.95,0.717,1.0,0.917,0.8,0.917,1.0
672,2,1.0,1.0,1.0,1.0,0.884,0.65,0.884,1.0
673,,0.95,0.95,0.95,0.95,0.834,0.6,0.834,0.95
674,,0.9,0.9,0.9,0.9,0.784,0.55,0.784,0.9
675,,0.85,0.85,0.85,0.85,0.734,0.5,0.734,0.85
676,,0.8,0.8,0.8,0.8,0.684,0.45,0.684,0.8
677,,0.75,0.75,0.75,0.75,0.634,0.4,0.634,0.75
678,,0.7,0.7,0.7,0.7,0.584,0.35,0.584,0.7
679,,0.65,0.65,0.65,0.65,0.534,0.3,0.534,0.65
680,,0.6,0.6,0.6,0.6,0.484,0.25,0.484,0.6
681,,0.55,0.55,0.55,0.55,0.434,0.2,0.434,0.55
682,,0.5,0.5,0.5,0.5,0.384,0.15,0.384,0.5
683,,0.45,0.45,0.45,0.45,0.334,0.1,0.334,0.45
684,,0.4,0.4,0.4,0.4,0.284,0.05,0.284,0.4
685,,0.35,0.35,0.35,0.35,0.234,0.0,0.234,0.35
686,,0.3,0.3,0.3,0.3,0.184,-0.05,0.184,0.3
687,6,0.267,0.15,0.267,0.55,0.717,0.95,0.717,0.55
688,6,0.234,-0.0,0.234,0.8,1.0,1.0,1.0,0.8
689,,0.184,-0.05,0.184,0.75,0.95,0.95,0.95,0.75
690,2,0.717,0.95,0.717,1.0,0.917,0.8,0.917,1.0
691,2,1.0,1.0,1.0,1.0,0.884,0.65,0.884,1.0
692,,0.95,0.95,0.95,0.95,0.834,0.6,0.834,0.95
693,,0.9,0.9,0.9,0.9,0.784,0.55,0.784,0.9
694,,0.85,0.85,0.85,0.85,0.734,0.5,0.734,0.85
695,,0.8,0.8,0.8,0.8,0.684,0.45,0.684,0.8
696,,0.75,0.75,0.75,0.75,0.634,0.4,0.634,0.75
697,,0.7,0.7,0.7,0.7,0.584,0.35,0.584,0.7
698,,0.65,0.65,0.65,0.65,0.534,0.3,0.534,0.65
699,,0.6,0.6,0.6,0.6,0.484,0.25,0.484,0.6
700,,0.55,0.55,0.55,0.55,0.434,0.2,0.434,0.55
701,,0.5,0.5,0.5,0.5,0.384,0.15,0.384,0.5
702,,0.45,0.45,0.45,0.45,0.334,0.1,0.334,0.45
703,,0.4,0.4,0.4,0.4,0.284,0.05,0.284,0.4
704,,0.35,0.35,0.35,0.35,0.234,0.0,0.234,0.35
705,,0.3,0.3,0.3,0.3,0.184,-0.05,0.184,0.3
706,6,0.267,0.15,0.267,0.55,0.717,0.95,0.717,0.55
707,6,0.234,-0.0,0.234,0.8,1.0,1.0,1.0,0.8
708,,0.184,-0.05,0.184,0.75,0.95,0.95,0.95,0.75
709,2,0.717,0.95,0.717,1.0,0.917,0.8,0.917,1.0
710,2,1.0,1.0,1.0,1.0,0.884,0.65,0.884,1.0
711,,0.95,0.95,0.95,0.95,0.834,0.6,0.834,0.95
712,,0.9,0.9,0.9,0.9,0.784,0.55,0.784,0.9
713,,0.85,0.85,0.85,0.85,0.734,0.5,0.734,0.85
714,,0.8,0.8,0.8,0.8,0.684,0.45,0.684,0.8
715,,0.75,0.75,0.75,0.75,0.634,0.4,0.634,0.75
716,,0.7,0.7,0.7,0.7,0.584,0.35,0.584,0.7
717,,0.65,0.65,0.65,0.65,0.534,0.3,0.534,0.65
718,,0.6,0.6,0.6,0.6,0.484,0.25,0.484,0.6
719,,0.55,0.55,0.55,0.55,0.434,0.2,0.434,0.55
720,,0.5,0.5,0.5,0.5,0.384,0.15,0.384,0.5
721,,0.45,0.45,0.45,0.45,0.334,0.1,0.334,0.45
722,,0.4,0.4,0.4,0.4,0.284,0.05,0.284,0.4
723,,0.35,0.35,0.35,0.35,0.234,0.0,0.234,0.35
724,,0.3,0.3,0.3,0.3,0.184,-0.05,0.184,0.3
725,6,0.267,0.15,0.267,0.55,0.717,0.95,0.717,0.55
726,6,0.234,-0.0,0.234,0.8,1.0,1.0,1.0,0.8
727,,0.184,-0.05,0.184,0.75,0.95,0.95,0.95,0.75
728,2,0.717,0.95,0.717,1.0,0.917,0.8,0.917,1.0
729,2,1.0,1.0,1.0,1.0,0.884,0.65,0.884,1.0
730,,0.95,0.95,0.95,0.95,0.834,0.6,0.834,0.95
731,,0.9,0.9,0.9,0.9,0.784,0.55,0.784,0.9
732,,0.85,0.85,0.85,0.85,0.734,0.5,0.734,0.85
733,,0.8,0.8,0.8,0.8,0.684,0.45,0.684,0.8
734,,0.75,0.75,0.75,0.75,0.634,0.4,0.634,0.75
735,,0.7,0.7,0.7,0.7,0.584,0.35,0.584,0.7
736,,0.65,0.65,0.65,0.65,0.534,0.3,0.534,0.65
737,,0.6,0.6,0.6,0.6,0.484,0.25,0.484,0.6
738,,0.55,0.55,0.55,0.55,0.434,0.2,0.434,0.55
739,,0.5,0.5,0.5,0.5,0.384,0.15,0.384,0.5
740,,0.45,0.45,0.45,0.45,0.334,0.1,0.334,0.45
741,,0.4,0.4,0.4,0.4,0.284,0.05,0.284,0.4
742,,0.35,0.35,0.35,0.35,0.234,0.0,0.234,0.35
743,,0.3,0.3,0.3,0.3,0.184,-0.05,0.184,0.3
744,6,0.267,0.15,0.267,0.55,0.717,0.95,0.717,0.55
745,6,0.234,-0.0,0.234,0.8,1.0,1.0,1.0,0.8
746,,0.184,-0.05,0.184,0.75,0.95,0.95,0.95,0.75
747,2,0.717,0.95,0.717,1.0,0.917,0.8,0.917,1.0
748,2,1.0,1.0,1.0,1.0,0.884,0.65,0.884,1.0
749,,0.95,0.95,0.95,0.95,0.834,0.6,0.834,0.95
750,,0.9,0.9,0.9,0.9,0.784,0.55,0.784,0.9
751,,0.85,0.85,0.85,0.85,0.734,0.5,0.734,0.85
752,,0.8,0.8,0.8,0.8,0.684,0.45,0.684,0.8
753,,0.75,0.75,0.75,0.75,0.634,0.4,0.634,0.75
754,,0.7,0.7,0.7,0.7,0.584,0.35,0.584,0.7
755,,0.65,0.65,0.65,0.65,0.534,0.3,0.534,0.65
756,,0.6,0.6,0.6,0.6,0.484,0.25,0.484,0.6
757,,0.55,0.55,0.55,0.55,0.434,0.2,0.434,0.55
758,,0.5,0.5,0.5,0.5,0.384,0.15,0.384,0.5
759,,0.45,0.45,0.45,0.45,0.334,0.1,0.334,0.45
760,,0.4,0.4,0.4,0.4,0.284,0.05,0.284,0.4
761,,0.35,0.35,0.35,0.35,0.234,0.0,0.234,0.35
762,,0.3,0.3,0.3,0.3,0.184,-0.05,0.184,0.3
763,6,0.267,0.15,0.267,0.55,0.717,0.95,0.717,0.55
764,6,0.234,-0.0,0.234,0.8,1.0,1.0,1.0,0.8
765,,0.184,-0.05,0.184,0.75,0.95,0.95,0.95,0.75
766,2,0.717,0.95,0.717,1.0,0.917,0.8,0.917,1.0
767,2,1.0,1.0,1.0,1.0,0.884,0.65,0.884,1.0
768,,0.95,0.95,0.95,0.95,0.834,0.6,0.834,0.95
769,,0.9,0.9,0.9,0.9,0.784,0.55,0.784,0.9
770,,0.85,0.85,0.85,0.85,0.734,0.5,0.734,0.85
771,,0.8,0.8,0.8,0.8,0.684,0.45,0.684,0.8
772,,0.75,0.75,0.75,0.75,0.634,0.4,0.634,0.75
773,,0.7,0.7,0.7,0.7,0.584,0.35,0.584,0.7
774,,0.65,0.65,0.65,0.65,0.534,0.3,0.534,0.65
775,,0.6,0.6,0.6,0.6,0.484,0.25,0.484,0.6
776,,0.55,0.55,0.55,0.55,0.434,0.2,0.434,0.55
777,,0.5,0.5,0.5,0.5,0.384,0.15,0.384,0.5
778,,0.45,0.45,0.45,0.45,0.334,0.1,0.334,0.45
779,,0.4,0.4,0.4,0.4,0.284,0.05,0.284,0.4
780,,0.35,0.35,0.35,0.35,0.234,0.0,0.234,0.35
781,,0.3,0.3,0.3,0.3,0.184,-0.05,0.184,0.3
782,6,0.267,0.15,0.267,0.55,0.717,0.95,0.717,0.55
783,6,0.234,-0.0,0.234,0.8,1.0,1.0,1.0,0.8
784,,0.184,-0.05,0.184,0.75,0.95,0.95,0.95,0.75
785,2,0.717,0.95,0.717,1.0,0.917,0.8,0.917,1.0
786,2,1.0,1.0,1.0,1.0,0.884,0.65,0.884,1.0
787,,0.95,0.95,0.95,0.95,0.834,0.6,0.834,0.95
788,,0.9,0.9,0.9,0.9,0.784,0.55,0.784,0.9
789,,0.85,0.85,0.85,0.85,0.734,0.5,0.734,0.85
790,,0.8,0.8,0.8,0.8,0.684,0.45,0.684,0.8
791,,0.75,0.75,0.75,0.75,0.634,0.4,0.634,0.75
792,,0.7,0.7,0.7,0.7,0.584,0.35,0.584,0.7
793,,0.65,0.65,0.65,0.65,0.534,0.3,0.534,0.65
794,,0.6,0.6,0.6,0.6,0.484,0.25,0.484,0.6
795,,0.55,0.55,0.55,0.55,0.434,0.2,0.434,0.55
796,,0.5,0.5,0.5,0.5,0.384,0.15,0.384,0.5
797,,0.45,0.45,0.45,0.45,0.334,0.1,0.334,0.45
798,,0.4,0.4,0.4,0.4,0.284,0.05,0.284,0.4
799,,0.35,0.35,0.35,0.35,0.234,0.0,0.234,0.35
800,,0.3,0.3,0.3,0.3,0.184,-0.05,0.184,0.3
801,6,0.267,0.15,0.267,0.55,0.717,0.95,0.717,0.55
802,6,0.234,-0.0,0.234,0.8,1.0,1.0,1.0,0.8
803,,0.184,-0.05,0.184,0.75,0.95,0.95,0.95,0.75
804,2,0.717,0.95,0.717,1.0,0.917,0.8,0.917,1.0
805,2,1.0,1.0,1.0,1.0,0.884,0.65,0.884,1.0
806,,0.95,0.95,0.95,0.95,0.834,0.6,0.834,0.95
807,,0.9,0.9,0.9,0.9,0.784,0.55,0.784,0.9
808,,0.85,0.85,0.85,0.85,0.734,0.5,0.734,0.85
809,,0.8,0.8,0.8,0.8,0.684,0.45,0.684,0.8
810,,0.75,0.75,0.75,0.75,0.634,0.4,0.634,0.75
811,,0.7,0.7,0.7,0.7,0.584,0.35,0.584,0.7
812,,0.65,0.65,0.65,0.65,0.534,0.3,0.534,0.65
813,,0.6,0.6,0.6,0.6,0.484,0.25,0.484,0.6
814,,0.55,0.55,0.55,0.55,0.434,0.2,0.434,0.55
815,,0.5,0.5,0.5,0.5,0.384,0.15,0.384,0.5
816,,0.45,0.45,0.45,0.45,0.334,0.1,0.334,0.45
817,,0.4,0.4,0.4,0.4,0.284,0.05,0.284,0.4
818,,0.35,0.35,0.35,0.35,0.234,0.0,0.234,0.35
819,,0.3,0.3,0.3,0.3,0.184,-0.05,0.184,0.3
820,6,0.267,0.15,0.267,0.55,0.717,0.95,0.717,0.55
821,6,0.234,-0.0,0.234,0.8,1.0,1.0,1.0,0.8
822,,0.184,-0.05,0.184,0.75,0.95,0.95,0.95,0.75
823,2,0.717,0.95,0.717,1.0,0.917,0.8,0.917,1.0
824,2,1.0,1.0,1.0,1.0,0.884,0.65,0.884,1.0
825,,0.95,0.95,0.95,0.95,0.834,0.6,0.834,0.95
826,,0.9,0.9,0.9,0.9,0.784,0.55,0.784,0.9
827,,0.85,0.85,0.85,0.85,0.734,0.5,0.734,0.85
828,,0.8,0.8,0.8,0.8,0.684,0.45,0.684,0.8
829,,0.75,0.75,0.75,0.75,0.634,0.4,0.634,0.75
830,,0.7,0.7,0.7,0.7,0.584,0.35,0.584,0.7
831,,0.65,0.65,0.65,0.65,0.534,0.3,0.534,0.65
832,,0.6,0.6,0.6,0.6,0.484,0.25,0.484,0.6
833,,0.55,0.55,0.55,0.55,0.434,0.2,0.434,0.55
834,,0.5,0.5,0.5,0.5,0.384,0.15,0.384,0.5
835,,0.45,0.45,0.45,0.45,0.334,0.1,0.334,0.45
836,,0.4,0.4,0.4,0.4,0.284,0.05,0.284,0.4
837,,0.35,0.35,0.35,0.35,0.234,0.0,0.234,0.35
838,,0.3,0.3,0.3,0.3,0.184,-0.05,0.184,0.3
839,6,0.267,0.15,0.267,0.55,0.717,0.95,0.717,0.55
840,6,0.234,-0.0,0.234,0.8,1.0,1.0,1.0,0.8
841,,0.184,-0.05,0.184,0.75,0.95,0.95,0.95,0.75
842,2,0.717,0.95,0.717,1.0,0.917,0.8,0.917,1.0
843,2,1.0,1.0,1.0,1.0,0.884,0.65,0.884,1.0
844,,0.95,0.95,0.95,0.95,0.834,0.6,0.834,0.95
845,,0.9,0.9,0.9,0.9,0.784,0.55,0.784,0.9
846,,0.85,0.85,0.85,0.85,0.734,0.5,0.734,0.85
847,,0.8,0.8,0.8,0.8,0.684,0.45,0.684,0.8
848,,0.75,0.75,0.75,0.75,0.634,0.4,0.634,0.75
849,,0.7,0.7,0.7,0.7,0.584,0.35,0.584,0.7
850,,0.65,0.65,0.65,0.65,0.534,0.3,0.534,0.65
851,,0.6,0.6,0.6,0.6,0.484,0.25,0.484,0.6
852,,0.55,0.55,0.55,0.55,0.434,0.2,0.434,0.55
853,,0.5,0.5,0.5,0.5,0.384,0.15,0.384,0.5
854,,0.45,0.45,0.45,0.45,0.334,0.1,0.334,0.45
855,,0.4,0.4,0.4,0.4,0.284,0.05,0.284,0.4
856,,0.35,0.35,0.35,0.35,0.234,0.0,0.234,0.35
857,,0.3,0.3,0.3,0.3,0.184,-0.05,0.184,0.3
858,6,0.267,0.15,0.267,0.55,0.717,0.95,0.717,0.55
859,6,0.234,-0.0,0.234,0.8,1.0,1.0,1.0,0.8
860,,0.184,-0.05,0.184,0.75,0.95,0.95,0.95,0.75
861,2,0.717,0.95,0.717,1.0,0.917,0.8,0.917,1.0
862,2,1.0,1.0,1.0,1.0,0.884,0.65,0.884,1.0
863,,0.95,0.95,0.95,0.95,0.834,0.6,0.834,0.95
864,,0.9,0.9,0.9,0.9,0.784,0.55,0.784,0.9
865,,0.85,0.85,0.85,0.85,0.734,0.5,0.734,0.85
866,,0.8,0.8,0.8,0.8,0.684,0.45,0.684,0.8
867,,0.75,0.75,0.75,0.75,0.634,0.4,0.634,0.75
868,,0.7,0.7,0.7,0.7,0.584,0.35,0.584,0.7
869,,0.65,0.65,0.65,0.65,0.534,0.3,0.534,0.65
870,,0.6,0.6,0.6,0.6,0.484,0.25,0.484,0.6
871,,0.55,0.55,0.55,0.55,0.434,0.2,0.434,0.55
872,,0.5,0.5,0.5,0.5,0.384,0.15,0.384,0.5
873,,0.45,0.45,0.45,0.45,0.334,0.1,0.334,0.45
874,,0.4,0.4,0.4,0.4,0.284,0.05,0.284,0.4
875,,0.35,0.35,0.35,0.35,0.234,0.0,0.234,0.35
876,,0.3,0.3,0.3,0.3,0.184,-0.05,0.184,0.3
877,6,0.267,0.15,0.267,0.55,0.717,0.95,0.717,0.55
878,6,0.234,-0.0,0.234,0.8,1.0,1.0,1.0,0.8
879,,0.184,-0.05,0.184,0.75,0.95,0.95,0.95,0.75
880,2,0.717,0.95,0.717,1.0,0.917,0.8,0.917,1.0
881,2,1.0,1.0,1.0,1.0,0.884,0.65,0.884,1.0
882,,0.95,0.95,0.95,0.95,0.834,0.6,0.834,0.95
883,,0.9,0.9,0.9,0.9,0.784,0.55,0.784,0.9
884,,0.85,0.85,0.85,0.85,0.734,0.5,0.734,0.85
885,,0.8,0.8,0.8,0.8,0.684,0.45,0.684,0.8
886,,0.75,0.75,0.75,0.75,0.634,0.4,0.634,0.75
887,,0.7,0.7,0.7,0.7,0.584,0.35,0.584,0.7
888,,0.65,0.65,0.65,0.65,0.534,0.3,0.534,0.65
889,,0.6,0.6,0.6,0.6,0.484,0.25,0.484,0.6
890,,0.55,0.55,0.55,0.55,0.434,0.2,0.434,0.55
891,,0.5,0.5,0.5,0.5,0.384,0.15,0.384,0.5
892,,0.45,0.45,0.45,0.45,0.334,0.1,0.334,0.45
893,,0.4,0.4,0.4,0.4,0.284,0.05,0.284,0.4
894,,0.35,0.35,0.35,0.35,0.234,0.0,0.234,0.35
895,,0.3,0.3,0.3,0.3,0.184,-0.05,0.184,0.3
896,6,0.267,0.15,0.267,0.55,0.717,0.95,0.717,0.55
897,6,0.234,-0.0,0.234,0.8,1.0,1.0,1.0,0.8
898,,0.184,-0.05,0.184,0.75,0.95,0.95,0.95,0.75
899,2,0.717,0.95,0.717,1.0,0.917,0.8,0.917,1.0
900,2,1.0,1.0,1.0,1.0,0.884,0.65,0.884,1.0
901,,0.95,0.95,0.95,0.95,0.834,0.6,0.834,0.95
902,,0.9,0.9,0.9,0.9,0.784,0.55,0.784,0.9
903,,0.85,0.85,0.85,0.85,0.734,0.5,0.734,0.85
904,,0.8,0.8,0.8,0.8,0.684,0.45,0.684,0.8
905,,0.75,0.75,0.75,0.75,0.634,0.4,0.634,0.75
906,,0.7,0.7,0.7,0.7,0.584,0.35,0.584,0.7
907,,0.65,0.65,0.65,0.65,0.534,0.3,0.534,0.65
908,,0.6,0.6,0.6,0.6,0.484,0.25,0.484,0.6
909,,0.55,0.55,0.55,0.55,0.434,0.2,0.434,0.55
910,,0.5,0.5,0.5,0.5,0.384,0.15,0.384,0.5
911,,0.45,0.45,0.45,0.45,0.334,0.1,0.334,0.45
912,,0.4,0.4,0.4,0.4,0.284,0.05,0.284,0.4
913,,0.35,0.35,0.35,0.35,0.234,0.0,0.234,0.35
914,,0.3,0.3,0.3,0.3,0.184,-0.05,0.184,0.3
915,6,0.267,0.15,0.267,0.55,0.717,0.95,0.717,0.55
916,6,0.234,-0.0,0.234,0.8,1.0,1.0,1.0,0.8
917,,0.184,-0.05,0.184,0.75,0.95,0.95,0.95,0.75
918,2,0.717,0.95,0.717,1.0,0.917,0.8,0.917,1.0
919,2,1.0,1.0,1.0,1.0,0.884,0.65,0.884,1.0
920,,0.95,0.95,0.95,0.95,0.834,0.6,0.834,0.95
921,,0.9,0.9,0.9,0.9,0.784,0.55,0.784,0.9
922,,0.85,0.85,0.85,0.85,0.734,0.5,0.734,0.85
923,,0.8,0.8,0.8,0.8,0.684,0.45,0.684,0.8
924,,0.75,0.75,0.75,0.75,0.634,0.4,0.634,0.75
925,,0.7,0.7,0.7,0.7,0.584,0.35,0.584,0.7
926,,0.65,0.65,0.65,0.65,0.534,0.3,0.534,0.65
927,,0.6,0.6,0.6,0.6,0.484,0.25,0.484,0.6
928,,0.55,0.55,0.55,0.55,0.434,0.2,0.434,0.55
929,,0.5,0.5,0.5,0.5,0.384,0.15,0.384,0.5
930,,0.45,0.45,0.45,0.45,0.334,0.1,0.334,0.45
931,,0.4,0.4,0.4,0.4,0.284,0.05,0.284,0.4
932,,0.35,0.35,0.35,0.35,0.234,0.0,0.234,0.35
933,,0.3,0.3,0.3,0.3,0.184,-0.05,0.184,0.3
934,6,0.267,0.15,0.267,0.55,0.717,0.95,0.717,0.55
935,6,0.234,-0.0,0.234,0.8,1.0,1.0,1.0,0.8
936,,0.184,-0.05,0.184,0.75,0.95,0.95,0.95,0.75
937,2,0.717,0.95,0.717,1.0,0.917,0.8,0.917,1.0
938,2,1.0,1.0,1.0,1.0,0.884,0.65,0.884,1.0
939,,0.95,0.95,0.95,0.95,0.834,0.6,0.834,0.95
940,,0.9,0.9,0.9,0.9,0.784,0.55,0.784,0.9
941,,0.85,0.85,0.85,0.85,0.734,0.5,0.734,0.85
942,,0.8,0.8,0.8,0.8,0.684,0.45,0.684,0.8
943,,0.75,0.75,0.75,0.75,0.634,0.4,0.634,0.75
944,,0.7,0.7,0.7,0.7,0.584,0.35,0.584,0.7
945,,0.65,0.65,0.65,0.65,0.534,0.3,0.534,0.65
946,,0.6,0.6,0.6,0.6,0.484,0.25,0.484,0.6
947,,0.55,0.55,0.55,0.55,0.434,0.2,0.434,0.55
948,,0.5,0.5,0.5,0.5,0.384,0.15,0.384,0.5
949,,0.45,0.45,0.45,0.45,0.334,0.1,0.334,0.45
950,,0.4,0.4,0.4,0.4,0.284,0.05,0.284,0.4
951,,0.35,0.35,0.35,0.35,0.234,0.0,0.234,0.35
952,,0.3,0.3,0.3,0.3,0.184,-0.05,0.184,0.3
953,6,0.267,0.15,0.267,0.55,0.717,0.95,0.717,0.55
954,6,0.234,-0.0,0.234,0.8,1.0,1.0,1.0,0.8
955,,0.184,-0.05,0.184,0.75,0.95,0.95,0.95,0.75
956,2,0.717,0.95,0.717,1.0,0.917,0.8,0.917,1.0
957,2,1.0,1.0,1.0,1.0,0.884,0.65,0.884,1.0
958,,0.95,0.95,0.95,0.95,0.834,0.6,0.834,0.95
959,,0.9,0.9,0.9,0.9,0.784,0.55,0.784,0.9
960,,0.85,0.85,0.85,0.85,0.734,0.5,0.734,0.85
961,,0.8,0.8,0.8,0.8,0.684,0.45,0.684,0.8
962,,0.75,0.75,0.75,0.75,0.634,0.4,0.634,0.75
963,,0.7,0.7,0.7,0.7,0.584,0.35,0.584,0.7
964,,0.65,0.65,0.65,0.65,0.534,0.3,0.534,0.65
965,,0.6,0.6,0.6,0.6,0.484,0.25,0.484,0.6
966,,0.55,0.55,0.55,0.55,0.434,0.2,0.434,0.55
967,,0.5,0.5,0.5,0.5,0.384,0.15,0.384,0.5
968,,0.45,0.45,0.45,0.45,0.334,0.1,0.334,0.45
969,,0.4,0.4,0.4,0.4,0.284,0.05,0.284,0.4
970,,0.35,0.35,0.35,0.35,0.234,0.0,0.234,0.35
971,,0.3,0.3,0.3,0.3,0.184,-0.05,0.184,0.3
972,6,0.267,0.15,0.267,0.55,0.717,0.95,0.717,0.55
973,6,0.234,-0.0,0.234,0.8,1.0,1.0,1.0,0.8
974,,0.184,-0.05,0.184,0.75,0.95,0.95,0.95,0.75
975,2,0.717,0.95,0.717,1.0,0.917,0.8,0.917,1.0
976,2,1.0,1.0,1.0,1.0,0.884,0.65,0.884,1.0
977,,0.95,0.95,0.95,0.95,0.834,0.6,0.834,0.95
978,,0.9,0.9,0.9,0.9,0.784,0.55,0.784,0.9
979,,0.85,0.85,0.85,0.85,0.734,0.5,0.734,0.85
980,,0.8,0.8,0.8,0.8,0.684,0.45,0.684,0.8
981,,0.75,0.75,0.75,0.75,0.634,0.4,0.634,0.75
982,,0.7,0.7,0.7,0.7,0.584,0.35,0.584,0.7
983,,0.65,0.65,0.65,0.65,0.534,0.3,0.534,0.65
984,,0.6,0.6,0.6,0.6,0.484,0.25,0.484,0.6
985,,0.55,0.55,0.55,0.55,0.434,0.2,0.434,0.55
986,,0.5,0.5,0.5,0.5,0.384,0.15,0.384,0.5
987,,0.45,0.45,0.45,0.45,0.334,0.1,0.334,0.45
988,,0.4,0.4,0.4,0.4,0.284,0.05,0.284,0.4
989,,0.35,0.35,0.35,0.35,0.234,0.0,0.234,0.35
990,,0.3,0.3,0.3,0.3,0.184,-0.05,0.184,0.3
991,6,0.267,0.15,0.267,0.55,0.717,0.95,0.717,0.55
992,6,0.234,-0.0,0.234,0.8,1.0,1.0,1.0,0.8
993,,0.184,-0.05,0.184,0.75,0.95,0.95,0.95,0.75
994,2,0.717,0.95,0.717,1.0,0.917,0.8,0.917,1.0
995,2,1.0,1.0,1.0,1.0,0.884,0.65,0.884,1.0
996,,0.95,0.95,0.95,0.95,0.834,0.6,0.834,0.95
997,,0.9,0.9,0.9,0.9,0.784,0.55,0.784,0.9
998,,0.85,0.85,0.85,0.85,0.734,0.5,0.734,0.85
999,,0.8,0.8,0.8,0.8,0.684,0.45,0.684,0.8
